Dm_00007420-RA	AT3G11960.4	N/A	58.393	834	302	12	28	848	195	996	0.0	940
Dm_00007419-RA	AT3G11960.4	N/A	65.333	75	26	0	22	96	33	107	2.06e-28	108
Dm_00007788-RA	AT1G25530.1	N/A	72.500	360	88	1	580	928	26	385	5.54e-178	523
Dm_00007092-RA	AT1G63850.1	N/A	26.018	442	253	17	58	477	135	524	8.83e-22	99.0
Dm_00007089-RA	AT4G34450.1	N/A	79.299	884	170	3	3	875	5	886	0.0	1461
Dm_00007079-RA	AT1G15240.2	N/A	48.360	1189	423	23	5	1174	2	1018	0.0	985
Dm_00006960-RA	AT5G42520.2	N/A	60.000	345	111	10	1	326	1	337	1.57e-125	365
Dm_00006959-RA	AT4G16310.1	N/A	53.803	1433	552	26	509	1924	271	1610	0.0	1412
Dm_00007012-RA	AT5G13480.1	N/A	69.329	626	135	13	171	793	45	616	0.0	771
Dm_00006516-RA	AT1G03560.1	N/A	65.738	610	207	2	44	652	46	654	0.0	863
Dm_00006334-RA	AT2G44710.4	N/A	52.921	291	133	2	382	672	106	392	9.10e-99	325
Dm_00006339-RA	AT2G21220.1	N/A	62.136	103	36	1	1	100	1	103	1.57e-43	137
Dm_00007904-RA	AT2G43250.1	N/A	53.067	652	268	15	22	667	5	624	0.0	606
Dm_00006817-RA	AT3G24880.3	N/A	44.729	1290	594	40	26	1261	673	1897	0.0	849
Dm_00006818-RA	AT3G24880.3	N/A	59.821	112	43	1	539	648	537	648	7.88e-36	146
Dm_00006970-RA	AT3G11910.2	N/A	72.502	1171	205	6	1	1124	1	1101	0.0	1726
Dm_00009249-RA	AT1G71220.2	N/A	51.045	574	225	10	1	545	421	967	1.41e-173	532
Dm_00009247-RA	AT1G71220.3	N/A	76.596	94	22	0	1	94	1089	1182	4.25e-46	158
Dm_00009250-RA	AT1G71220.3	N/A	80.292	137	27	0	252	388	340	476	6.49e-58	207
Dm_00009246-RA	AT1G71220.2	N/A	56.818	176	61	5	1	164	1159	1331	6.95e-51	179
Dm_00013473-RA	AT1G29670.1	N/A	43.796	411	166	6	12	415	10	362	1.20e-117	351
Dm_00016273-RA	AT2G25800.1	N/A	59.349	952	368	10	14	949	39	987	0.0	1141
Dm_00017090-RA	AT4G33080.1	N/A	84.946	372	54	2	70	439	108	479	0.0	665
Dm_00007396-RA	AT1G30010.1	N/A	67.090	708	201	7	4	700	12	698	0.0	968
Dm_00007391-RA	AT5G22780.1	N/A	76.371	1058	200	8	5	1057	1	1013	0.0	1638
Dm_00006057-RA	AT1G02080.3	N/A	52.447	797	254	16	258	1046	852	1531	0.0	733
Dm_00006060-RA	AT1G02080.2	N/A	34.139	331	176	3	43	372	32	321	4.68e-50	181
Dm_00006059-RA	AT1G02080.1	N/A	58.065	155	65	0	40	194	367	521	1.11e-59	202
Dm_00006149-RA	AT5G18950.1	N/A	38.990	495	266	9	8	502	7	465	5.27e-113	347
Dm_00007274-RA	AT5G37830.1	N/A	82.859	1266	212	2	1	1263	1	1264	0.0	2174
Dm_00007269-RA	AT4G15180.1	N/A	52.341	2264	897	36	244	2463	209	2334	0.0	2145
Dm_00007571-RA	AT3G03570.1	N/A	64.907	322	90	8	25	345	34	333	3.83e-140	412
Dm_00007606-RA	AT2G22010.2	N/A	57.106	774	320	4	1	773	1	763	0.0	891
Dm_00008377-RA	AT3G42170.2	N/A	30.233	301	187	2	1	280	150	448	1.88e-39	146
Dm_00007938-RA	AT4G36390.1	N/A	75.802	405	85	4	55	453	71	468	0.0	639
Dm_00008335-RA	AT2G48060.3	N/A	65.948	2041	644	19	7	2015	349	2370	0.0	2642
Dm_00009339-RA	AT3G54460.1	N/A	53.759	1317	492	18	8	1253	5	1275	0.0	1326
Dm_00008486-RA	AT5G15270.3	N/A	39.554	493	236	13	10	486	18	464	4.96e-100	317
Dm_00008568-RA	AT2G22740.2	N/A	60.902	532	182	10	602	1118	270	790	0.0	635
Dm_00017525-RA	AT5G58620.1	N/A	48.413	756	222	26	10	758	13	607	0.0	580
Dm_00018408-RA	AT1G36160.1	N/A	77.783	2318	431	13	20	2320	3	2253	0.0	3714
Dm_00005822-RA	AT1G24040.2	N/A	51.768	311	132	5	18	310	5	315	5.64e-103	304
Dm_00006656-RA	AT5G10370.1	N/A	50.686	1823	757	25	33	1818	54	1771	0.0	1739
Dm_00006881-RA	AT3G15120.2	N/A	63.143	719	258	4	485	1198	570	1286	0.0	910
Dm_00006882-RA	AT3G15120.1	N/A	47.353	340	162	6	1	329	1272	1605	1.98e-79	277
Dm_00009935-RA	AT4G05120.2	N/A	69.704	406	118	3	2	405	12	414	0.0	587
Dm_00008681-RA	AT1G04140.1	N/A	49.623	796	312	17	1	718	5	789	0.0	660
Dm_00007716-RA	AT1G75660.1	N/A	74.194	620	123	4	1	618	1	585	0.0	886
Dm_00009588-RA	AT1G24706.2	N/A	79.104	134	28	0	52	185	234	367	2.72e-68	225
Dm_00009589-RA	AT1G24706.2	N/A	47.093	172	61	4	1	172	1	142	1.78e-38	140
Dm_00007527-RA	AT3G21295.3	N/A	34.383	413	193	11	6	368	65	449	1.24e-49	180
Dm_00007298-RA	AT2G25490.1	N/A	57.911	632	246	6	67	697	10	622	0.0	702
Dm_00009084-RA	AT5G40200.1	N/A	74.545	605	129	5	1	597	1	588	0.0	863
Dm_00007736-RA	AT1G04010.1	N/A	74.640	347	71	4	44	385	80	414	0.0	548
Dm_00005946-RA	AT2G15230.1	N/A	65.198	227	77	1	44	270	31	255	7.42e-113	331
Dm_00008597-RA	AT3G07160.1	N/A	72.222	288	66	3	5	283	221	503	1.02e-142	443
Dm_00008325-RA	AT3G43920.4	N/A	36.207	406	193	5	2	395	217	568	9.80e-62	216
Dm_00009357-RA	AT4G02720.1	N/A	72.222	180	40	3	415	586	237	414	4.13e-81	261
Dm_00015692-RA	AT3G49080.1	N/A	77.561	205	45	1	11	215	227	430	2.47e-112	328
Dm_00016056-RA	AT5G07900.1	N/A	28.383	303	214	3	69	370	101	401	1.14e-37	140
Dm_00016969-RA	AT1G53570.3	N/A	59.244	476	176	8	21	492	145	606	0.0	531
Dm_00016021-RA	AT1G79620.4	N/A	59.067	193	77	2	83	273	38	230	1.07e-72	235
Dm_00018490-RA	AT5G04460.2	N/A	59.174	823	278	16	1	794	1	794	0.0	786
Dm_00018441-RA	AT5G07980.2	N/A	41.081	370	159	10	1411	1770	1178	1498	1.41e-64	243
Dm_00015153-RA	AT1G43980.1	N/A	47.266	567	290	5	12	572	65	628	1.29e-180	524
Dm_00017323-RA	AT5G45890.1	N/A	48.083	339	164	6	16	344	10	346	1.41e-108	321
Dm_00018291-RA	AT2G15980.1	N/A	46.482	469	221	8	53	518	45	486	5.44e-135	400
Dm_00010658-RA	AT1G69360.1	N/A	30.000	1110	526	41	1	1073	1	896	3.93e-92	315
Dm_00008514-RA	AT1G61065.1	N/A	64.674	184	55	3	1	178	1	180	3.55e-69	208
Dm_00010895-RA	AT1G50620.1	N/A	36.636	434	218	10	53	481	38	419	2.95e-76	261
Dm_00015952-RA	AT4G22910.1	N/A	74.096	498	92	9	18	509	17	483	0.0	717
Dm_00014642-RA	AT2G32700.6	N/A	51.556	225	98	4	531	746	372	594	4.54e-61	220
Dm_00003914-RA	AT4G03430.2	N/A	74.976	1035	236	7	1	1019	1	1028	0.0	1563
Dm_00003319-RA	AT3G27700.1	N/A	46.368	647	304	22	1	625	1	626	2.06e-155	472
Dm_00003389-RA	AT5G42920.2	N/A	55.556	828	347	11	2	820	3	818	0.0	849
Dm_00003394-RA	AT1G48120.1	N/A	43.077	130	48	2	129	232	13	142	1.28e-24	107
Dm_00019064-RA	AT1G10720.1	N/A	43.457	405	165	14	64	456	56	408	2.84e-59	201
Dm_00019065-RA	AT1G10150.1	N/A	50.465	430	188	8	1	426	1	409	3.33e-141	410
Dm_00018936-RA	AT5G09360.1	N/A	47.764	559	240	8	9	528	12	557	0.0	532
Dm_00018944-RA	AT3G09670.1	N/A	34.825	514	263	14	133	605	197	679	6.09e-68	238
Dm_00019070-RA	AT5G08450.1	N/A	44.130	460	145	12	143	503	316	762	1.21e-86	286
Dm_00019027-RA	AT1G43760.1	N/A	28.636	220	132	4	41	256	172	370	3.46e-27	110
Dm_00012761-RA	AT3G29390.2	N/A	49.145	468	175	14	3	456	27	445	1.21e-126	376
Dm_00012964-RA	AT1G16870.1	N/A	69.756	410	113	3	18	416	70	479	0.0	574
Dm_00010875-RA	AT1G12770.2	N/A	61.133	512	163	8	47	534	48	547	0.0	619
Dm_00012334-RA	AT5G13390.1	N/A	66.696	1120	348	9	1	1113	1	1102	0.0	1455
Dm_00011791-RA	AT1G63850.1	N/A	58.932	543	193	6	130	651	10	543	0.0	628
Dm_00013499-RA	AT5G05970.2	N/A	74.062	320	78	2	3	322	12	326	1.78e-170	494
Dm_00002730-RA	AT5G42950.1	N/A	39.075	1103	513	36	83	1156	33	1005	1.55e-164	538
Dm_00002731-RA	AT1G75200.1	N/A	53.678	639	218	9	7	573	6	638	0.0	623
Dm_00002783-RA	AT3G04740.1	N/A	58.650	1555	498	29	1	1528	1	1437	0.0	1649
Dm_00002343-RA	AT3G16290.1	N/A	65.589	866	263	10	15	869	12	853	0.0	1083
Dm_00002356-RA	AT1G27750.1	N/A	38.082	709	353	10	42	746	42	668	4.37e-142	460
Dm_00002359-RA	AT2G15690.1	N/A	60.158	379	147	2	213	591	205	579	1.34e-173	504
Dm_00002995-RA	AT4G13820.1	N/A	41.525	118	59	2	12	123	8	121	2.77e-22	91.7
Dm_00019504-RA	AT5G04240.1	N/A	62.140	486	147	9	5	483	4	459	0.0	583
Dm_00019422-RA	AT5G04390.1	N/A	35.644	404	173	13	37	416	19	359	6.30e-56	189
Dm_00019360-RA	AT1G48110.1	N/A	43.348	669	320	13	85	735	11	638	1.85e-168	499
Dm_00013308-RA	AT1G21700.1	N/A	55.727	454	181	5	99	551	72	506	4.20e-167	494
Dm_00011016-RA	AT1G65540.3	N/A	71.045	670	182	6	98	761	56	719	0.0	888
Dm_00013363-RA	AT1G78210.1	N/A	51.869	214	97	4	1	210	1	212	5.99e-72	223
Dm_00012413-RA	AT5G41110.2	N/A	38.400	625	272	17	112	728	102	621	2.52e-106	337
Dm_00012417-RA	AT3G48820.1	N/A	75.122	410	98	3	12	421	35	440	0.0	664
Dm_00013030-RA	AT2G26570.1	N/A	61.992	713	215	6	186	898	148	804	0.0	787
Dm_00011906-RA	AT3G01680.1	N/A	42.292	733	367	16	67	779	33	729	0.0	590
Dm_00012117-RA	AT5G35980.1	N/A	59.155	781	282	6	89	862	55	805	0.0	910
Dm_00020775-RA	AT1G70370.2	N/A	58.255	321	126	3	23	335	17	337	2.30e-121	363
Dm_00008024-RA	AT1G62360.1	N/A	72.015	268	66	4	81	345	121	382	4.75e-124	362
Dm_00008868-RA	AT4G02250.1	N/A	39.098	133	79	2	75	206	23	154	5.62e-25	96.3
Dm_00009215-RA	AT3G03380.1	N/A	70.903	842	233	7	14	855	267	1096	0.0	1228
Dm_00009188-RA	AT3G45630.1	N/A	64.872	390	116	4	1	388	1	371	7.95e-159	496
Dm_00009187-RA	AT2G28520.1	N/A	74.450	818	179	3	2	792	3	817	0.0	1246
Dm_00010071-RA	AT4G12770.1	N/A	46.830	978	381	31	1	938	1	879	0.0	547
Dm_00010063-RA	AT3G16857.2	N/A	44.054	740	284	25	25	709	26	690	3.47e-168	499
Dm_00008764-RA	AT5G22760.2	N/A	44.038	629	263	9	18	638	19	566	4.08e-160	501
Dm_00008763-RA	AT5G22760.3	N/A	43.467	796	398	18	1	776	527	1290	0.0	627
Dm_00003203-RA	AT2G01460.3	N/A	70.438	981	186	10	1	929	1	929	0.0	1301
Dm_00002976-RA	AT5G60870.4	N/A	68.421	361	105	4	32	388	30	385	8.56e-163	463
Dm_00002985-RA	AT2G31660.1	N/A	70.588	1037	275	8	1	1009	1	1035	0.0	1452
Dm_00002192-RA	AT5G19400.1	N/A	46.789	654	312	7	32	652	6	656	0.0	606
Dm_00002206-RA	AT1G18485.1	N/A	34.767	837	503	16	25	845	45	854	1.89e-153	475
Dm_00002196-RA	AT3G15140.1	N/A	28.922	204	122	5	194	384	124	317	8.63e-21	94.0
Dm_00016816-RA	AT5G17790.1	N/A	46.122	245	120	5	12	255	193	426	4.16e-59	211
Dm_00017284-RA	AT5G05340.1	N/A	57.860	299	113	2	27	322	26	314	4.67e-121	351
Dm_00017913-RA	AT4G39690.1	N/A	41.912	136	52	2	315	450	274	382	1.23e-21	98.2
Dm_00017910-RA	AT1G58340.1	N/A	72.016	511	135	3	13	515	17	527	0.0	708
Dm_00009902-RA	AT1G68890.1	N/A	48.171	1777	767	26	89	1834	42	1695	0.0	1581
Dm_00010038-RA	AT1G60490.1	N/A	81.595	815	147	3	1	813	1	814	0.0	1380
Dm_00010698-RA	AT5G46400.3	N/A	47.215	377	146	4	39	410	12	340	3.45e-98	331
Dm_00011431-RA	AT3G05680.1	N/A	59.400	500	183	5	49	529	682	1180	5.92e-176	580
Dm_00016431-RA	AT2G39580.2	N/A	33.781	1637	830	50	334	1916	155	1591	0.0	692
Dm_00015736-RA	AT3G06860.1	N/A	71.329	143	41	0	1	143	1	143	1.10e-57	191
Dm_00012917-RA	AT1G16610.7	N/A	57.927	164	50	6	12	168	120	271	5.35e-36	134
Dm_00015639-RA	AT3G22760.2	N/A	44.922	256	99	5	11	256	80	303	4.32e-57	194
Dm_00016385-RA	AT5G44790.1	N/A	71.823	1015	260	9	1	1003	1	1001	0.0	1449
Dm_00016282-RA	AT3G51320.1	N/A	47.573	515	239	6	71	585	28	511	2.27e-171	500
Dm_00002120-RA	AT5G27410.4	N/A	76.500	200	46	1	43	242	70	268	1.25e-105	315
Dm_00003030-RA	AT4G24190.1	N/A	82.750	800	119	4	20	819	20	800	0.0	1269
Dm_00003040-RA	AT1G19850.1	N/A	59.335	932	264	26	109	997	32	891	0.0	981
Dm_00002754-RA	AT3G50410.1	N/A	45.421	273	105	9	21	281	13	253	5.02e-48	160
Dm_00001955-RA	AT3G60240.2	N/A	62.879	264	81	5	72	334	973	1220	2.24e-86	284
Dm_00002813-RA	AT1G15130.1	N/A	69.419	860	241	5	15	873	8	846	0.0	1152
Dm_00002831-RA	AT1G15100.1	N/A	48.851	174	67	3	1	173	1	153	1.44e-47	152
Dm_00002836-RA	AT1G49540.1	N/A	64.755	837	281	9	4	833	5	834	0.0	1095
Dm_00002723-RA	AT5G42620.1	N/A	51.531	196	84	4	33	220	4	196	3.71e-53	183
Dm_00018152-RA	AT3G22590.1	N/A	60.373	429	149	6	1	422	1	415	8.59e-176	508
Dm_00014718-RA	AT4G10710.2	N/A	70.009	1067	299	8	1	1060	1	1053	0.0	1504
Dm_00018142-RA	AT1G21640.1	N/A	58.871	868	315	7	50	910	53	885	0.0	992
Dm_00018153-RA	AT5G61910.1	N/A	56.934	137	57	2	50	186	60	194	5.65e-46	164
Dm_00005218-RA	AT3G14270.2	N/A	40.649	524	223	17	1	503	1	457	5.94e-93	310
Dm_00005926-RA	AT1G33470.2	N/A	44.027	293	95	10	19	306	3	231	1.35e-67	212
Dm_00005361-RA	AT1G53390.1	N/A	59.659	1056	376	11	4	1041	86	1109	0.0	1258
Dm_00005962-RA	AT1G69910.1	N/A	57.120	625	231	14	37	641	20	627	0.0	639
Dm_00005966-RA	AT2G38280.1	N/A	70.016	637	143	3	145	762	230	837	0.0	937
Dm_00014706-RA	AT1G79870.1	N/A	68.889	315	96	1	1	315	1	313	2.46e-152	430
Dm_00012717-RA	AT4G23980.1	N/A	60.383	626	193	13	24	610	6	615	0.0	693
Dm_00006379-RA	AT3G11130.1	N/A	89.747	1658	129	3	1	1618	1	1657	0.0	3088
Dm_00006382-RA	AT2G27110.1	N/A	59.795	878	304	12	8	868	6	851	0.0	1053
Dm_00006618-RA	AT4G37460.1	N/A	58.857	1067	377	12	2	1024	4	1052	0.0	1219
Dm_00006410-RA	AT1G71010.1	N/A	47.138	1782	691	37	1	1701	1	1612	0.0	1412
Dm_00005855-RA	AT3G46980.4	N/A	69.181	464	117	4	83	542	137	578	0.0	639
Dm_00006332-RA	AT1G06070.1	N/A	68.027	294	80	4	52	342	50	332	4.18e-133	389
Dm_00006428-RA	AT5G65770.3	N/A	43.066	959	502	12	2	944	3	933	0.0	631
Dm_00006427-RA	AT3G49680.1	N/A	54.455	101	42	3	38	134	29	129	4.17e-25	99.0
Dm_00016130-RA	AT2G17250.1	N/A	52.586	580	189	8	1	506	1	568	0.0	572
Dm_00019334-RA	AT4G29090.1	N/A	28.502	207	134	3	2	196	120	324	2.33e-22	95.5
Dm_00016986-RA	AT4G14920.3	N/A	41.040	731	349	22	8	685	15	716	9.06e-138	434
Dm_00016985-RA	AT1G05380.3	N/A	53.804	184	49	1	120	303	725	872	1.31e-55	208
Dm_00017184-RA	AT2G24430.2	N/A	52.890	346	97	12	6	324	10	316	8.29e-109	320
Dm_00019221-RA	AT1G29400.2	N/A	59.456	809	284	23	18	816	1	775	0.0	833
Dm_00019003-RA	AT4G11110.1	N/A	37.927	849	439	19	1	812	2	799	8.92e-145	453
Dm_00019217-RA	AT3G16857.2	N/A	47.783	699	283	25	25	676	26	689	0.0	540
Dm_00014012-RA	AT5G11980.1	N/A	70.863	556	114	3	1	508	3	558	0.0	767
Dm_00014379-RA	AT5G38710.1	N/A	56.674	457	184	4	27	481	31	475	0.0	532
Dm_00014911-RA	AT1G29900.1	N/A	78.987	533	93	3	523	1044	659	1183	0.0	865
Dm_00014910-RA	AT5G27470.1	N/A	64.589	353	61	5	325	677	162	450	1.11e-156	460
Dm_00013539-RA	AT3G63400.2	N/A	58.850	226	67	2	1	225	25	225	9.41e-80	259
Dm_00014505-RA	AT1G68890.2	N/A	53.616	1037	468	7	1	1032	323	1351	0.0	1119
Dm_00014506-RA	AT3G30530.1	N/A	39.205	176	80	5	17	189	2	153	4.94e-28	105
Dm_00015086-RA	AT1G32490.1	N/A	74.517	1036	222	8	38	1038	4	1032	0.0	1598
Dm_00002943-RA	AT2G27210.1	N/A	91.995	862	67	2	3	864	147	1006	0.0	1563
Dm_00002945-RA	AT5G22090.1	N/A	39.726	292	128	12	40	301	19	292	3.52e-37	144
Dm_00002928-RA	AT3G56150.1	N/A	67.625	939	258	11	1	933	1	899	0.0	1179
Dm_00002627-RA	AT1G80550.1	N/A	56.354	181	66	1	159	326	255	435	1.57e-66	217
Dm_00002638-RA	AT4G37300.1	N/A	48.305	118	52	3	7	124	1	109	3.70e-27	101
Dm_00003049-RA	AT1G76660.1	N/A	48.654	483	179	14	1	476	1	421	2.05e-128	380
Dm_00003072-RA	AT5G62090.1	N/A	54.656	494	158	11	299	779	286	726	7.72e-162	493
Dm_00006200-RA	AT1G64190.1	N/A	84.394	487	76	0	55	541	1	487	0.0	870
Dm_00006888-RA	AT4G15560.1	N/A	83.008	665	84	1	50	685	52	716	0.0	1140
Dm_00005949-RA	AT2G16400.1	N/A	64.338	272	73	5	254	523	109	358	2.03e-114	353
Dm_00007211-RA	AT3G22980.1	N/A	71.759	432	116	5	131	559	86	514	0.0	638
Dm_00007050-RA	AT5G33406.1	N/A	58.683	167	65	1	41	203	86	252	6.41e-65	209
Dm_00007509-RA	AT5G12100.1	N/A	44.365	834	441	5	1	832	1	813	0.0	707
Dm_00008268-RA	AT1G48650.2	N/A	72.547	1111	273	10	103	1190	89	1190	0.0	1626
Dm_00007464-RA	AT4G20090.2	N/A	58.675	634	255	3	23	652	28	658	0.0	742
Dm_00012571-RA	AT5G50950.2	N/A	87.366	467	59	0	25	491	33	499	0.0	868
Dm_00009265-RA	AT1G61690.1	N/A	43.834	819	356	21	1	735	1	799	1.24e-170	528
Dm_00011805-RA	AT2G30100.1	N/A	56.950	518	202	6	1	512	1	503	0.0	536
Dm_00012186-RA	AT2G46700.1	N/A	64.572	573	151	10	1	544	1	550	0.0	685
Dm_00012064-RA	AT1G27430.1	N/A	34.274	1666	863	55	1	1609	1	1491	0.0	622
Dm_00009522-RA	AT3G63460.1	N/A	60.714	112	44	0	3	114	4	115	9.43e-38	134
Dm_00009523-RA	AT3G63460.2	N/A	68.201	239	73	1	7	245	102	337	5.91e-117	361
Dm_00009032-RA	AT1G79190.1	N/A	49.947	943	400	15	35	958	24	913	0.0	798
Dm_00020875-RA	AT5G52580.3	N/A	57.910	335	100	6	31	337	217	538	6.79e-125	373
Dm_00009944-RA	AT5G13230.1	N/A	55.527	769	336	3	61	828	45	808	0.0	888
Dm_00008943-RA	AT2G35920.3	N/A	69.324	577	161	4	61	622	71	646	0.0	825
Dm_00008186-RA	AT1G64570.1	N/A	48.708	271	121	5	486	749	377	636	3.62e-64	233
Dm_00008613-RA	AT1G58250.1	N/A	65.797	2301	733	22	37	2323	312	2572	0.0	3001
Dm_00008614-RA	AT1G58250.1	N/A	51.327	339	132	5	1	334	1	311	1.58e-95	312
Dm_00009437-RA	AT1G17680.1	N/A	31.910	398	225	5	9	365	143	535	4.17e-58	203
Dm_00018393-RA	AT1G73880.1	N/A	53.579	489	197	10	1	484	1	464	6.39e-177	505
Dm_00017393-RA	AT3G61800.1	N/A	50.952	683	272	13	12	657	8	664	0.0	610
Dm_00016901-RA	AT1G32240.2	N/A	85.897	78	11	0	283	360	187	264	7.60e-39	142
Dm_00019370-RA	AT4G03090.5	N/A	38.219	921	471	27	17	883	19	895	2.35e-164	503
Dm_00018594-RA	AT2G44020.1	N/A	79.953	424	85	0	1	424	65	488	0.0	714
Dm_00019132-RA	AT5G13680.1	N/A	54.692	1300	552	8	4	1297	51	1319	0.0	1405
Dm_00019465-RA	AT4G35140.2	N/A	61.247	449	163	2	14	460	19	458	0.0	549
Dm_00005129-RA	AT1G71820.1	N/A	89.189	259	25	1	50	305	211	469	1.79e-156	456
Dm_00004388-RA	AT3G42170.1	N/A	56.992	665	242	7	498	1156	48	674	0.0	781
Dm_00004462-RA	AT3G55320.1	N/A	66.387	119	33	1	1	112	2	120	6.74e-48	166
Dm_00005016-RA	AT4G36195.1	N/A	64.629	458	145	3	16	469	3	447	0.0	644
Dm_00016932-RA	AT1G06230.2	N/A	49.509	509	193	14	432	927	259	716	2.46e-130	412
Dm_00008574-RA	AT5G15050.1	N/A	66.909	275	80	3	5	274	1	269	2.00e-120	352
Dm_00019754-RA	AT3G46060.1	N/A	81.498	227	10	3	1	227	1	195	7.03e-127	358
Dm_00019297-RA	AT1G21630.3	N/A	42.484	1264	565	42	12	1191	11	1196	0.0	701
Dm_00019153-RA	AT5G03800.1	N/A	51.874	827	383	7	3	818	74	896	0.0	866
Dm_00004600-RA	AT4G15248.1	N/A	46.847	111	38	2	30	140	28	117	2.72e-28	100
Dm_00005432-RA	AT2G13370.2	N/A	62.954	1239	303	19	1	1150	1	1172	0.0	1448
Dm_00005441-RA	AT4G14590.1	N/A	51.398	465	200	4	1	464	6	445	4.07e-161	484
Dm_00005547-RA	AT5G05660.1	N/A	66.575	724	205	5	32	754	44	731	0.0	959
Dm_00004239-RA	AT3G20580.1	N/A	57.103	711	254	10	9	716	10	672	0.0	805
Dm_00004258-RA	AT1G44760.1	N/A	62.445	229	67	4	3	231	4	213	1.28e-90	266
Dm_00005917-RA	AT3G63460.1	N/A	54.391	1002	408	18	34	1016	125	1096	0.0	1015
Dm_00005916-RA	AT3G63460.2	N/A	58.989	178	53	2	3	176	4	165	4.72e-56	190
Dm_00005920-RA	AT3G12400.1	N/A	57.882	406	153	4	11	413	6	396	1.03e-155	446
Dm_00005817-RA	AT1G67840.1	N/A	60.291	549	198	4	105	645	71	607	0.0	631
Dm_00019918-RA	AT3G47080.1	N/A	39.084	371	166	12	119	466	173	506	5.39e-77	250
Dm_00020841-RA	AT5G66730.1	N/A	55.556	549	184	14	1	538	1	500	1.09e-168	487
Dm_00020792-RA	AT4G02570.1	N/A	81.333	75	14	0	5	79	2	76	2.32e-37	139
Dm_00018083-RA	AT1G32500.1	N/A	58.963	463	178	5	40	496	19	475	0.0	563
Dm_00020774-RA	AT4G02510.2	N/A	69.231	871	249	8	591	1443	627	1496	0.0	1206
Dm_00020836-RA	AT5G49610.1	N/A	63.636	352	121	4	17	365	5	352	8.09e-160	459
Dm_00012492-RA	AT4G09820.1	N/A	72.566	113	30	1	16	128	19	130	2.20e-56	183
Dm_00020026-RA	AT3G22380.3	N/A	37.925	1764	710	78	2	1597	1	1547	0.0	638
Dm_00019982-RA	AT1G31410.1	N/A	53.638	481	203	7	65	538	43	510	7.46e-178	511
Dm_00019189-RA	AT3G29765.1	N/A	33.586	527	309	5	118	605	10	534	5.13e-85	276
Dm_00019856-RA	AT5G17540.1	N/A	67.021	94	29	1	54	145	54	147	1.36e-36	131
Dm_00018244-RA	AT5G65560.1	N/A	45.685	869	436	6	47	881	44	910	0.0	796
Dm_00016346-RA	AT1G29420.1	N/A	45.038	131	67	3	1	130	1	127	1.45e-30	107
Dm_00018220-RA	AT5G54470.1	N/A	70.130	77	23	0	2	78	4	80	1.29e-33	120
Dm_00007549-RA	AT1G19220.1	N/A	43.883	376	163	14	345	709	731	1069	1.17e-65	236
Dm_00007595-RA	AT5G43310.5	N/A	36.950	977	419	31	23	957	135	956	3.70e-141	449
Dm_00008119-RA	AT5G51300.2	N/A	69.540	696	165	17	112	781	65	739	0.0	865
Dm_00013994-RA	AT4G00450.1	N/A	52.251	2310	966	40	38	2296	12	2235	0.0	2174
Dm_00015117-RA	AT5G61150.2	N/A	53.571	644	255	16	1	622	2	623	2.59e-165	486
Dm_00013771-RA	AT3G01750.2	N/A	48.968	678	307	13	1	659	1	658	0.0	589
Dm_00015056-RA	AT2G25760.1	N/A	69.058	711	154	11	1	690	1	666	0.0	983
Dm_00014501-RA	AT1G77140.1	N/A	81.976	577	92	3	1	576	1	566	0.0	969
Dm_00016900-RA	AT4G31880.2	N/A	59.766	256	101	1	1	256	1	254	7.36e-94	322
Dm_00016837-RA	AT5G11720.1	N/A	61.922	843	305	8	2	839	70	901	0.0	1063
Dm_00015701-RA	AT5G07900.1	N/A	27.778	306	219	2	65	369	95	399	1.54e-42	154
Dm_00015785-RA	AT2G40930.1	N/A	63.174	983	279	13	1	968	1	915	0.0	1199
Dm_00003313-RA	AT5G23880.1	N/A	73.954	741	186	6	1	736	1	739	0.0	1139
Dm_00003021-RA	AT5G58410.2	N/A	42.506	1668	894	19	18	1669	105	1723	0.0	1260
Dm_00003845-RA	AT5G65590.1	N/A	70.833	72	21	0	16	87	27	98	1.41e-33	127
Dm_00003570-RA	AT5G62050.1	N/A	52.089	359	149	6	1	354	1	341	2.29e-125	367
Dm_00003563-RA	AT1G01320.3	N/A	50.839	1192	399	35	3	1139	724	1783	0.0	1003
Dm_00003574-RA	AT3G61690.1	N/A	48.268	1386	588	42	1	1343	1	1300	0.0	1122
Dm_00003568-RA	AT4G01000.1	N/A	44.361	266	125	5	8	272	9	252	1.03e-50	176
Dm_00003100-RA	AT5G02880.1	N/A	46.937	1159	512	20	14	1122	397	1502	0.0	967
Dm_00003099-RA	AT5G02880.1	N/A	55.191	366	152	2	103	457	26	390	3.91e-121	387
Dm_00003120-RA	AT1G61010.5	N/A	56.349	378	48	6	1	262	60	436	7.61e-127	376
Dm_00010927-RA	AT3G06980.1	N/A	62.173	497	166	5	193	681	297	779	0.0	622
Dm_00009004-RA	AT5G09900.2	N/A	81.093	439	83	0	2	440	3	441	0.0	727
Dm_00011104-RA	AT3G19180.1	N/A	51.902	736	318	11	75	784	66	791	0.0	659
Dm_00010308-RA	AT1G65580.1	N/A	62.095	1050	376	10	98	1134	49	1089	0.0	1339
Dm_00007928-RA	AT5G17520.1	N/A	66.071	280	92	1	73	349	68	347	3.55e-125	367
Dm_00002433-RA	AT5G36210.1	N/A	72.114	667	169	4	70	724	68	729	0.0	997
Dm_00002431-RA	AT1G47710.1	N/A	60.000	390	153	2	1	387	1	390	1.24e-170	482
Dm_00002439-RA	AT2G26560.1	N/A	59.030	371	148	1	33	399	10	380	1.34e-161	460
Dm_00003236-RA	AT4G00980.1	N/A	35.675	541	258	13	1	529	12	474	9.17e-98	306
Dm_00002453-RA	AT5G16300.1	N/A	57.632	1081	423	9	5	1077	13	1066	0.0	1219
Dm_00002458-RA	AT5G10270.1	N/A	73.814	527	111	10	1	522	1	505	0.0	751
Dm_00009514-RA	AT3G16000.1	N/A	42.857	609	341	2	39	647	123	724	4.49e-125	387
Dm_00009532-RA	AT1G55110.3	N/A	51.302	384	124	9	46	425	17	341	3.54e-118	360
Dm_00016476-RA	AT3G18770.1	N/A	43.899	631	281	16	11	598	14	614	1.33e-105	332
Dm_00015074-RA	AT1G20960.2	N/A	78.427	2174	456	9	1	2174	1	2161	0.0	3516
Dm_00015495-RA	AT4G17770.1	N/A	78.593	668	134	3	1	667	1	660	0.0	1107
Dm_00014610-RA	AT4G10070.1	N/A	46.207	580	245	23	13	571	99	632	1.56e-116	366
Dm_00015131-RA	AT2G28380.1	N/A	53.989	376	132	11	1	339	1	372	3.66e-120	354
Dm_00015142-RA	AT1G30410.2	N/A	66.632	956	299	6	1	955	1	937	0.0	1275
Dm_00014576-RA	AT2G20310.1	N/A	34.100	261	136	6	7	263	9	237	5.38e-34	135
Dm_00015503-RA	AT4G22540.5	N/A	62.924	766	212	13	1	739	1	721	0.0	945
Dm_00008780-RA	AT2G06990.1	N/A	77.228	808	163	5	32	839	10	796	0.0	1261
Dm_00009611-RA	AT5G18830.2	N/A	52.273	176	72	5	20	187	14	185	4.52e-49	171
Dm_00009957-RA	AT1G71720.1	N/A	52.857	490	193	8	13	496	36	493	3.88e-167	481
Dm_00010798-RA	AT1G71980.1	N/A	53.846	455	180	8	56	496	9	447	4.02e-135	398
Dm_00010217-RA	AT5G58440.1	N/A	59.844	513	178	10	15	517	36	530	0.0	557
Dm_00003355-RA	AT2G23740.2	N/A	48.187	1351	621	25	175	1505	55	1346	0.0	1227
Dm_00003369-RA	AT3G50380.2	N/A	32.408	2703	1602	44	17	2628	18	2586	0.0	1266
Dm_00003624-RA	AT5G27640.3	N/A	74.298	712	176	5	1	708	1	709	0.0	1113
Dm_00003620-RA	AT3G15880.4	N/A	73.702	1156	277	9	1	1150	1	1135	0.0	1774
Dm_00003324-RA	AT3G48195.1	N/A	59.802	505	187	7	426	922	401	897	0.0	613
Dm_00003331-RA	AT4G24680.2	N/A	32.649	1608	801	54	47	1605	9	1383	6.19e-176	568
Dm_00003334-RA	AT5G07900.1	N/A	26.923	286	200	5	36	320	73	350	5.56e-34	129
Dm_00003333-RA	AT5G07900.1	N/A	28.443	334	219	4	39	357	73	401	1.10e-46	164
Dm_00003674-RA	AT5G42020.1	N/A	90.491	652	60	1	37	686	17	668	0.0	1200
Dm_00003680-RA	AT5G24350.2	N/A	48.988	2421	1167	27	15	2405	7	2389	0.0	2234
Dm_00003148-RA	AT3G62900.1	N/A	42.761	297	121	6	1352	1641	1146	1400	8.30e-52	201
Dm_00003337-RA	AT2G25730.3	N/A	49.772	657	292	9	1	643	1	633	0.0	600
Dm_00003773-RA	AT5G01110.1	N/A	28.750	560	397	1	96	653	167	726	1.34e-86	292
Dm_00002956-RA	AT1G63700.2	N/A	58.243	922	332	26	1	909	1	882	0.0	860
Dm_00002959-RA	AT5G52420.1	N/A	45.283	265	121	7	1	265	1	241	7.96e-65	202
Dm_00002958-RA	AT3G14470.1	N/A	30.522	1091	631	33	13	1055	12	1023	1.13e-109	367
Dm_00002963-RA	AT3G49050.1	N/A	74.704	253	63	1	1	252	1	253	4.71e-139	422
Dm_00010640-RA	AT3G42170.2	N/A	31.892	370	235	4	52	406	46	413	1.66e-49	178
Dm_00010310-RA	AT5G15270.3	N/A	65.327	199	69	0	132	330	5	203	4.17e-85	268
Dm_00011062-RA	AT3G14205.1	N/A	58.925	577	199	3	1	551	33	597	0.0	687
Dm_00010319-RA	AT1G63110.1	N/A	51.037	482	188	10	8	458	2	466	3.89e-146	426
Dm_00010624-RA	AT2G31260.1	N/A	67.805	205	65	1	1	204	2	206	1.04e-93	292
Dm_00010393-RA	AT1G62390.1	N/A	61.447	760	255	9	1	747	1	735	0.0	851
Dm_00014854-RA	AT3G23610.4	N/A	30.055	183	120	2	158	340	19	193	3.88e-23	98.6
Dm_00015852-RA	AT1G29760.1	N/A	39.785	558	272	16	4	542	12	524	9.97e-122	369
Dm_00014681-RA	AT3G21550.1	N/A	49.689	161	74	4	18	176	16	171	1.78e-45	148
Dm_00006218-RA	AT1G15780.2	N/A	60.526	76	28	1	6	79	20	95	3.70e-24	96.3
Dm_00006217-RA	AT1G15780.2	N/A	41.426	519	234	21	5	488	118	601	7.54e-35	140
Dm_00006417-RA	AT1G45616.1	N/A	37.059	993	481	18	307	1177	24	994	2.47e-163	511
Dm_00005794-RA	AT4G23540.1	N/A	38.208	636	342	10	39	660	5	603	1.45e-118	387
Dm_00006364-RA	AT5G20280.1	N/A	69.245	1073	281	14	1	1055	1	1042	0.0	1476
Dm_00006345-RA	AT1G63490.4	N/A	50.663	1358	540	16	1	1251	5	1339	0.0	1334
Dm_00006894-RA	AT5G44180.3	N/A	51.807	1577	616	39	13	1567	4	1458	0.0	1367
Dm_00005541-RA	AT4G35800.2	N/A	75.531	1884	294	12	1	1790	1	1811	0.0	2770
Dm_00006470-RA	AT1G34190.1	N/A	60.326	184	70	1	3	183	61	244	6.96e-75	235
Dm_00006485-RA	AT1G52620.1	N/A	47.708	807	408	7	1	799	1	801	0.0	763
Dm_00010514-RA	AT4G38180.1	N/A	38.682	349	188	6	14	357	59	386	1.50e-70	235
Dm_00012517-RA	AT5G20890.1	N/A	81.865	193	31	1	136	328	3	191	4.18e-102	317
Dm_00014039-RA	AT1G49890.1	N/A	47.336	657	247	20	26	635	29	633	1.07e-139	424
Dm_00015190-RA	AT1G50920.1	N/A	76.633	689	138	5	1	684	1	671	0.0	1077
Dm_00014240-RA	AT1G15470.2	N/A	59.794	194	35	3	4	154	3	196	7.91e-73	221
Dm_00013862-RA	AT1G08370.1	N/A	57.500	360	123	7	1	341	1	349	5.26e-118	345
Dm_00010720-RA	AT1G80930.1	N/A	73.094	669	143	8	6	642	191	854	0.0	957
Dm_00012297-RA	AT5G15020.2	N/A	54.958	1321	479	24	2	1227	1	1300	0.0	1284
Dm_00002374-RA	AT5G55580.2	N/A	60.417	384	139	3	73	449	12	389	3.85e-161	460
Dm_00002384-RA	AT3G01610.2	N/A	65.158	442	141	4	5	443	199	630	0.0	555
Dm_00002971-RA	AT5G65180.1	N/A	43.450	313	133	4	41	351	2	272	3.05e-72	233
Dm_00003090-RA	AT3G10370.1	N/A	79.368	601	110	1	31	617	28	628	0.0	1007
Dm_00002668-RA	AT1G55870.1	N/A	56.661	623	258	4	38	658	36	648	0.0	709
Dm_00002688-RA	AT1G55920.1	N/A	65.060	332	98	2	1	332	1	314	2.75e-150	425
Dm_00002686-RA	AT5G55590.1	N/A	54.660	397	138	4	5	385	10	380	2.33e-137	397
Dm_00002687-RA	AT5G55600.3	N/A	51.948	539	197	7	1	489	11	537	0.0	550
Dm_00005965-RA	AT1G27090.1	N/A	50.131	381	147	10	9	385	1	342	4.51e-109	329
Dm_00006327-RA	AT2G40730.1	N/A	83.364	535	89	0	1	535	1	535	0.0	927
Dm_00005875-RA	AT1G73100.1	N/A	52.394	710	285	9	1	702	1	665	0.0	736
Dm_00005871-RA	AT1G07705.2	N/A	60.909	660	203	9	74	728	1	610	0.0	701
Dm_00005873-RA	AT5G04990.1	N/A	46.778	481	201	12	1	458	1	449	4.00e-133	393
Dm_00005979-RA	AT5G01400.3	N/A	41.723	743	368	16	1	717	1	704	8.89e-158	494
Dm_00006213-RA	AT5G43100.1	N/A	57.096	606	247	5	65	667	30	625	0.0	721
Dm_00012196-RA	AT2G37650.1	N/A	45.545	707	326	14	23	684	21	713	0.0	570
Dm_00010454-RA	AT3G54350.2	N/A	40.211	475	220	17	463	915	244	676	2.45e-75	261
Dm_00011355-RA	AT1G79490.1	N/A	77.649	774	164	2	48	812	63	836	0.0	1269
Dm_00012585-RA	AT2G47410.2	N/A	56.927	397	107	6	44	437	36	371	3.94e-140	437
Dm_00012514-RA	AT1G56500.3	N/A	44.737	190	60	4	330	474	446	635	2.35e-36	143
Dm_00012542-RA	AT2G36810.2	N/A	68.363	1533	401	9	1	1489	1	1493	0.0	2116
Dm_00005615-RA	AT4G38600.3	N/A	68.244	1817	541	17	84	1888	96	1888	0.0	2291
Dm_00017087-RA	AT2G29200.2	N/A	53.892	1015	357	27	11	989	22	961	0.0	931
Dm_00018924-RA	AT3G05850.1	N/A	30.218	321	214	4	6	316	361	681	1.18e-44	163
Dm_00019038-RA	AT5G64090.1	N/A	56.829	410	141	9	67	450	49	448	1.61e-143	418
Dm_00013157-RA	AT1G54610.3	N/A	70.633	521	114	7	48	537	46	558	0.0	733
Dm_00013678-RA	AT2G14740.2	N/A	82.550	596	103	1	30	624	24	619	0.0	1063
Dm_00013900-RA	AT3G01460.1	N/A	41.220	2050	1044	34	79	2076	234	2174	0.0	1379
Dm_00013369-RA	AT5G23110.1	N/A	61.371	2392	871	12	24	2413	1	2341	0.0	2947
Dm_00012883-RA	AT4G24330.1	N/A	55.714	350	117	11	28	362	8	334	3.02e-122	362
Dm_00016070-RA	AT2G44880.2	N/A	52.189	594	272	5	5	595	11	595	0.0	640
Dm_00016432-RA	AT4G38180.1	N/A	32.296	257	146	9	156	405	71	306	2.20e-25	109
Dm_00013302-RA	AT4G30150.1	N/A	33.897	1242	730	22	27	1233	35	1220	0.0	629
Dm_00016159-RA	AT1G18030.2	N/A	76.585	205	48	0	84	288	65	269	1.83e-114	333
Dm_00016240-RA	AT1G10580.1	N/A	78.947	589	107	5	1	589	1	572	0.0	945
Dm_00011229-RA	AT4G32010.2	N/A	45.268	634	252	12	4	630	5	550	1.80e-177	523
Dm_00009778-RA	AT5G62640.1	N/A	78.981	157	25	3	2	156	1	151	1.73e-77	253
Dm_00010243-RA	AT4G33600.1	N/A	60.230	435	139	8	460	888	38	444	0.0	537
Dm_00010741-RA	AT3G48050.2	N/A	45.104	1685	744	51	10	1593	9	1613	0.0	1132
Dm_00011220-RA	AT4G04920.3	N/A	71.919	1136	274	15	25	1136	106	1220	0.0	1565
Dm_00011869-RA	AT5G13420.1	N/A	75.837	418	80	6	29	435	28	435	0.0	605
Dm_00012101-RA	AT1G50480.1	N/A	84.873	628	95	0	4	631	2	629	0.0	1118
Dm_00012103-RA	AT5G19900.1	N/A	53.067	375	131	12	35	383	3	358	5.68e-100	313
Dm_00018280-RA	AT2G26460.1	N/A	60.826	605	190	14	1	581	1	582	0.0	632
Dm_00018277-RA	AT1G29370.1	N/A	42.568	888	383	31	37	870	17	831	8.85e-163	496
Dm_00018320-RA	AT4G21150.2	N/A	54.074	135	61	1	7	140	9	143	3.48e-38	138
Dm_00017366-RA	AT5G19330.1	N/A	66.170	671	119	9	14	664	15	597	0.0	818
Dm_00018545-RA	AT2G17200.1	N/A	60.746	563	179	9	1	533	1	551	0.0	586
Dm_00018181-RA	AT4G19670.3	N/A	52.446	511	224	9	54	546	20	529	2.16e-172	498
Dm_00018319-RA	AT3G60500.3	N/A	72.115	312	85	1	1	312	1	310	4.88e-155	446
Dm_00003661-RA	AT5G23630.1	N/A	75.765	1209	257	6	1	1203	1	1179	0.0	1892
Dm_00002842-RA	AT5G62030.1	N/A	38.288	222	75	6	7	170	44	261	3.07e-31	117
Dm_00003414-RA	AT5G06120.1	N/A	54.078	564	227	8	1	560	9	544	0.0	593
Dm_00003432-RA	AT3G56860.10	N/A	60.880	409	129	10	109	501	85	478	3.82e-151	440
Dm_00003750-RA	AT2G20570.1	N/A	40.959	459	144	15	72	497	56	420	5.70e-75	243
Dm_00003751-RA	AT2G20580.1	N/A	78.009	864	175	2	26	889	39	887	0.0	1357
Dm_00003544-RA	AT2G18790.2	N/A	78.910	697	129	8	15	693	25	721	0.0	1140
Dm_00003543-RA	AT1G58230.2	N/A	62.447	2378	822	19	2	2359	278	2604	0.0	3015
Dm_00003646-RA	AT2G27860.1	N/A	82.212	416	46	2	4	419	2	389	0.0	721
Dm_00003643-RA	AT5G22820.1	N/A	47.951	488	236	6	24	505	10	485	1.48e-135	401
Dm_00003306-RA	AT1G63700.2	N/A	53.368	965	349	23	4	954	3	880	0.0	817
Dm_00017353-RA	AT1G03520.1	N/A	67.963	437	127	7	3	434	18	446	0.0	623
Dm_00020564-RA	AT1G28280.2	N/A	53.023	215	72	9	40	247	47	239	1.97e-52	170
Dm_00020570-RA	AT2G21150.1	N/A	75.145	346	68	4	1	338	1	336	1.51e-155	439
Dm_00019382-RA	AT4G33510.1	N/A	82.744	481	77	1	36	516	24	498	0.0	850
Dm_00020516-RA	AT3G45830.1	N/A	48.811	883	387	18	497	1343	440	1293	0.0	723
Dm_00007966-RA	AT5G07900.1	N/A	28.358	335	231	5	64	397	73	399	4.02e-41	152
Dm_00007484-RA	AT3G26000.1	N/A	39.059	489	229	10	1	458	1	451	4.19e-102	313
Dm_00008566-RA	AT5G43130.1	N/A	47.712	612	242	17	362	958	275	823	6.40e-140	439
Dm_00007380-RA	AT2G41900.1	N/A	42.857	770	311	32	1	705	1	706	8.76e-159	476
Dm_00007381-RA	AT5G12860.1	N/A	79.613	569	97	6	1	562	1	557	0.0	865
Dm_00007377-RA	AT5G19450.2	N/A	80.699	544	88	3	1	539	1	532	0.0	909
Dm_00008706-RA	AT5G10490.1	N/A	53.832	548	195	6	80	626	171	661	0.0	548
Dm_00007134-RA	AT1G74850.1	N/A	63.515	825	291	5	21	841	25	843	0.0	1110
Dm_00007709-RA	AT2G37035.1	N/A	47.778	450	177	5	42	480	31	433	5.69e-127	376
Dm_00017798-RA	AT2G40610.1	N/A	77.912	249	49	3	9	256	10	253	1.70e-143	402
Dm_00017789-RA	AT1G73460.1	N/A	60.621	1191	442	16	63	1249	1	1168	0.0	1348
Dm_00017837-RA	AT1G04300.1	N/A	46.901	1194	475	32	1	1155	1	1074	0.0	832
Dm_00017925-RA	AT3G51790.1	N/A	76.596	188	40	1	64	251	57	240	2.48e-107	311
Dm_00010668-RA	AT5G50920.1	N/A	79.063	363	47	4	575	909	230	591	0.0	565
Dm_00012115-RA	AT1G44350.1	N/A	62.471	437	153	5	51	484	36	464	0.0	526
Dm_00012249-RA	AT5G40660.1	N/A	63.393	336	106	4	2	332	1	324	1.16e-146	416
Dm_00011189-RA	AT3G15140.1	N/A	29.717	212	122	7	134	332	124	321	7.01e-21	93.6
Dm_00012644-RA	AT1G27430.1	N/A	34.310	1638	847	48	53	1619	12	1491	0.0	629
Dm_00012469-RA	AT1G62750.1	N/A	78.934	807	143	5	46	849	1	783	0.0	1271
Dm_00011211-RA	AT2G46060.3	N/A	46.575	803	392	12	9	804	28	800	0.0	709
Dm_00005031-RA	AT5G15010.1	N/A	52.612	536	225	7	85	618	64	572	0.0	564
Dm_00005380-RA	AT1G67370.1	N/A	58.564	613	195	11	36	608	2	595	0.0	650
Dm_00005510-RA	AT5G28780.1	N/A	38.249	217	119	5	109	314	89	301	4.32e-30	117
Dm_00004945-RA	AT1G33360.1	N/A	51.242	443	141	13	62	461	39	449	2.46e-109	338
Dm_00005063-RA	AT1G12260.1	N/A	52.591	386	86	12	2	333	1	343	4.81e-120	353
Dm_00006233-RA	AT5G35930.4	N/A	45.960	792	399	13	37	817	95	868	0.0	652
Dm_00019536-RA	AT5G65530.1	N/A	50.501	499	174	10	33	526	26	456	7.08e-161	465
Dm_00016845-RA	AT3G01990.5	N/A	71.212	396	107	3	2	396	18	407	0.0	573
Dm_00014362-RA	AT2G34640.1	N/A	62.937	429	135	5	93	507	26	444	0.0	523
Dm_00005250-RA	AT1G48090.2	N/A	60.184	3810	1396	33	51	3795	414	4167	0.0	4598
Dm_00004318-RA	AT5G04560.1	N/A	59.524	546	156	8	1354	1895	1160	1644	0.0	645
Dm_00005499-RA	AT4G02570.1	N/A	80.798	677	117	3	394	1057	59	735	0.0	1147
Dm_00005503-RA	AT4G25540.1	N/A	59.725	437	138	11	1	426	1	410	2.66e-154	473
Dm_00005081-RA	AT2G28290.1	N/A	76.052	618	122	2	677	1294	457	1048	0.0	916
Dm_00005385-RA	AT5G58140.4	N/A	78.846	52	11	0	71	122	118	169	2.20e-23	94.4
Dm_00008472-RA	AT4G37750.1	N/A	51.901	526	157	15	1	489	1	467	2.10e-151	450
Dm_00008468-RA	AT5G65820.1	N/A	66.952	584	188	3	70	651	57	637	0.0	833
Dm_00008791-RA	AT2G41500.2	N/A	64.244	509	158	6	76	575	60	553	0.0	670
Dm_00008787-RA	AT3G48195.1	N/A	46.697	666	315	15	321	973	169	807	3.21e-177	540
Dm_00008483-RA	AT2G41620.1	N/A	67.016	858	234	5	1	812	1	855	0.0	1182
Dm_00008485-RA	AT4G39850.1	N/A	75.869	949	224	4	1	945	22	969	0.0	1488
Dm_00007601-RA	AT1G09680.1	N/A	56.915	564	234	3	45	600	43	605	0.0	647
Dm_00002305-RA	AT4G35350.2	N/A	44.051	311	137	11	8	312	6	285	1.86e-79	243
Dm_00003019-RA	AT3G26560.1	N/A	89.282	961	100	2	259	1216	208	1168	0.0	1760
Dm_00003254-RA	AT5G61990.1	N/A	37.066	1009	559	8	40	1044	33	969	0.0	662
Dm_00003258-RA	AT5G07290.1	N/A	56.563	320	116	5	389	702	561	863	1.62e-103	339
Dm_00003253-RA	AT5G62000.4	N/A	56.061	858	287	12	34	878	51	831	0.0	920
Dm_00017511-RA	AT1G79620.4	N/A	44.097	288	88	4	6	291	38	254	2.22e-69	227
Dm_00016293-RA	AT4G28300.1	N/A	47.455	550	198	21	1	514	1	495	1.24e-111	340
Dm_00012207-RA	AT3G62600.1	N/A	84.424	321	48	2	1	320	25	344	0.0	538
Dm_00017587-RA	AT3G57650.1	N/A	68.889	405	106	4	1	403	1	387	0.0	566
Dm_00017339-RA	AT2G47330.1	N/A	78.318	535	114	1	31	563	198	732	0.0	825
Dm_00013394-RA	AT3G25150.1	N/A	42.787	409	210	5	1	388	3	408	2.18e-98	304
Dm_00015205-RA	AT5G66180.1	N/A	57.955	440	131	7	7	445	4	390	4.82e-173	491
Dm_00015059-RA	AT4G31880.1	N/A	35.000	340	195	10	1	337	142	458	3.55e-36	142
Dm_00015058-RA	AT4G31880.1	N/A	61.111	108	42	0	1	108	1	108	6.67e-37	133
Dm_00015137-RA	AT1G73960.1	N/A	55.645	1249	503	15	1	1205	1	1242	0.0	1306
Dm_00020541-RA	AT5G28780.1	N/A	46.763	139	70	2	6	144	179	313	2.01e-32	119
Dm_00013650-RA	AT2G44710.4	N/A	40.102	197	117	1	18	213	195	391	1.52e-46	165
Dm_00013214-RA	AT2G33410.1	N/A	53.616	401	162	6	1	399	1	379	1.12e-111	336
Dm_00012880-RA	AT3G26932.2	N/A	43.254	252	70	4	1	252	1	179	3.32e-51	177
Dm_00012568-RA	AT3G25430.1	N/A	48.730	630	292	9	2	613	1	617	0.0	591
Dm_00012498-RA	AT5G61960.9	N/A	45.660	887	362	27	66	933	73	858	0.0	566
Dm_00003188-RA	AT1G26330.1	N/A	37.313	469	221	18	10	468	9	414	4.39e-63	229
Dm_00003216-RA	AT3G50590.2	N/A	71.472	1637	387	20	1	1588	1	1606	0.0	2332
Dm_00003449-RA	AT3G50910.1	N/A	43.133	517	193	17	1	487	1	446	2.81e-97	301
Dm_00003498-RA	AT1G08650.2	N/A	58.527	258	102	4	9	264	15	269	9.74e-107	311
Dm_00014618-RA	AT1G19800.1	N/A	76.159	302	71	1	138	438	49	350	8.94e-169	478
Dm_00013202-RA	AT5G04930.1	N/A	68.112	1176	328	11	68	1234	21	1158	0.0	1650
Dm_00012841-RA	AT2G35330.1	N/A	56.342	749	278	14	1	738	28	738	0.0	753
Dm_00014483-RA	AT5G58440.1	N/A	63.972	569	159	10	14	546	11	569	0.0	667
Dm_00019970-RA	AT5G04460.2	N/A	59.174	823	278	16	1	794	1	794	0.0	786
Dm_00017031-RA	AT2G32120.2	N/A	64.654	563	193	4	1	558	1	562	0.0	764
Dm_00019067-RA	AT4G19440.4	N/A	42.527	823	457	5	1	822	25	832	0.0	662
Dm_00020157-RA	AT4G33670.1	N/A	79.048	315	66	0	9	323	4	318	0.0	526
Dm_00020055-RA	AT2G23810.1	N/A	34.058	276	166	4	3	272	2	267	3.27e-54	177
Dm_00004954-RA	AT2G21440.1	N/A	46.784	855	386	17	99	935	200	1003	0.0	676
Dm_00004908-RA	AT1G09530.4	N/A	63.636	143	48	3	409	547	277	419	6.22e-44	166
Dm_00005054-RA	AT4G01290.2	N/A	35.648	1080	525	37	32	1054	24	990	1.46e-140	447
Dm_00004946-RA	AT5G26830.1	N/A	67.672	696	177	3	49	719	30	702	0.0	983
Dm_00005259-RA	AT5G48040.1	N/A	62.398	367	133	3	65	430	13	375	3.43e-158	454
Dm_00005046-RA	AT4G24490.2	N/A	46.462	424	197	9	50	470	96	492	1.29e-112	347
Dm_00004499-RA	AT2G01980.1	N/A	64.315	241	43	2	36	233	35	275	2.25e-86	277
Dm_00004741-RA	AT5G55040.1	N/A	38.544	1030	444	33	1	955	1	916	4.39e-171	523
Dm_00004738-RA	AT1G79740.2	N/A	29.480	173	119	2	6	178	24	193	1.48e-21	91.7
Dm_00007916-RA	AT3G51120.1	N/A	49.677	620	230	11	75	646	71	656	3.20e-171	555
Dm_00007331-RA	AT1G75900.1	N/A	48.980	147	74	1	58	203	217	363	1.19e-50	167
Dm_00006808-RA	AT5G23960.2	N/A	39.098	532	301	7	539	1058	7	527	4.74e-122	385
Dm_00007988-RA	AT5G43900.2	N/A	65.651	1083	288	9	49	1116	321	1334	0.0	1439
Dm_00007929-RA	AT3G12590.2	N/A	55.116	733	260	11	779	1463	360	1071	0.0	781
Dm_00005991-RA	AT1G54220.2	N/A	64.037	545	176	11	5	535	1	539	0.0	660
Dm_00007537-RA	AT1G11720.1	N/A	64.740	1038	316	11	66	1058	10	1042	0.0	1363
Dm_00007025-RA	AT5G56950.1	N/A	63.930	402	117	3	1	402	1	374	9.47e-153	436
Dm_00006203-RA	AT2G27090.1	N/A	52.500	760	328	14	1	756	1	731	0.0	721
Dm_00016229-RA	AT1G15340.1	N/A	64.286	98	31	1	14	111	8	101	4.73e-40	144
Dm_00013839-RA	AT1G01930.1	N/A	54.529	541	215	10	22	560	15	526	0.0	545
Dm_00014564-RA	AT3G13682.1	N/A	66.798	762	225	6	7	768	1	734	0.0	1005
Dm_00019486-RA	AT1G31810.1	N/A	73.552	397	104	1	15	411	1	396	0.0	657
Dm_00019083-RA	AT4G15480.1	N/A	58.710	465	189	3	6	469	16	478	0.0	575
Dm_00019606-RA	AT4G00830.6	N/A	63.279	433	146	6	51	475	68	495	0.0	549
Dm_00017891-RA	AT4G14950.1	N/A	70.277	397	117	1	22	417	17	413	0.0	589
Dm_00008365-RA	AT2G30690.2	N/A	41.129	248	118	6	59	303	12	234	1.59e-49	186
Dm_00008889-RA	AT3G10650.1	N/A	35.546	467	225	18	56	498	158	572	5.95e-54	207
Dm_00009711-RA	AT2G25580.1	N/A	50.871	287	139	2	4	290	319	603	1.71e-96	305
Dm_00009709-RA	AT2G25580.1	N/A	44.141	256	106	4	1	221	357	610	5.60e-65	212
Dm_00009892-RA	AT2G29190.2	N/A	60.115	1043	324	23	6	1030	1	969	0.0	1118
Dm_00009895-RA	AT4G13650.1	N/A	34.483	580	377	3	9	587	359	936	3.50e-114	365
Dm_00008803-RA	AT1G13450.1	N/A	54.484	446	141	12	23	450	1	402	2.41e-151	436
Dm_00002603-RA	AT3G48050.2	N/A	44.667	1744	723	57	1	1633	1	1613	0.0	1152
Dm_00002903-RA	AT1G61215.1	N/A	37.060	483	230	20	15	446	14	473	7.24e-52	182
Dm_00002389-RA	AT1G08400.1	N/A	41.646	802	420	15	8	783	14	793	0.0	578
Dm_00002393-RA	AT5G16300.1	N/A	58.127	1089	399	12	5	1085	13	1052	0.0	1225
Dm_00018644-RA	AT5G15270.3	N/A	65.060	166	58	0	17	182	5	170	5.66e-69	221
Dm_00020103-RA	AT2G47330.1	N/A	69.444	144	28	3	1	128	470	613	2.72e-53	191
Dm_00013846-RA	AT4G10710.2	N/A	70.009	1067	299	8	1	1060	1	1053	0.0	1504
Dm_00004940-RA	AT1G80630.1	N/A	40.351	570	316	7	7	570	2	553	4.74e-119	364
Dm_00004148-RA	AT2G41520.3	N/A	35.349	215	89	8	722	931	376	545	1.21e-23	108
Dm_00005080-RA	AT1G32330.2	N/A	49.326	519	202	12	66	572	4	473	1.20e-141	420
Dm_00004654-RA	AT1G47670.1	N/A	82.955	528	79	2	1	528	1	517	0.0	876
Dm_00004521-RA	AT2G45850.1	N/A	44.972	358	173	6	1	344	1	348	1.90e-85	262
Dm_00006013-RA	AT3G14730.1	N/A	50.446	561	268	5	57	613	60	614	0.0	571
Dm_00005742-RA	AT1G03080.2	N/A	41.580	1823	934	17	35	1819	1	1730	0.0	1199
Dm_00006193-RA	AT3G09070.1	N/A	34.314	408	187	16	13	389	25	382	2.48e-40	158
Dm_00005490-RA	AT4G12770.1	N/A	42.292	986	392	30	1	912	1	883	2.31e-136	432
Dm_00005491-RA	AT5G63840.1	N/A	73.403	955	212	7	13	962	4	921	0.0	1466
Dm_00005184-RA	AT2G37320.1	N/A	48.988	494	230	9	29	521	23	495	7.92e-158	460
Dm_00010992-RA	AT4G17900.1	N/A	64.490	245	66	5	19	260	1	227	4.13e-110	317
Dm_00010176-RA	AT1G73730.1	N/A	50.915	601	246	12	1	590	1	563	0.0	530
Dm_00011082-RA	AT1G18650.1	N/A	59.441	143	46	2	45	175	19	161	5.18e-48	156
Dm_00010842-RA	AT3G19230.1	N/A	37.897	504	233	9	64	558	19	451	1.53e-107	332
Dm_00011421-RA	AT5G42140.1	N/A	67.806	1112	296	11	27	1135	17	1069	0.0	1463
Dm_00013940-RA	AT4G36050.2	N/A	52.046	611	251	10	30	623	1	586	0.0	610
Dm_00012481-RA	AT3G14980.5	N/A	57.000	300	114	6	1108	1395	709	1005	3.69e-96	338
Dm_00013086-RA	AT3G06400.2	N/A	88.516	984	104	5	44	1020	74	1055	0.0	1751
Dm_00014102-RA	AT5G58170.1	N/A	55.463	723	307	9	16	733	38	750	0.0	811
Dm_00012016-RA	AT4G14850.1	N/A	63.501	674	245	1	13	686	12	684	0.0	899
Dm_00013728-RA	AT1G52310.1	N/A	56.509	338	133	7	41	371	49	379	4.09e-124	369
Dm_00012602-RA	AT1G14650.3	N/A	67.359	818	226	13	1	810	1	785	0.0	926
Dm_00013889-RA	AT2G25760.1	N/A	82.459	610	98	3	131	739	70	671	0.0	1082
Dm_00014345-RA	AT1G09620.1	N/A	70.561	1087	313	4	5	1091	2	1081	0.0	1607
Dm_00019935-RA	AT2G14580.1	N/A	55.414	157	66	3	13	169	9	161	2.34e-59	182
Dm_00006770-RA	AT5G16180.1	N/A	46.841	839	295	20	14	832	7	714	0.0	652
Dm_00008239-RA	AT5G19690.1	N/A	84.865	740	100	5	186	920	1	733	0.0	1256
Dm_00008038-RA	AT1G56560.1	N/A	77.289	568	100	4	98	665	77	615	0.0	925
Dm_00007982-RA	AT2G33420.1	N/A	60.833	1057	355	16	62	1104	28	1039	0.0	1259
Dm_00006624-RA	AT1G43690.1	N/A	58.233	498	134	8	14	498	163	599	0.0	552
Dm_00006308-RA	AT1G24130.1	N/A	48.387	465	186	12	1	464	1	412	9.28e-130	382
Dm_00007281-RA	AT4G34890.1	N/A	73.155	1233	307	4	1	1218	1	1224	0.0	1856
Dm_00005647-RA	AT2G20340.1	N/A	73.795	477	124	1	13	488	3	479	0.0	753
Dm_00007730-RA	AT1G17070.1	N/A	50.597	838	358	12	1	825	1	795	0.0	777
Dm_00012580-RA	AT1G25530.1	N/A	77.076	301	69	0	48	348	20	320	8.54e-175	493
Dm_00012579-RA	AT1G25530.1	N/A	72.727	55	15	0	115	169	386	440	3.59e-22	92.0
Dm_00014819-RA	AT3G13810.5	N/A	79.186	221	40	2	34	248	12	232	7.50e-121	370
Dm_00012532-RA	AT3G12680.1	N/A	57.308	260	95	5	158	415	136	381	4.32e-104	319
Dm_00014326-RA	AT1G12020.1	N/A	40.909	242	104	9	1	220	1	225	4.09e-45	150
Dm_00013568-RA	AT4G34110.1	N/A	64.787	656	197	11	1	649	1	629	0.0	815
Dm_00013569-RA	AT4G34100.2	N/A	73.884	1053	257	6	92	1144	67	1101	0.0	1600
Dm_00011531-RA	AT1G64860.1	N/A	56.827	542	180	11	1	528	1	502	0.0	575
Dm_00012271-RA	AT3G21100.1	N/A	41.919	594	230	26	2	582	1	492	3.43e-105	333
Dm_00017982-RA	AT5G53150.6	N/A	38.931	786	403	20	1	748	1	747	6.72e-168	503
Dm_00017555-RA	AT1G11630.1	N/A	30.751	413	264	9	1	401	1	403	8.77e-54	184
Dm_00017567-RA	AT5G42480.1	N/A	56.287	835	305	15	1	809	1	801	0.0	871
Dm_00018007-RA	AT5G11490.1	N/A	78.462	845	171	5	1	838	1	841	0.0	1362
Dm_00019071-RA	AT2G38800.1	N/A	31.681	565	304	14	84	589	71	612	1.61e-56	201
Dm_00019148-RA	AT5G35460.1	N/A	67.442	344	60	5	44	341	26	363	7.79e-165	465
Dm_00019480-RA	AT5G42130.1	N/A	61.647	425	114	6	1	391	1	410	1.27e-169	480
Dm_00019481-RA	AT5G42120.1	N/A	51.325	717	298	15	17	721	13	690	0.0	652
Dm_00016579-RA	AT5G05340.1	N/A	66.387	119	40	0	27	145	26	144	1.91e-51	166
Dm_00017399-RA	AT1G32130.1	N/A	51.598	438	156	10	9	442	8	393	1.12e-120	362
Dm_00018425-RA	AT1G11060.1	N/A	44.092	914	399	20	1	853	58	920	0.0	604
Dm_00018247-RA	AT2G03890.1	N/A	67.069	662	184	9	1	640	1	650	0.0	859
Dm_00012874-RA	AT1G05910.1	N/A	63.811	1249	389	21	1	1225	1	1210	0.0	1426
Dm_00012875-RA	AT1G05960.2	N/A	45.289	934	425	16	4	913	131	1002	0.0	712
Dm_00013570-RA	AT2G42520.1	N/A	71.799	578	130	8	1	561	1	562	0.0	819
Dm_00013548-RA	AT5G20610.1	N/A	33.061	1222	615	40	77	1159	6	1163	2.32e-149	479
Dm_00013064-RA	AT5G27650.1	N/A	36.119	1041	470	36	185	1134	136	1072	1.75e-147	471
Dm_00012083-RA	AT5G64360.2	N/A	38.964	521	231	16	9	519	17	460	2.64e-97	304
Dm_00010402-RA	AT3G55400.1	N/A	64.587	641	193	8	3	635	2	616	0.0	815
Dm_00010964-RA	AT5G08520.1	N/A	60.952	315	98	11	1	307	1	298	1.37e-114	333
Dm_00010918-RA	AT1G75850.1	N/A	76.254	678	140	2	1	678	134	790	0.0	1086
Dm_00011675-RA	AT3G26990.2	N/A	47.173	566	213	12	36	569	1	512	5.15e-145	428
Dm_00012781-RA	AT2G31890.1	N/A	62.791	559	194	5	81	636	102	649	0.0	632
Dm_00010574-RA	AT2G27150.1	N/A	56.127	1224	477	12	10	1229	49	1216	0.0	1377
Dm_00010050-RA	AT4G23840.1	N/A	48.551	552	278	4	9	556	2	551	4.72e-158	464
Dm_00009144-RA	AT3G32940.1	N/A	50.195	257	101	3	20	274	2	233	1.33e-72	250
Dm_00015606-RA	AT1G09620.1	N/A	71.809	1089	291	5	8	1092	5	1081	0.0	1651
Dm_00002422-RA	AT4G37270.1	N/A	72.316	708	194	2	113	819	95	801	0.0	1025
Dm_00002501-RA	AT1G06340.1	N/A	37.594	133	80	3	3	133	2	133	3.22e-27	99.4
Dm_00002509-RA	AT1G80070.1	N/A	95.151	2186	90	4	2	2174	1	2183	0.0	4259
Dm_00002850-RA	AT1G70060.2	N/A	46.621	1450	582	37	77	1466	2	1319	0.0	1113
Dm_00002853-RA	AT1G10460.1	N/A	57.073	205	87	1	17	220	13	217	3.62e-83	246
Dm_00002865-RA	AT1G05670.3	N/A	58.526	692	287	0	26	717	38	729	0.0	866
Dm_00002586-RA	AT4G02715.1	N/A	40.444	225	89	8	1	204	5	205	1.43e-38	132
Dm_00002926-RA	AT3G15730.1	N/A	70.122	820	228	7	1	813	1	810	0.0	1226
Dm_00002922-RA	AT3G01370.1	N/A	50.201	996	431	17	47	1008	47	1011	0.0	868
Dm_00002277-RA	AT4G35470.1	N/A	58.377	579	200	6	8	586	12	549	0.0	622
Dm_00002274-RA	AT1G55850.1	N/A	42.958	142	63	3	9	132	18	159	4.34e-29	112
Dm_00002103-RA	AT5G27220.1	N/A	25.467	589	380	22	18	584	524	1075	1.17e-23	108
Dm_00007195-RA	AT3G17740.1	N/A	47.010	836	390	12	13	835	1	796	0.0	670
Dm_00008152-RA	AT1G27850.1	N/A	55.094	481	171	8	21	493	1	444	5.21e-129	419
Dm_00006989-RA	AT5G58450.2	N/A	58.503	735	274	8	72	778	47	778	0.0	821
Dm_00008086-RA	AT1G55350.4	N/A	75.369	2168	479	13	1	2130	1	2151	0.0	3196
Dm_00010109-RA	AT4G16143.2	N/A	81.791	335	51	2	1	332	1	328	0.0	547
Dm_00011262-RA	AT5G15540.1	N/A	44.575	682	242	10	197	745	489	1167	1.27e-166	525
Dm_00011090-RA	AT3G13060.6	N/A	37.739	681	280	18	8	645	9	588	1.02e-118	367
Dm_00009452-RA	AT5G14720.2	N/A	63.289	602	189	7	56	638	5	593	0.0	783
Dm_00009827-RA	AT5G57360.1	N/A	83.946	517	75	3	1	517	98	606	0.0	884
Dm_00007815-RA	AT3G59910.2	N/A	72.034	590	149	6	31	611	24	606	0.0	847
Dm_00009857-RA	AT1G64550.1	N/A	78.247	308	59	2	6	310	204	506	1.13e-178	512
Dm_00007626-RA	AT5G40400.2	N/A	51.269	591	282	4	29	614	82	671	0.0	608
Dm_00015609-RA	AT5G04040.2	N/A	81.664	529	93	3	1	527	1	527	0.0	905
Dm_00014739-RA	AT1G48620.1	N/A	36.158	354	115	16	35	319	78	389	9.27e-27	110
Dm_00015764-RA	AT5G03340.1	N/A	91.885	801	59	4	1	797	1	799	0.0	1511
Dm_00015712-RA	AT5G07980.2	N/A	31.230	951	498	34	809	1731	679	1501	3.95e-78	287
Dm_00015168-RA	AT1G03080.2	N/A	43.680	1424	732	9	2	1373	1	1406	0.0	988
Dm_00000827-RA	AT3G20720.2	N/A	59.259	1215	438	13	1	1176	1	1197	0.0	1409
Dm_00000837-RA	AT5G12370.2	N/A	80.952	840	142	7	12	850	3	825	0.0	1334
Dm_00000831-RA	AT4G04790.3	N/A	42.141	439	232	7	174	593	53	488	3.27e-100	323
Dm_00000842-RA	AT4G27070.1	N/A	73.876	467	98	3	26	491	32	475	0.0	696
Dm_00000861-RA	AT1G50660.1	N/A	50.652	537	187	18	1	472	202	725	2.39e-153	453
Dm_00000865-RA	AT2G05710.1	N/A	84.755	938	137	2	82	1018	58	990	0.0	1685
Dm_00000858-RA	AT2G13600.1	N/A	35.102	490	276	6	14	465	152	637	1.46e-99	313
Dm_00000570-RA	AT1G08960.1	N/A	64.706	544	162	8	19	545	16	546	0.0	644
Dm_00000587-RA	AT1G09020.1	N/A	70.348	489	123	3	1	470	1	486	0.0	691
Dm_00000596-RA	AT1G09040.1	N/A	40.393	458	215	16	45	469	29	461	1.32e-94	313
Dm_00000595-RA	AT1G09040.1	N/A	40.163	615	298	19	64	646	31	607	7.29e-115	380
Dm_00000598-RA	AT1G09060.3	N/A	48.262	978	402	18	9	957	30	932	0.0	864
Dm_00000600-RA	AT5G27650.1	N/A	38.551	1035	457	35	150	1088	121	1072	2.17e-163	511
Dm_00003725-RA	AT1G79930.1	N/A	78.772	782	161	2	1	780	1	779	0.0	1280
Dm_00003552-RA	AT1G08800.3	N/A	42.258	310	138	8	541	847	771	1042	1.92e-52	200
Dm_00003747-RA	AT1G07540.1	N/A	46.311	488	180	9	274	747	211	630	6.49e-114	358
Dm_00003811-RA	AT4G02350.1	N/A	69.900	804	216	4	1	795	1	787	0.0	1142
Dm_00003803-RA	AT1G13980.2	N/A	67.950	1429	445	6	35	1457	15	1436	0.0	1991
Dm_00004163-RA	AT3G49500.5	N/A	62.881	1083	382	7	36	1109	123	1194	0.0	1384
Dm_00004413-RA	AT1G71010.1	N/A	54.101	1146	421	23	1	1102	564	1648	0.0	1116
Dm_00000436-RA	AT5G13930.1	N/A	66.838	389	128	1	11	398	7	395	0.0	563
Dm_00000446-RA	AT5G53480.1	N/A	81.473	869	161	0	7	875	1	869	0.0	1468
Dm_00000460-RA	AT5G53440.1	N/A	30.597	670	328	27	242	890	380	933	2.63e-62	232
Dm_00001232-RA	AT1G08420.1	N/A	84.277	1024	125	6	1	1001	1	1011	0.0	1702
Dm_00001265-RA	AT2G30600.6	N/A	55.911	626	246	3	1	623	1	599	0.0	712
Dm_00001253-RA	AT5G42220.1	N/A	45.238	462	189	10	1	458	1	402	4.89e-101	322
Dm_00000631-RA	AT2G25660.1	N/A	57.822	2378	752	27	1	2340	1	2165	0.0	2589
Dm_00000632-RA	AT4G32620.1	N/A	37.450	1765	813	55	1	1713	1	1526	0.0	879
Dm_00000638-RA	AT1G16650.1	N/A	52.564	546	228	10	6	549	5	521	0.0	529
Dm_00017149-RA	AT3G13080.1	N/A	45.811	1480	698	24	9	1427	47	1483	0.0	1202
Dm_00011780-RA	AT3G16630.1	N/A	69.502	823	196	20	3	803	2	791	0.0	1071
Dm_00009770-RA	AT5G05210.1	N/A	47.135	384	152	9	23	370	14	382	1.82e-84	262
Dm_00012972-RA	AT1G04280.2	N/A	54.286	105	47	1	24	128	8	111	1.02e-31	117
Dm_00012539-RA	AT4G38430.1	N/A	60.755	609	176	15	1	607	1	548	0.0	646
Dm_00016766-RA	AT2G29190.2	N/A	47.960	809	322	24	1	787	1	732	0.0	595
Dm_00016627-RA	AT4G09730.1	N/A	62.654	648	189	11	23	664	18	618	0.0	739
Dm_00015351-RA	AT1G72820.1	N/A	75.358	349	77	4	1	346	1	343	0.0	522
Dm_00017356-RA	AT1G12700.1	N/A	33.641	541	295	4	16	493	57	596	7.94e-102	323
Dm_00014066-RA	AT1G29500.1	N/A	48.438	128	59	3	1	127	1	122	1.10e-35	120
Dm_00016671-RA	AT1G21450.1	N/A	59.965	567	184	12	8	550	46	593	0.0	657
Dm_00017021-RA	AT1G72710.1	N/A	93.137	306	20	1	1	306	1	305	0.0	604
Dm_00015134-RA	AT4G02280.1	N/A	82.099	486	86	1	1	485	78	563	0.0	845
Dm_00001959-RA	AT2G34970.1	N/A	57.678	267	77	4	7	237	11	277	3.54e-96	297
Dm_00001972-RA	AT5G16520.1	N/A	50.476	630	265	10	8	616	3	606	0.0	614
Dm_00002179-RA	AT1G69440.1	N/A	66.929	889	249	12	30	918	147	990	0.0	1207
Dm_00002018-RA	AT3G04470.1	N/A	68.095	630	169	11	1	626	1	602	0.0	812
Dm_00001537-RA	AT5G16750.1	N/A	49.408	676	301	8	45	703	1	652	0.0	619
Dm_00001543-RA	AT4G30990.3	N/A	42.501	2287	1096	42	47	2302	222	2320	0.0	1599
Dm_00001549-RA	AT4G13780.1	N/A	70.913	832	180	3	14	825	8	797	0.0	1212
Dm_00001542-RA	AT4G30990.1	N/A	43.265	245	77	5	1	244	1	184	7.83e-51	178
Dm_00005482-RA	AT3G61480.2	N/A	69.273	1100	311	9	1	1083	1	1090	0.0	1529
Dm_00005072-RA	AT4G31160.1	N/A	52.830	1908	644	38	72	1906	47	1771	0.0	1670
Dm_00004987-RA	AT4G21710.1	N/A	91.137	1196	94	1	14	1209	4	1187	0.0	2280
Dm_00004984-RA	AT2G33770.1	N/A	47.687	908	398	16	23	886	27	901	0.0	794
Dm_00004986-RA	AT4G04970.1	N/A	66.722	1794	556	14	33	1812	2	1768	0.0	2402
Dm_00006042-RA	AT4G27010.2	N/A	35.815	2767	1433	65	46	2678	17	2574	0.0	1351
Dm_00015447-RA	AT1G08680.5	N/A	35.374	588	248	21	13	535	55	575	4.16e-77	255
Dm_00014798-RA	AT3G62310.1	N/A	82.914	755	96	2	1	755	1	722	0.0	1320
Dm_00011753-RA	AT5G47010.1	N/A	58.333	192	63	6	1	187	1	180	1.44e-57	196
Dm_00011896-RA	AT5G65460.4	N/A	64.338	544	176	4	3	528	108	651	0.0	694
Dm_00011579-RA	AT3G23660.1	N/A	75.933	777	171	6	4	778	3	765	0.0	1236
Dm_00010384-RA	AT4G04850.2	N/A	78.515	633	131	3	512	1144	80	707	0.0	967
Dm_00011430-RA	AT1G68690.3	N/A	63.239	457	154	6	278	725	246	697	0.0	595
Dm_00019618-RA	AT1G17160.1	N/A	66.492	382	84	4	42	417	33	376	1.09e-170	483
Dm_00004713-RA	AT2G30800.1	N/A	56.314	1172	422	19	7	1121	70	1208	0.0	1246
Dm_00004971-RA	AT2G17200.1	N/A	60.089	451	150	9	1	440	1	432	3.38e-165	476
Dm_00004826-RA	AT5G39960.1	N/A	61.140	579	201	10	39	608	58	621	0.0	690
Dm_00004827-RA	AT1G80080.1	N/A	61.625	443	166	3	17	457	16	456	0.0	555
Dm_00004825-RA	AT3G15800.1	N/A	72.222	342	92	2	24	364	38	377	2.60e-180	507
Dm_00003930-RA	AT3G50370.2	N/A	40.757	2326	967	81	50	2284	1	2006	0.0	1211
Dm_00004423-RA	AT1G31730.1	N/A	66.837	980	236	15	1	934	1	937	0.0	1250
Dm_00004369-RA	AT1G02020.1	N/A	64.950	602	184	9	53	649	59	638	0.0	791
Dm_00004367-RA	AT2G46020.2	N/A	59.207	2270	726	49	90	2299	64	2193	0.0	2382
Dm_00001215-RA	AT4G26640.3	N/A	50.987	304	100	6	109	412	34	288	1.29e-87	276
Dm_00001214-RA	AT5G16460.1	N/A	44.156	308	163	4	14	321	23	321	6.84e-86	266
Dm_00001230-RA	AT3G04160.3	N/A	41.875	480	256	10	97	569	95	558	4.60e-112	357
Dm_00001938-RA	AT1G16020.1	N/A	54.450	573	190	6	7	576	2	506	0.0	622
Dm_00001952-RA	AT5G25060.1	N/A	68.265	980	258	15	110	1077	5	943	0.0	1228
Dm_00002313-RA	AT5G10930.1	N/A	67.890	436	130	6	9	437	5	437	0.0	612
Dm_00002327-RA	AT5G64270.1	N/A	84.676	1279	177	6	1	1270	1	1269	0.0	2130
Dm_00002337-RA	AT3G15920.1	N/A	40.227	706	337	14	5	668	91	753	8.44e-136	416
Dm_00003653-RA	AT1G80000.4	N/A	37.643	611	272	25	4	603	7	519	1.58e-73	247
Dm_00019678-RA	AT5G09810.1	N/A	98.408	377	6	0	1	377	1	377	0.0	772
Dm_00020126-RA	AT5G51300.2	N/A	61.518	764	230	18	42	769	2	737	0.0	820
Dm_00020363-RA	AT4G22350.2	N/A	70.662	559	132	7	11	563	6	538	0.0	741
Dm_00001837-RA	AT1G54490.1	N/A	53.211	109	51	0	1	109	361	469	1.04e-35	129
Dm_00001446-RA	AT4G27450.1	N/A	62.313	268	83	3	1	268	1	250	5.66e-118	338
Dm_00001454-RA	AT4G21670.1	N/A	47.943	1045	386	21	3	1000	6	939	0.0	876
Dm_00001462-RA	AT2G35630.1	N/A	81.395	129	24	0	2	130	3	131	3.51e-67	219
Dm_00002084-RA	AT4G17330.3	N/A	36.027	1349	638	42	889	2202	816	1974	3.40e-174	587
Dm_00002090-RA	AT5G47490.1	N/A	43.862	1336	590	33	206	1499	144	1361	0.0	929
Dm_00002092-RA	AT4G16600.1	N/A	69.191	383	118	0	1	383	112	494	0.0	577
Dm_00008673-RA	AT1G53190.2	N/A	32.168	572	273	25	6	541	1	493	2.62e-59	204
Dm_00009687-RA	AT3G14470.1	N/A	32.751	229	143	5	2	223	250	474	3.43e-35	132
Dm_00006952-RA	AT2G03890.1	N/A	65.361	664	190	15	1	638	1	650	0.0	828
Dm_00006950-RA	AT5G55840.1	N/A	48.662	1009	516	2	1	1007	127	1135	0.0	996
Dm_00006946-RA	AT1G55860.1	N/A	55.782	147	64	1	1	146	741	887	4.06e-42	163
Dm_00009549-RA	AT2G17510.1	N/A	77.952	957	187	3	1	957	1	933	0.0	1553
Dm_00009207-RA	AT4G36630.1	N/A	68.900	1000	297	7	1	996	1	990	0.0	1417
Dm_00007185-RA	AT1G17720.2	N/A	82.072	502	74	6	26	515	3	500	0.0	846
Dm_00007908-RA	AT3G16270.1	N/A	53.868	698	284	16	1	681	1	677	0.0	660
Dm_00009636-RA	AT1G51580.1	N/A	35.039	645	363	19	46	682	21	617	4.12e-95	307
Dm_00009761-RA	AT4G34450.1	N/A	82.844	886	141	1	1	875	1	886	0.0	1522
Dm_00012586-RA	AT4G36650.1	N/A	74.817	409	83	6	1	405	1	393	0.0	582
Dm_00014515-RA	AT3G13870.2	N/A	63.073	436	130	5	16	442	301	714	0.0	559
Dm_00014514-RA	AT1G72960.2	N/A	78.142	366	57	1	2	344	4	369	0.0	575
Dm_00017320-RA	AT1G13960.1	N/A	53.945	545	199	18	1	524	1	514	2.25e-159	463
Dm_00009733-RA	AT4G38600.3	N/A	67.545	1821	554	19	81	1892	96	1888	0.0	2264
Dm_00014594-RA	AT2G13620.1	N/A	32.822	783	472	14	33	777	23	789	1.43e-127	402
Dm_00011420-RA	AT3G12810.2	N/A	62.096	1641	571	19	1	1615	380	1995	0.0	1876
Dm_00013017-RA	AT4G04940.1	N/A	68.548	957	237	9	1	951	1	899	0.0	1331
Dm_00000467-RA	AT3G53390.1	N/A	66.406	512	150	7	28	522	24	530	0.0	707
Dm_00000475-RA	AT3G59100.1	N/A	57.711	402	121	8	2	396	3	362	4.21e-134	440
Dm_00015582-RA	AT3G27700.1	N/A	42.556	853	421	23	1	836	1	801	0.0	573
Dm_00015545-RA	AT3G55220.1	N/A	86.881	1212	157	2	1	1211	1	1211	0.0	2214
Dm_00014646-RA	AT5G14080.1	N/A	48.177	631	325	2	5	634	2	631	0.0	594
Dm_00015676-RA	AT1G03670.1	N/A	27.536	621	333	22	60	650	44	577	7.90e-35	141
Dm_00012516-RA	AT2G30720.1	N/A	72.840	405	96	5	1	402	56	449	0.0	594
Dm_00012208-RA	AT5G23960.2	N/A	38.390	534	313	11	19	550	26	545	1.36e-123	374
Dm_00014287-RA	AT1G29940.1	N/A	37.500	168	66	3	10	138	15	182	3.98e-30	115
Dm_00014160-RA	AT5G12400.1	N/A	39.351	709	366	18	1	663	1	691	1.37e-128	416
Dm_00014159-RA	AT5G12400.1	N/A	42.931	778	369	22	178	938	872	1591	2.32e-176	562
Dm_00012114-RA	AT5G46840.1	N/A	49.536	323	123	4	32	319	21	338	6.56e-86	267
Dm_00011663-RA	AT5G22030.1	N/A	49.573	117	51	3	6	120	6	116	7.90e-29	109
Dm_00009224-RA	AT4G38180.1	N/A	35.122	615	339	12	13	593	73	661	2.00e-115	371
Dm_00017768-RA	AT3G61670.1	N/A	30.568	687	383	20	284	935	146	773	5.02e-66	237
Dm_00015249-RA	AT3G07100.1	N/A	60.529	1059	319	12	1	981	1	1038	0.0	1248
Dm_00017749-RA	AT3G53540.1	N/A	32.422	512	297	17	4	489	51	539	5.36e-49	184
Dm_00001099-RA	AT4G26680.1	N/A	57.717	473	200	0	24	496	40	512	0.0	592
Dm_00000667-RA	AT4G18780.1	N/A	75.956	994	164	10	1	928	1	985	0.0	1523
Dm_00000680-RA	AT5G45890.1	N/A	54.412	340	147	4	22	357	9	344	5.57e-132	381
Dm_00000674-RA	AT4G18600.3	N/A	39.095	243	114	4	28	261	52	269	7.83e-42	169
Dm_00000698-RA	AT4G18465.1	N/A	74.456	689	164	4	4	682	3	689	0.0	1068
Dm_00000701-RA	AT2G34040.3	N/A	67.758	397	111	4	13	408	12	392	0.0	550
Dm_00001499-RA	AT1G10390.2	N/A	43.633	479	188	16	350	754	106	576	2.46e-61	227
Dm_00001508-RA	AT3G13330.1	N/A	67.033	1820	581	12	1	1810	1	1811	0.0	2495
Dm_00001510-RA	AT3G13300.1	N/A	54.682	1399	524	21	2	1347	3	1344	0.0	1415
Dm_00001520-RA	AT3G13224.2	N/A	67.347	294	78	6	1	283	1	287	2.67e-111	328
Dm_00001519-RA	AT3G07660.1	N/A	31.957	460	224	25	449	824	293	747	1.11e-29	127
Dm_00001927-RA	AT3G23590.1	N/A	47.500	240	125	1	14	253	9	247	7.47e-69	230
Dm_00001591-RA	AT1G22960.1	N/A	42.280	693	388	4	36	727	35	716	0.0	543
Dm_00001594-RA	AT2G01130.1	N/A	69.831	1064	308	4	163	1220	56	1112	0.0	1534
Dm_00010807-RA	AT4G15840.1	N/A	55.887	705	260	14	8	702	40	703	0.0	707
Dm_00009829-RA	AT1G73460.1	N/A	67.308	728	231	5	41	765	384	1107	0.0	933
Dm_00009077-RA	AT1G59750.4	N/A	67.051	607	175	6	5	603	15	604	0.0	807
Dm_00009796-RA	AT1G74840.2	N/A	52.119	236	93	6	10	240	15	235	2.76e-61	194
Dm_00009797-RA	AT5G62600.1	N/A	69.444	972	277	4	4	972	1	955	0.0	1366
Dm_00010749-RA	AT1G58110.1	N/A	47.382	382	177	10	1	373	1	367	2.72e-86	266
Dm_00011561-RA	AT2G44710.4	N/A	54.286	280	127	1	253	532	110	388	6.25e-95	317
Dm_00013037-RA	AT1G55620.2	N/A	64.144	806	234	9	50	837	11	779	0.0	983
Dm_00012058-RA	AT2G26140.1	N/A	86.520	408	50	1	1	408	275	677	0.0	738
Dm_00012908-RA	AT3G13990.2	N/A	42.350	817	394	26	39	825	78	847	4.33e-163	495
Dm_00010864-RA	AT5G03340.1	N/A	91.855	798	60	2	9	801	13	810	0.0	1500
Dm_00011504-RA	AT5G58040.2	N/A	37.025	1210	556	45	241	1414	154	1193	2.33e-162	521
Dm_00010645-RA	AT5G13890.1	N/A	58.842	311	119	3	1	303	1	310	1.64e-103	305
Dm_00011031-RA	AT2G45290.2	N/A	80.514	739	136	3	1	732	1	738	0.0	1250
Dm_00012084-RA	AT1G79000.2	N/A	56.371	1813	630	30	1	1771	1	1694	0.0	1901
Dm_00011643-RA	AT1G03100.1	N/A	67.455	719	230	2	66	780	74	792	0.0	1022
Dm_00011684-RA	AT3G15000.1	N/A	54.321	162	55	4	17	169	11	162	4.56e-44	150
Dm_00012191-RA	AT1G68930.1	N/A	57.527	744	310	3	4	743	2	743	0.0	922
Dm_00012193-RA	AT3G30390.2	N/A	65.227	463	150	6	1	458	1	457	0.0	593
Dm_00010381-RA	AT5G65180.1	N/A	51.852	405	171	4	8	408	1	385	6.22e-131	389
Dm_00001194-RA	AT4G27990.1	N/A	48.421	190	73	7	62	249	49	215	7.37e-47	155
Dm_00001201-RA	AT2G32000.1	N/A	70.628	892	227	5	108	998	8	865	0.0	1302
Dm_00000007-RA	AT5G01960.1	N/A	65.762	479	109	8	1	477	1	426	0.0	621
Dm_00000023-RA	AT4G32010.2	N/A	51.189	715	291	14	14	717	1	668	0.0	690
Dm_00000024-RA	AT5G59310.1	N/A	45.763	118	49	4	12	128	5	108	4.62e-27	97.4
Dm_00000018-RA	AT1G61670.1	N/A	61.686	522	188	4	25	545	3	513	0.0	634
Dm_00000035-RA	AT3G51640.1	N/A	46.222	900	412	19	1	886	1	842	0.0	620
Dm_00000041-RA	AT3G08850.1	N/A	73.542	1372	327	16	1	1364	1	1344	0.0	1967
Dm_00000045-RA	AT3G08840.13	N/A	75.410	61	15	0	113	173	72	132	3.97e-25	100
Dm_00017794-RA	AT2G37520.1	N/A	49.398	830	300	15	39	823	37	791	0.0	728
Dm_00017331-RA	AT2G04032.1	N/A	54.396	364	151	5	19	381	16	365	4.90e-131	380
Dm_00017519-RA	AT2G37230.1	N/A	63.418	749	261	5	1	738	1	747	0.0	974
Dm_00020200-RA	AT1G10170.2	N/A	59.845	1158	388	21	1	1127	5	1116	0.0	1336
Dm_00019398-RA	AT1G29500.1	N/A	48.438	128	59	3	1	127	1	122	1.10e-35	120
Dm_00016274-RA	AT4G30100.1	N/A	61.677	1336	429	23	1	1314	1	1275	0.0	1568
Dm_00014561-RA	AT1G66340.1	N/A	62.538	662	190	4	1	657	1	609	0.0	824
Dm_00016584-RA	AT5G46920.1	N/A	74.899	741	163	6	1	732	1	727	0.0	1109
Dm_00004015-RA	AT2G16485.1	N/A	58.387	310	109	5	263	564	767	1064	1.34e-97	327
Dm_00004014-RA	AT4G39010.1	N/A	72.093	473	132	0	23	495	22	494	0.0	722
Dm_00003797-RA	AT5G35430.1	N/A	44.262	854	389	20	3	845	1	778	0.0	608
Dm_00003793-RA	AT2G11520.1	N/A	57.436	195	72	5	262	454	160	345	5.17e-58	200
Dm_00003956-RA	AT1G60070.1	N/A	63.027	522	168	7	5	517	357	862	0.0	656
Dm_00004252-RA	AT4G38120.3	N/A	45.798	1190	585	16	8	1169	6	1163	0.0	912
Dm_00020342-RA	AT2G44730.1	N/A	50.909	110	54	0	20	129	57	166	3.58e-31	122
Dm_00001778-RA	AT2G36480.1	N/A	37.364	1100	512	41	3	1063	1	962	1.39e-166	516
Dm_00001782-RA	AT2G36430.1	N/A	55.374	428	181	7	43	463	22	446	3.73e-164	471
Dm_00001884-RA	AT3G07660.1	N/A	29.529	850	460	39	6	764	3	804	8.15e-37	149
Dm_00001881-RA	AT5G47750.1	N/A	75.468	534	85	10	132	657	91	586	0.0	791
Dm_00001900-RA	AT3G13300.1	N/A	51.132	1457	540	25	21	1418	1	1344	0.0	1317
Dm_00001302-RA	AT5G23150.2	N/A	71.324	136	38	1	964	1098	812	947	1.27e-55	212
Dm_00001306-RA	AT3G13530.1	N/A	67.235	1465	362	24	1	1444	1	1368	0.0	1850
Dm_00001308-RA	AT1G32130.1	N/A	55.575	565	178	12	1	555	1	502	0.0	532
Dm_00001304-RA	AT4G17616.1	N/A	42.748	655	348	8	75	725	38	669	2.58e-170	505
Dm_00001310-RA	AT3G19870.2	N/A	52.286	1159	494	16	2	1150	7	1116	0.0	1129
Dm_00005593-RA	AT2G42760.1	N/A	51.639	122	46	4	145	253	145	266	3.79e-29	111
Dm_00005944-RA	AT2G23390.2	N/A	55.263	228	86	1	114	325	39	266	2.42e-84	258
Dm_00005377-RA	AT2G03070.1	N/A	59.672	305	99	5	34	338	14	294	1.56e-120	359
Dm_00005006-RA	AT5G20350.1	N/A	69.207	643	172	4	1	641	1	619	0.0	907
Dm_00008104-RA	AT1G69360.1	N/A	30.170	1117	527	45	1	1087	1	894	8.40e-88	303
Dm_00009310-RA	AT5G09420.1	N/A	54.728	497	214	3	5	500	8	494	0.0	541
Dm_00007435-RA	AT5G04560.1	N/A	64.799	571	175	5	1298	1861	1145	1696	0.0	764
Dm_00008729-RA	AT5G54730.1	N/A	42.680	806	316	24	26	815	23	698	2.45e-173	519
Dm_00008704-RA	AT1G48950.1	N/A	45.562	338	144	9	3	317	103	423	7.15e-82	265
Dm_00008776-RA	AT3G03960.1	N/A	83.796	432	69	1	1	431	2	433	0.0	750
Dm_00008983-RA	AT5G65950.1	N/A	56.566	1188	466	9	1	1146	1	1180	0.0	1339
Dm_00008854-RA	AT1G25580.1	N/A	58.772	456	159	8	1	435	1	448	0.0	526
Dm_00009401-RA	AT1G29940.1	N/A	58.779	262	84	2	54	314	495	733	4.61e-100	320
Dm_00003940-RA	AT4G27640.1	N/A	80.144	695	137	1	1	695	1	694	0.0	1127
Dm_00004299-RA	AT5G24740.5	N/A	35.385	1495	864	25	92	1544	842	2276	0.0	805
Dm_00004298-RA	AT5G24740.5	N/A	37.171	304	159	6	6	298	2282	2564	3.94e-48	174
Dm_00004297-RA	AT5G24740.5	N/A	43.003	393	187	7	14	381	2720	3100	7.84e-87	288
Dm_00004570-RA	AT4G17140.1	N/A	50.331	1663	639	21	31	1648	351	1871	0.0	1523
Dm_00004571-RA	AT4G17140.3	N/A	58.506	482	195	2	45	521	2140	2621	0.0	590
Dm_00005047-RA	AT3G15550.1	N/A	38.655	595	291	18	256	827	186	729	6.90e-88	294
Dm_00003765-RA	AT5G04460.1	N/A	58.746	909	309	12	9	900	4	863	0.0	903
Dm_00005074-RA	AT5G38840.1	N/A	51.872	721	285	15	36	736	57	735	0.0	627
Dm_00005454-RA	AT4G04910.1	N/A	75.729	754	164	2	3	756	5	739	0.0	1188
Dm_00005448-RA	AT5G17690.2	N/A	52.222	90	42	1	117	206	100	188	3.71e-23	100
Dm_00005681-RA	AT3G04350.1	N/A	61.005	577	206	8	1	568	1	567	0.0	711
Dm_00001688-RA	AT5G50230.1	N/A	67.793	503	162	0	8	510	3	505	0.0	743
Dm_00001702-RA	AT4G24715.1	N/A	46.186	236	114	6	20	253	2	226	4.90e-63	197
Dm_00002065-RA	AT4G38380.2	N/A	50.446	561	207	9	18	568	37	536	2.29e-166	489
Dm_00002077-RA	AT2G06000.1	N/A	52.579	504	232	5	62	559	9	511	0.0	526
Dm_00001829-RA	AT3G05090.1	N/A	68.742	755	213	4	1	743	6	749	0.0	1044
Dm_00001826-RA	AT4G10730.2	N/A	80.272	294	58	0	44	337	68	361	4.17e-180	516
Dm_00001836-RA	AT1G54490.2	N/A	80.878	319	56	1	1	319	10	323	0.0	523
Dm_00001839-RA	AT1G54490.2	N/A	55.385	195	49	1	13	207	435	591	3.85e-62	208
Dm_00020310-RA	AT2G43500.10	N/A	48.179	961	375	23	28	931	33	927	0.0	775
Dm_00019603-RA	AT5G28370.1	N/A	42.963	135	65	2	66	198	301	425	6.41e-26	104
Dm_00019517-RA	AT1G79060.1	N/A	47.952	415	148	14	1	402	1	360	1.17e-77	248
Dm_00019674-RA	AT4G24715.1	N/A	46.186	236	114	6	20	253	2	226	4.90e-63	197
Dm_00012944-RA	AT1G67930.1	N/A	67.551	829	248	7	32	850	15	832	0.0	1061
Dm_00012989-RA	AT3G54670.1	N/A	59.803	1219	445	8	1	1187	1	1206	0.0	1404
Dm_00012956-RA	AT5G22830.2	N/A	76.238	303	71	1	122	424	123	424	1.28e-150	437
Dm_00011771-RA	AT3G14010.5	N/A	39.688	577	281	17	86	627	53	597	1.42e-108	340
Dm_00012783-RA	AT5G14050.1	N/A	61.290	558	193	6	4	552	3	546	0.0	680
Dm_00013579-RA	AT4G32850.8	N/A	63.667	600	167	3	4	603	19	567	0.0	777
Dm_00013244-RA	AT2G39950.1	N/A	46.205	606	254	19	74	664	50	598	1.99e-141	430
Dm_00007253-RA	AT1G68570.1	N/A	70.508	295	81	2	1	291	1	293	5.06e-139	406
Dm_00007252-RA	AT1G68570.2	N/A	66.978	321	92	4	4	321	252	561	9.34e-152	437
Dm_00007965-RA	AT1G12680.1	N/A	55.136	477	192	10	5	468	3	470	1.29e-173	496
Dm_00008975-RA	AT1G72390.1	N/A	42.584	1099	519	37	52	1086	109	1159	0.0	671
Dm_00007976-RA	AT1G13980.2	N/A	77.307	1441	313	5	1	1437	1	1431	0.0	2287
Dm_00008151-RA	AT3G52250.2	N/A	30.290	482	298	13	241	714	326	777	7.50e-41	162
Dm_00007438-RA	AT4G33630.3	N/A	47.539	711	326	11	11	702	1	683	0.0	554
Dm_00007876-RA	AT3G12640.2	N/A	37.127	703	351	18	1	657	1	658	3.79e-119	370
Dm_00020933-RA	AT2G02160.1	N/A	37.308	587	280	28	1	560	48	573	2.17e-72	248
Dm_00011819-RA	AT2G19710.1	N/A	61.026	195	71	1	7	201	13	202	7.51e-72	234
Dm_00011951-RA	AT4G38180.1	N/A	48.305	118	44	2	1	101	291	408	1.04e-32	119
Dm_00011711-RA	AT4G09980.1	N/A	56.398	805	233	17	499	1250	175	914	0.0	756
Dm_00008772-RA	AT3G58660.1	N/A	58.000	250	103	2	8	255	18	267	5.65e-102	310
Dm_00008771-RA	AT3G01720.1	N/A	82.927	205	35	0	3	207	100	304	5.49e-126	374
Dm_00007858-RA	AT5G20490.3	N/A	71.599	838	217	4	3	821	626	1461	0.0	1206
Dm_00007859-RA	AT5G20490.1	N/A	85.881	687	97	0	80	766	3	689	0.0	1270
Dm_00009367-RA	AT1G60170.1	N/A	69.679	498	102	3	1	496	1	451	0.0	625
Dm_00009814-RA	AT2G45540.6	N/A	71.804	876	236	6	42	909	41	913	0.0	1233
Dm_00001556-RA	AT5G01960.1	N/A	53.273	443	117	8	1	405	1	391	2.06e-152	438
Dm_00001572-RA	AT5G07400.1	N/A	46.992	1064	477	23	70	1103	15	1021	0.0	868
Dm_00001414-RA	AT1G17370.1	N/A	75.179	419	77	5	26	441	24	418	0.0	628
Dm_00001416-RA	AT3G11330.1	N/A	54.682	534	204	8	2	535	4	499	0.0	521
Dm_00001417-RA	AT4G24690.1	N/A	37.595	657	297	19	2	647	5	559	3.22e-113	356
Dm_00001477-RA	AT4G10570.1	N/A	55.832	926	346	17	1	893	1	896	0.0	975
Dm_00018122-RA	AT5G37510.1	N/A	77.937	766	148	3	1	766	1	745	0.0	1213
Dm_00016850-RA	AT1G01510.1	N/A	66.086	631	207	6	19	645	2	629	0.0	820
Dm_00016655-RA	AT3G57990.1	N/A	33.415	410	196	15	1	376	1	367	3.46e-49	170
Dm_00017927-RA	AT2G32730.1	N/A	81.405	1011	167	10	1	997	1	1004	0.0	1598
Dm_00018169-RA	AT4G33650.1	N/A	66.334	802	202	10	21	816	29	768	0.0	1046
Dm_00017605-RA	AT5G38640.1	N/A	63.220	677	183	14	1	665	1	623	0.0	747
Dm_00013386-RA	AT4G31570.3	N/A	35.489	1747	1014	25	440	2129	394	2084	0.0	775
Dm_00014151-RA	AT3G09060.1	N/A	54.307	685	312	1	1	684	1	685	0.0	791
Dm_00014182-RA	AT2G30990.5	N/A	31.523	663	327	26	85	711	6	577	2.32e-53	194
Dm_00013686-RA	AT1G59610.1	N/A	73.391	932	187	13	1	883	1	920	0.0	1281
Dm_00009608-RA	AT5G16210.1	N/A	67.257	113	35	2	161	272	67	178	7.38e-39	145
Dm_00013672-RA	AT1G67230.1	N/A	45.036	1108	544	18	15	1099	3	1068	0.0	787
Dm_00011806-RA	AT5G20490.2	N/A	75.180	1527	353	3	33	1535	3	1527	0.0	2395
Dm_00006275-RA	AT1G34260.1	N/A	44.459	1516	646	30	324	1827	125	1456	0.0	1138
Dm_00018635-RA	AT3G43240.1	N/A	59.747	790	266	7	2	788	1	741	0.0	934
Dm_00017934-RA	AT5G02850.1	N/A	57.590	415	144	7	66	457	1	406	1.05e-120	360
Dm_00007192-RA	AT4G03500.2	N/A	33.635	553	242	12	123	604	79	577	2.36e-80	267
Dm_00006585-RA	AT1G22870.1	N/A	77.600	500	110	2	1	500	1	498	0.0	827
Dm_00006743-RA	AT3G25840.1	N/A	34.963	409	200	11	372	748	231	605	2.03e-26	116
Dm_00006651-RA	AT3G07660.1	N/A	44.107	823	383	30	2	786	58	841	5.69e-167	504
Dm_00006653-RA	AT4G12710.1	N/A	51.613	248	79	2	24	231	122	368	2.57e-74	231
Dm_00005740-RA	AT1G32340.1	N/A	36.031	383	197	6	12	354	12	386	8.28e-72	236
Dm_00009954-RA	AT4G12570.1	N/A	43.387	620	311	12	30	626	184	786	1.21e-166	498
Dm_00010391-RA	AT2G25970.1	N/A	47.493	678	249	25	1	658	1	591	1.07e-128	394
Dm_00008773-RA	AT3G58760.5	N/A	68.718	390	121	1	79	467	112	501	0.0	555
Dm_00009262-RA	AT1G32230.3	N/A	36.527	501	282	11	3	493	1	475	4.70e-97	305
Dm_00010119-RA	AT1G35660.1	N/A	49.331	1494	612	32	11	1474	27	1405	0.0	1276
Dm_00007974-RA	AT3G58500.1	N/A	92.971	313	22	0	1	313	1	313	0.0	618
Dm_00008368-RA	AT4G13710.1	N/A	78.820	373	79	0	14	386	98	470	0.0	651
Dm_00008976-RA	AT1G58030.1	N/A	57.821	358	115	5	1	332	268	615	2.64e-131	388
Dm_00008270-RA	AT1G18800.1	N/A	66.667	111	37	0	130	240	17	127	1.18e-40	140
Dm_00009765-RA	AT1G79540.1	N/A	48.988	741	363	6	37	775	36	763	0.0	702
Dm_00012873-RA	AT1G04300.6	N/A	39.632	979	390	34	59	995	1	820	6.98e-146	455
Dm_00011346-RA	AT1G49040.3	N/A	57.746	142	52	3	16	150	413	553	2.36e-44	156
Dm_00013038-RA	AT3G09090.2	N/A	86.747	83	11	0	32	114	26	108	5.06e-47	160
Dm_00013465-RA	AT3G09370.2	N/A	50.857	525	196	15	3	517	23	495	5.88e-158	460
Dm_00013463-RA	AT3G22220.4	N/A	45.527	749	380	9	1	734	1	736	0.0	677
Dm_00012164-RA	AT5G46580.1	N/A	55.509	717	299	9	1	712	1	702	0.0	832
Dm_00013550-RA	AT1G43850.1	N/A	58.209	871	249	30	1	832	1	795	0.0	698
Dm_00012670-RA	AT2G05230.1	N/A	48.189	718	311	20	1	672	1	703	0.0	622
Dm_00012797-RA	AT4G23460.1	N/A	80.138	871	119	5	1	827	1	861	0.0	1379
Dm_00001337-RA	AT5G51340.1	N/A	55.907	728	275	5	1	684	1	726	0.0	776
Dm_00001345-RA	AT2G27950.1	N/A	44.136	324	179	1	1	324	1	322	2.24e-68	244
Dm_00002233-RA	AT4G15080.1	N/A	52.450	755	282	23	26	761	16	712	0.0	666
Dm_00002223-RA	AT1G05310.1	N/A	59.172	169	66	1	64	229	224	392	8.99e-73	227
Dm_00001993-RA	AT5G39660.1	N/A	39.921	506	208	17	7	467	3	457	2.38e-92	288
Dm_00001622-RA	AT1G15690.1	N/A	81.095	767	133	3	390	1146	6	770	0.0	1261
Dm_00001625-RA	AT1G09190.1	N/A	55.647	487	208	4	6	492	1	479	0.0	550
Dm_00014129-RA	AT1G51080.1	N/A	44.574	258	101	7	41	287	58	284	2.37e-51	170
Dm_00020096-RA	AT5G60010.1	N/A	56.932	880	319	11	5	825	8	886	0.0	1043
Dm_00013427-RA	AT1G69760.1	N/A	37.736	212	75	10	4	201	9	177	3.19e-23	91.7
Dm_00013576-RA	AT4G31850.1	N/A	57.610	1071	445	7	47	1111	45	1112	0.0	1249
Dm_00015668-RA	AT5G33406.1	N/A	49.609	256	115	3	1	242	112	367	3.53e-81	254
Dm_00015455-RA	AT2G39190.2	N/A	58.524	786	304	6	42	816	28	802	0.0	939
Dm_00019888-RA	AT3G18310.1	N/A	36.053	907	502	25	28	918	29	873	1.06e-146	456
Dm_00018626-RA	AT1G24330.1	N/A	30.464	732	458	14	21	728	2	706	4.09e-94	311
Dm_00019631-RA	AT5G46190.3	N/A	51.993	602	230	15	97	648	38	630	0.0	532
Dm_00018681-RA	AT2G02970.1	N/A	52.098	572	233	8	1	549	1	554	0.0	553
Dm_00018497-RA	AT3G45890.1	N/A	68.612	497	142	2	136	631	106	589	0.0	669
Dm_00018505-RA	AT1G07510.1	N/A	76.963	777	166	6	20	791	45	813	0.0	1200
Dm_00001163-RA	AT5G42950.1	N/A	36.076	1203	610	34	490	1642	416	1509	2.79e-147	496
Dm_00001160-RA	AT1G75140.1	N/A	48.876	667	259	13	3	637	1	617	0.0	581
Dm_00000728-RA	AT4G25880.4	N/A	41.147	994	398	33	1	946	1	855	0.0	593
Dm_00000740-RA	AT2G18940.1	N/A	59.785	838	309	9	1	828	1	820	0.0	1014
Dm_00001736-RA	AT1G50030.1	N/A	28.840	638	346	14	1724	2349	1804	2345	4.96e-63	241
Dm_00001753-RA	AT4G34450.1	N/A	79.299	884	170	3	3	875	5	886	0.0	1461
Dm_00001750-RA	AT4G34430.3	N/A	46.218	965	430	27	1	899	1	942	0.0	651
Dm_00001351-RA	AT1G27752.1	N/A	47.749	844	297	21	1	750	1	794	0.0	582
Dm_00001353-RA	AT3G01400.1	N/A	75.843	356	80	4	1	355	3	353	0.0	528
Dm_00001880-RA	AT3G52140.1	N/A	63.746	1495	409	19	38	1499	1	1395	0.0	1786
Dm_00001667-RA	AT2G36850.1	N/A	65.217	69	16	1	1	61	1	69	5.46e-23	90.5
Dm_00001668-RA	AT2G36850.1	N/A	66.019	103	21	2	3	104	69	158	9.96e-39	137
Dm_00001680-RA	AT5G63190.2	N/A	70.391	716	190	5	1	714	1	696	0.0	998
Dm_00001682-RA	AT3G48380.2	N/A	38.208	212	126	3	6	217	61	267	6.00e-40	144
Dm_00020804-RA	AT1G79000.1	N/A	56.509	1667	615	31	1	1633	107	1697	0.0	1749
Dm_00020454-RA	AT4G29380.1	N/A	65.528	1552	460	14	1	1537	1	1492	0.0	1966
Dm_00020462-RA	AT2G13620.1	N/A	38.119	787	449	12	3	759	10	788	1.49e-168	508
Dm_00020465-RA	AT1G73590.1	N/A	63.091	634	148	17	1	581	1	601	0.0	712
Dm_00016998-RA	AT5G43270.1	N/A	44.906	265	118	6	1	257	1	245	3.34e-61	199
Dm_00018806-RA	AT1G30480.1	N/A	66.667	399	115	7	1	393	1	387	8.23e-166	470
Dm_00006372-RA	AT2G28000.1	N/A	87.636	461	56	1	102	561	31	491	0.0	811
Dm_00006464-RA	AT5G58100.2	N/A	65.931	634	178	4	9	606	205	836	0.0	884
Dm_00006465-RA	AT5G58100.2	N/A	60.094	213	67	3	21	231	13	209	2.98e-76	253
Dm_00006305-RA	AT3G27550.1	N/A	80.435	322	60	3	58	377	16	336	2.04e-156	456
Dm_00004000-RA	AT3G55160.1	N/A	56.184	1132	434	14	1	1119	1	1083	0.0	1165
Dm_00004446-RA	AT4G28600.2	N/A	53.908	742	312	6	45	761	3	739	0.0	737
Dm_00004400-RA	AT3G10390.3	N/A	63.072	918	269	13	22	918	11	879	0.0	1094
Dm_00004567-RA	AT4G00800.1	N/A	51.932	1837	778	27	195	1991	104	1875	0.0	1757
Dm_00008935-RA	AT3G59770.2	N/A	73.093	472	119	4	2	470	13	479	0.0	736
Dm_00008933-RA	AT3G59770.1	N/A	73.869	199	52	0	8	206	7	205	6.93e-99	316
Dm_00007684-RA	AT2G32240.1	N/A	40.426	987	493	8	555	1539	440	1333	5.25e-161	523
Dm_00008835-RA	AT2G40950.1	N/A	45.135	740	300	26	34	753	48	701	1.60e-132	410
Dm_00008832-RA	AT1G68570.1	N/A	56.261	583	238	5	37	605	1	580	0.0	663
Dm_00008569-RA	AT3G17850.1	N/A	55.491	692	265	15	141	814	106	772	0.0	676
Dm_00008318-RA	AT1G79090.1	N/A	52.395	689	289	17	38	710	117	782	0.0	636
Dm_00008807-RA	AT5G58470.1	N/A	51.429	315	119	7	156	460	88	378	2.60e-61	206
Dm_00000507-RA	AT4G14990.1	N/A	51.497	835	323	27	2	824	22	786	0.0	708
Dm_00000511-RA	AT3G22290.1	N/A	75.875	257	57	1	2	253	1	257	7.57e-145	409
Dm_00001042-RA	AT4G32600.1	N/A	49.127	458	173	10	12	464	14	416	2.18e-131	388
Dm_00000951-RA	AT5G62000.3	N/A	60.186	859	302	12	1	832	1	846	0.0	1009
Dm_00000950-RA	AT4G25080.5	N/A	70.199	302	72	4	28	321	19	310	1.61e-149	424
Dm_00000977-RA	AT3G27010.1	N/A	48.276	232	83	9	23	236	62	274	8.57e-52	172
Dm_00006529-RA	AT4G27430.2	N/A	36.799	1212	598	39	1	1199	1	1057	0.0	560
Dm_00006071-RA	AT1G69290.1	N/A	63.706	653	216	8	12	650	12	657	0.0	796
Dm_00005751-RA	AT2G43160.2	N/A	48.531	851	306	28	3	778	1	794	0.0	623
Dm_00006390-RA	AT1G06410.2	N/A	75.266	845	205	2	1	845	1	841	0.0	1346
Dm_00005422-RA	AT5G11040.1	N/A	70.880	886	233	10	39	909	304	1179	0.0	1250
Dm_00007818-RA	AT5G01110.2	N/A	56.554	679	290	2	1	677	82	757	0.0	837
Dm_00007816-RA	AT4G03250.1	N/A	49.621	264	90	6	7	262	13	241	5.08e-65	218
Dm_00009922-RA	AT1G67440.2	N/A	66.917	399	122	2	91	489	81	469	0.0	558
Dm_00008436-RA	AT5G26600.1	N/A	66.435	432	140	2	27	453	43	474	0.0	597
Dm_00009178-RA	AT2G16485.1	N/A	42.530	1091	464	41	140	1151	766	1772	0.0	626
Dm_00008696-RA	AT2G44950.1	N/A	45.752	824	378	7	7	829	120	875	0.0	671
Dm_00010598-RA	AT2G35330.2	N/A	51.837	735	315	15	1	726	1	705	0.0	620
Dm_00010522-RA	AT5G33406.1	N/A	43.478	391	162	7	128	475	1	375	2.99e-98	307
Dm_00009217-RA	AT3G14120.2	N/A	59.593	1032	342	15	1	1028	1	961	0.0	1193
Dm_00010476-RA	AT2G05170.1	N/A	75.364	962	194	8	1	950	1	931	0.0	1481
Dm_00002135-RA	AT5G55100.2	N/A	41.412	949	403	33	1	906	1	839	1.21e-164	502
Dm_00002128-RA	AT5G55040.1	N/A	40.296	742	337	25	2	678	216	916	2.16e-131	410
Dm_00001377-RA	AT2G36290.1	N/A	62.865	342	127	0	1	342	17	358	1.07e-165	466
Dm_00001396-RA	AT3G11540.1	N/A	79.640	889	165	5	131	1004	11	898	0.0	1475
Dm_00001714-RA	AT1G68290.1	N/A	48.936	282	134	3	14	288	12	290	2.11e-100	296
Dm_00013840-RA	AT2G45650.1	N/A	53.797	158	57	3	1	158	1	142	3.75e-48	156
Dm_00012665-RA	AT2G38770.1	N/A	78.151	1460	291	8	1	1450	1	1442	0.0	2349
Dm_00015155-RA	AT1G49760.1	N/A	71.315	631	165	5	34	653	44	669	0.0	883
Dm_00014835-RA	AT5G35560.1	N/A	49.094	607	240	11	28	621	1	551	4.71e-178	533
Dm_00014266-RA	AT2G43410.2	N/A	37.569	905	409	33	1	865	91	879	1.12e-139	438
Dm_00015092-RA	AT4G35890.2	N/A	37.912	364	169	13	106	456	93	412	6.45e-45	162
Dm_00014402-RA	AT4G32760.1	N/A	55.292	718	240	16	1	681	1	674	0.0	681
Dm_00003486-RA	AT2G46900.1	N/A	53.139	653	272	9	1	645	1	627	0.0	579
Dm_00004424-RA	AT1G73930.1	N/A	70.579	656	158	4	1	656	1	621	0.0	944
Dm_00004005-RA	AT4G28000.2	N/A	69.607	839	235	10	1	826	1	832	0.0	1151
Dm_00020691-RA	AT4G27190.1	N/A	27.459	925	591	29	104	993	72	951	1.51e-63	234
Dm_00020677-RA	AT4G01870.2	N/A	60.629	668	240	11	3	666	53	701	0.0	825
Dm_00020649-RA	AT5G18750.1	N/A	42.402	533	260	12	565	1086	382	878	7.60e-122	396
Dm_00011158-RA	AT2G41900.1	N/A	57.802	737	239	20	25	741	30	714	0.0	729
Dm_00011571-RA	AT3G56680.1	N/A	35.751	386	178	14	91	472	12	331	1.17e-54	187
Dm_00020381-RA	AT1G24490.1	N/A	60.041	493	162	9	30	509	25	495	0.0	528
Dm_00005516-RA	AT1G11580.1	N/A	65.854	205	70	0	230	434	353	557	1.24e-95	298
Dm_00005515-RA	AT1G11580.1	N/A	40.122	329	166	9	10	327	6	314	1.47e-64	219
Dm_00006385-RA	AT1G55325.3	N/A	51.563	1951	758	39	56	1904	33	1898	0.0	1748
Dm_00000391-RA	AT2G01690.1	N/A	74.345	725	132	4	30	752	1	673	0.0	1064
Dm_00000399-RA	AT1G14910.2	N/A	79.310	87	18	0	1	87	1	87	3.65e-48	162
Dm_00011437-RA	AT3G42170.2	N/A	35.507	138	88	1	8	145	140	276	3.18e-24	99.4
Dm_00018722-RA	AT1G50920.1	N/A	78.561	681	130	6	1	675	1	671	0.0	1080
Dm_00018588-RA	AT5G06560.1	N/A	51.477	474	216	7	1	465	1	469	1.01e-147	434
Dm_00018929-RA	AT2G29120.1	N/A	47.182	905	437	11	17	910	38	912	0.0	817
Dm_00018838-RA	AT2G32450.1	N/A	71.286	801	211	6	3	794	2	792	0.0	1196
Dm_00018730-RA	AT2G47030.1	N/A	37.727	607	343	13	1	591	1	588	8.11e-134	403
Dm_00007301-RA	AT2G26430.1	N/A	66.121	428	120	6	1	427	1	404	0.0	546
Dm_00009195-RA	AT3G07810.1	N/A	68.952	248	70	5	11	255	1	244	9.43e-112	339
Dm_00004254-RA	AT5G06120.2	N/A	76.323	1077	230	1	1	1077	1	1052	0.0	1724
Dm_00003526-RA	AT2G29510.1	N/A	31.068	927	492	27	34	936	36	839	3.99e-82	283
Dm_00004206-RA	AT3G18750.5	N/A	63.134	434	136	6	27	445	13	437	0.0	548
Dm_00003882-RA	AT1G13220.3	N/A	35.121	1156	624	23	1	1137	1	1049	3.88e-168	531
Dm_00003881-RA	AT1G26110.1	N/A	54.049	568	217	14	5	546	7	556	3.67e-155	458
Dm_00004336-RA	AT4G27650.1	N/A	48.158	380	183	3	1	368	1	378	4.46e-129	375
Dm_00019215-RA	AT2G25690.1	N/A	35.878	393	159	20	56	442	1	306	1.89e-41	151
Dm_00013933-RA	AT2G47890.1	N/A	41.854	356	149	11	14	338	4	332	3.49e-76	239
Dm_00004419-RA	AT2G01270.1	N/A	58.027	517	188	9	4	517	3	493	0.0	583
Dm_00004112-RA	AT4G00060.3	N/A	52.327	623	210	8	392	1005	659	1203	1.24e-178	561
Dm_00004135-RA	AT5G55390.1	N/A	44.072	447	211	12	64	482	303	738	7.63e-99	326
Dm_00004134-RA	AT5G55390.1	N/A	43.750	288	135	5	5	290	6	268	3.73e-68	230
Dm_00011931-RA	AT5G40740.1	N/A	67.940	733	219	8	109	830	1	728	0.0	949
Dm_00010504-RA	AT5G23150.2	N/A	43.993	591	271	17	488	1062	414	960	7.54e-116	389
Dm_00011120-RA	AT4G11270.2	N/A	46.653	1434	630	30	2	1416	59	1376	0.0	1189
Dm_00009116-RA	AT3G53540.1	N/A	33.140	516	295	18	35	527	51	539	6.24e-50	188
Dm_00009117-RA	AT1G56070.1	N/A	90.438	251	24	0	1	251	589	839	5.71e-162	490
Dm_00012012-RA	AT2G32630.1	N/A	49.834	602	294	3	16	612	26	624	0.0	592
Dm_00012094-RA	AT2G19600.1	N/A	77.711	498	87	4	38	526	38	520	0.0	735
Dm_00009956-RA	AT1G48760.3	N/A	68.224	535	166	1	31	565	2	532	0.0	755
Dm_00011811-RA	AT4G13460.1	N/A	60.369	651	233	8	30	661	6	650	0.0	810
Dm_00010406-RA	AT3G06920.1	N/A	71.981	828	232	0	28	855	44	871	0.0	1276
Dm_00011025-RA	AT1G13190.1	N/A	46.737	659	236	25	7	640	3	571	7.86e-138	415
Dm_00012938-RA	AT5G35430.1	N/A	44.167	600	275	13	24	613	229	778	4.61e-145	439
Dm_00011835-RA	AT1G59610.1	N/A	75.086	875	196	12	1	865	58	920	0.0	1262
Dm_00012662-RA	AT5G47690.1	N/A	56.676	1378	559	13	1	1362	1	1356	0.0	1482
Dm_00002870-RA	AT5G63110.1	N/A	73.923	441	79	4	1	441	1	405	0.0	662
Dm_00002880-RA	AT5G05850.1	N/A	56.121	531	199	8	4	530	6	506	0.0	521
Dm_00004722-RA	AT1G08620.3	N/A	48.151	1298	475	25	5	1194	15	1222	0.0	1066
Dm_00004492-RA	AT1G65430.1	N/A	70.000	580	145	3	13	576	1	567	0.0	837
Dm_00005141-RA	AT4G13630.1	N/A	66.981	106	35	0	295	400	221	326	1.06e-29	125
Dm_00000258-RA	AT5G25270.1	N/A	32.468	462	202	18	49	486	211	586	3.62e-39	152
Dm_00000261-RA	AT3G09850.1	N/A	39.853	818	352	26	61	825	50	780	6.26e-134	417
Dm_00000275-RA	AT5G23660.1	N/A	42.500	200	99	4	2	201	100	283	1.39e-41	143
Dm_00000294-RA	AT2G25560.1	N/A	40.512	664	318	17	1	598	1	653	7.10e-139	420
Dm_00000301-RA	AT5G50380.1	N/A	56.934	685	233	10	9	657	24	682	0.0	740
Dm_00000304-RA	AT4G02480.1	N/A	58.202	1012	370	16	21	996	271	1265	0.0	1094
Dm_00017130-RA	AT3G12560.1	N/A	45.796	452	199	7	206	656	201	607	7.29e-115	358
Dm_00018900-RA	AT4G04180.1	N/A	48.227	141	55	6	34	165	67	198	6.27e-33	123
Dm_00018797-RA	AT3G01360.2	N/A	44.789	355	154	9	1	350	1	318	3.33e-93	281
Dm_00018798-RA	AT3G01350.1	N/A	53.226	558	221	11	7	534	3	550	0.0	533
Dm_00018810-RA	AT3G19190.3	N/A	36.998	1619	856	33	75	1668	72	1551	0.0	896
Dm_00015019-RA	AT4G31840.1	N/A	45.556	180	78	5	10	178	7	177	1.45e-46	150
Dm_00015022-RA	AT4G08920.1	N/A	75.672	670	139	9	8	668	15	669	0.0	983
Dm_00010189-RA	AT3G20630.1	N/A	73.177	809	189	8	5	798	1	796	0.0	1229
Dm_00014877-RA	AT5G39840.1	N/A	71.214	667	184	4	82	743	103	766	0.0	1004
Dm_00008116-RA	AT5G49820.1	N/A	60.284	282	64	4	7	282	235	474	3.39e-114	338
Dm_00008115-RA	AT5G49820.1	N/A	66.953	233	58	3	32	264	21	234	1.97e-97	294
Dm_00007226-RA	AT4G18140.6	N/A	50.000	326	146	5	133	457	132	441	1.07e-93	290
Dm_00007689-RA	AT5G60040.1	N/A	60.387	1136	354	13	8	1086	7	1103	0.0	1328
Dm_00008342-RA	AT5G64250.2	N/A	76.292	329	77	1	4	332	2	329	0.0	516
Dm_00007744-RA	AT1G67120.1	N/A	45.273	899	410	15	954	1782	1909	2795	0.0	702
Dm_00007746-RA	AT1G67120.1	N/A	37.569	181	106	4	1	178	1	177	3.63e-31	119
Dm_00007745-RA	AT1G67120.1	N/A	38.393	224	114	5	9	218	169	382	1.04e-36	137
Dm_00000121-RA	AT1G20225.1	N/A	56.000	200	87	1	23	222	19	217	4.67e-75	236
Dm_00000140-RA	AT1G20510.1	N/A	68.103	232	57	2	6	220	312	543	2.84e-107	319
Dm_00000150-RA	AT1G20560.1	N/A	69.134	554	169	1	1	552	3	556	0.0	806
Dm_00000164-RA	AT1G42550.1	N/A	49.610	897	372	22	9	890	11	842	0.0	749
Dm_00000161-RA	AT2G17520.1	N/A	66.817	443	136	3	525	962	405	841	0.0	605
Dm_00007362-RA	AT2G01570.1	N/A	57.491	574	201	7	26	580	37	586	0.0	638
Dm_00006842-RA	AT3G02050.1	N/A	77.121	778	173	4	11	783	12	789	0.0	1190
Dm_00007942-RA	AT1G22310.2	N/A	36.193	373	168	9	12	316	20	390	4.58e-47	177
Dm_00008264-RA	AT1G17450.3	N/A	41.667	1236	577	24	4	1126	566	1770	0.0	826
Dm_00008262-RA	AT1G17450.3	N/A	48.837	387	162	8	1	382	1	356	2.39e-102	332
Dm_00005643-RA	AT3G63500.3	N/A	37.026	1002	510	26	155	1092	34	978	1.04e-138	454
Dm_00007060-RA	AT1G62020.1	N/A	79.902	1219	228	5	1	1205	1	1216	0.0	2041
Dm_00013758-RA	AT1G06290.1	N/A	69.099	699	187	4	7	704	4	674	0.0	1018
Dm_00014014-RA	AT3G03790.3	N/A	60.548	1095	388	12	1	1070	1	1076	0.0	1242
Dm_00013625-RA	AT5G07740.3	N/A	51.133	618	233	10	1	614	44	596	1.97e-178	577
Dm_00013835-RA	AT2G42490.1	N/A	81.741	471	58	1	44	486	72	542	0.0	803
Dm_00013219-RA	AT4G17890.2	N/A	62.807	285	94	6	3	278	6	287	1.07e-121	354
Dm_00013977-RA	AT3G49800.1	N/A	44.276	463	201	12	1	441	1	428	9.28e-100	307
Dm_00005765-RA	AT3G46220.1	N/A	61.951	820	286	4	1	811	1	803	0.0	994
Dm_00005786-RA	AT4G39420.3	N/A	65.813	1758	565	16	28	1764	655	2397	0.0	2224
Dm_00004474-RA	AT5G64070.1	N/A	67.354	1164	306	14	1	1135	3	1121	0.0	1483
Dm_00004466-RA	AT5G63940.1	N/A	49.793	723	310	16	39	748	21	703	0.0	614
Dm_00005084-RA	AT5G64813.2	N/A	73.235	340	84	5	2	334	3	342	1.31e-177	495
Dm_00005535-RA	AT1G36990.1	N/A	41.237	582	264	22	1	528	1	558	2.31e-89	286
Dm_00005533-RA	AT1G77800.5	N/A	40.206	679	331	16	1	666	13	629	6.11e-143	455
Dm_00004801-RA	AT5G59900.1	N/A	50.780	898	432	6	23	918	8	897	0.0	946
Dm_00000717-RA	AT5G46100.1	N/A	59.831	473	185	4	1	470	1	471	0.0	591
Dm_00000877-RA	AT2G39810.1	N/A	49.419	947	418	19	16	946	6	907	0.0	857
Dm_00000897-RA	AT5G47490.1	N/A	42.204	1443	627	40	122	1495	57	1361	0.0	926
Dm_00000892-RA	AT4G17330.1	N/A	35.494	1265	606	38	947	2180	924	2009	2.37e-156	535
Dm_00000893-RA	AT4G16650.1	N/A	75.941	478	108	3	45	518	33	507	0.0	746
Dm_00000913-RA	AT4G00150.1	N/A	43.869	367	184	7	443	807	209	555	1.31e-82	275
Dm_00000410-RA	AT3G18110.1	N/A	58.019	1403	564	9	49	1432	20	1416	0.0	1656
Dm_00000415-RA	AT5G24620.1	N/A	72.083	240	63	3	14	249	12	251	1.94e-125	363
Dm_00000421-RA	AT5G24460.1	N/A	53.287	289	110	5	23	306	30	298	8.50e-88	265
Dm_00000430-RA	AT5G24430.1	N/A	66.332	597	190	4	1	589	1	594	0.0	813
Dm_00013130-RA	AT2G05230.1	N/A	48.096	709	309	12	1	660	1	699	0.0	618
Dm_00009804-RA	AT4G38250.1	N/A	63.242	438	149	5	1	429	1	435	0.0	534
Dm_00013096-RA	AT3G21670.1	N/A	69.151	577	165	4	1	567	2	575	0.0	776
Dm_00013705-RA	AT1G72300.1	N/A	53.711	1078	462	15	5	1069	27	1080	0.0	1078
Dm_00017763-RA	AT4G23010.1	N/A	75.802	343	79	2	5	343	3	345	0.0	516
Dm_00016296-RA	AT2G41250.1	N/A	81.513	238	43	1	72	309	53	289	3.33e-138	392
Dm_00018034-RA	AT3G26300.1	N/A	40.606	495	258	9	53	541	30	494	1.03e-128	386
Dm_00018073-RA	AT3G22380.3	N/A	38.462	1742	746	76	1	1607	1	1551	0.0	657
Dm_00004175-RA	AT5G41940.1	N/A	62.249	498	169	5	63	558	69	549	0.0	608
Dm_00007763-RA	AT3G21090.1	N/A	60.949	653	205	5	7	648	76	689	0.0	810
Dm_00007764-RA	AT1G51500.1	N/A	79.661	59	12	0	29	87	19	77	2.90e-26	102
Dm_00011747-RA	AT1G43850.1	N/A	57.237	608	181	15	1	576	1	561	1.86e-177	525
Dm_00012528-RA	AT5G22450.1	N/A	41.339	254	135	5	72	318	15	261	3.40e-48	174
Dm_00012480-RA	AT5G62620.1	N/A	60.174	688	205	9	2	637	11	681	0.0	843
Dm_00011764-RA	AT4G39680.1	N/A	42.301	591	260	20	17	577	1	540	3.60e-111	349
Dm_00007260-RA	AT5G13030.1	N/A	80.292	548	104	2	94	637	84	631	0.0	942
Dm_00007263-RA	AT3G45140.1	N/A	55.030	825	354	7	456	1276	85	896	0.0	941
Dm_00007264-RA	AT3G45140.1	N/A	48.348	333	162	5	68	395	136	463	3.81e-106	333
Dm_00006091-RA	AT5G60970.1	N/A	82.278	79	14	0	55	133	49	127	3.72e-42	152
Dm_00005737-RA	AT1G77280.2	N/A	47.051	797	314	21	32	772	5	749	0.0	600
Dm_00005910-RA	AT2G40460.1	N/A	60.544	588	206	4	2	589	3	564	0.0	723
Dm_00006432-RA	AT2G47350.1	N/A	39.787	563	255	14	1	562	1	480	6.78e-96	301
Dm_00017212-RA	AT3G54980.1	N/A	40.451	843	472	9	15	841	10	838	0.0	600
Dm_00016470-RA	AT5G62350.1	N/A	46.369	179	93	2	25	200	21	199	8.35e-54	171
Dm_00015108-RA	AT1G74350.1	N/A	56.124	743	316	5	116	848	9	751	0.0	831
Dm_00017643-RA	AT2G26790.1	N/A	39.526	802	451	12	42	829	14	795	0.0	553
Dm_00014678-RA	AT3G60850.1	N/A	59.016	671	204	18	23	676	32	648	0.0	744
Dm_00017614-RA	AT4G11610.2	N/A	59.494	1027	381	7	1	1013	2	1007	0.0	1266
Dm_00013627-RA	AT5G19550.1	N/A	86.111	72	10	0	4	75	19	90	1.13e-38	133
Dm_00014026-RA	AT5G55090.1	N/A	39.474	304	151	11	12	311	6	280	5.09e-63	208
Dm_00012756-RA	AT1G70370.2	N/A	58.970	641	231	11	7	633	4	626	0.0	748
Dm_00014749-RA	AT1G14610.1	N/A	72.985	918	214	1	96	1013	85	968	0.0	1457
Dm_00007633-RA	AT4G32620.2	N/A	35.948	1466	720	37	1	1433	1	1280	0.0	706
Dm_00007346-RA	AT3G47060.1	N/A	67.354	824	216	16	12	826	22	801	0.0	988
Dm_00007843-RA	AT5G35200.1	N/A	61.974	547	176	10	10	541	11	540	0.0	631
Dm_00008016-RA	AT4G32820.1	N/A	51.664	1442	612	21	20	1438	79	1458	0.0	1385
Dm_00007313-RA	AT4G26190.4	N/A	44.444	108	59	1	260	367	836	942	3.91e-24	104
Dm_00006729-RA	AT3G10380.1	N/A	59.836	610	172	8	9	546	15	623	0.0	669
Dm_00001005-RA	AT4G30790.1	N/A	56.059	1147	464	15	47	1168	13	1144	0.0	1207
Dm_00000772-RA	AT5G03620.2	N/A	45.865	133	58	3	5	128	54	181	6.20e-29	112
Dm_00000818-RA	AT3G11580.2	N/A	77.686	121	20	3	43	157	24	143	1.99e-60	190
Dm_00000804-RA	AT3G52610.1	N/A	50.518	483	214	8	9	482	8	474	1.49e-154	448
Dm_00000923-RA	AT3G24880.3	N/A	44.006	1293	598	35	34	1295	665	1862	0.0	852
Dm_00000921-RA	AT3G24880.3	N/A	56.769	229	72	5	1	223	18	225	2.64e-51	193
Dm_00000219-RA	AT3G03140.1	N/A	33.034	557	288	23	361	866	244	766	7.59e-52	195
Dm_00000229-RA	AT5G27270.1	N/A	58.130	492	184	7	30	501	41	530	0.0	580
Dm_00000248-RA	AT4G17900.1	N/A	56.780	236	65	6	36	269	27	227	5.42e-86	256
Dm_00001118-RA	AT3G07400.1	N/A	58.264	484	167	13	3	471	1	464	4.96e-172	525
Dm_00001117-RA	AT3G25290.1	N/A	57.937	378	152	4	23	394	14	390	3.65e-156	446
Dm_00001271-RA	AT2G41140.1	N/A	79.758	578	114	3	10	586	1	576	0.0	953
Dm_00001273-RA	AT3G56740.1	N/A	67.931	290	87	2	1	284	1	290	4.25e-130	371
Dm_00013803-RA	AT3G13920.1	N/A	91.990	412	33	0	1	412	1	412	0.0	794
Dm_00014387-RA	AT5G14580.1	N/A	62.500	1016	323	13	25	1032	22	987	0.0	1219
Dm_00014577-RA	AT1G59780.1	N/A	29.463	577	316	19	115	676	387	887	2.88e-47	180
Dm_00013674-RA	AT1G76320.4	N/A	62.751	647	234	5	12	656	1	642	0.0	853
Dm_00012606-RA	AT5G49700.1	N/A	37.118	229	129	7	81	305	56	273	6.94e-37	133
Dm_00012866-RA	AT5G24970.3	N/A	73.101	487	117	4	1	479	154	634	0.0	722
Dm_00010480-RA	AT1G29670.1	N/A	47.941	340	161	7	35	360	24	361	2.97e-110	328
Dm_00011475-RA	AT4G11560.2	N/A	51.702	470	190	10	3	448	4	460	1.97e-144	422
Dm_00013151-RA	AT2G39260.1	N/A	68.729	1180	339	12	25	1196	17	1174	0.0	1540
Dm_00012054-RA	AT3G22430.1	N/A	35.958	381	160	17	9	371	10	324	1.12e-39	148
