Dm_00007096-RA	AT4G39260.3	N/A	78.889	90	19	0	4	93	2	91	3.22e-48	151
Dm_00007075-RA	AT4G33870.1	N/A	51.532	359	155	6	56	400	48	401	3.16e-123	362
Dm_00007450-RA	AT2G06520.1	N/A	72.368	76	20	1	51	126	42	116	1.30e-25	93.6
Dm_00006338-RA	AT2G18040.1	N/A	78.814	118	25	0	1	118	1	118	3.25e-68	201
Dm_00006672-RA	AT5G14670.3	N/A	98.895	181	2	0	1	181	1	181	9.21e-134	372
Dm_00006814-RA	AT1G08480.1	N/A	64.029	139	50	0	10	148	4	142	2.71e-66	198
Dm_00006596-RA	AT3G49910.1	N/A	86.301	146	20	0	1	146	1	146	5.17e-93	266
Dm_00007222-RA	AT1G73350.5	N/A	51.232	203	64	3	210	379	13	213	2.09e-41	145
Dm_00007223-RA	AT3G05070.1	N/A	67.114	149	37	3	49	195	1	139	1.12e-58	181
Dm_00009212-RA	AT3G59600.1	N/A	47.368	76	40	0	8	83	27	102	4.02e-24	89.7
Dm_00018316-RA	AT5G39340.1	N/A	52.874	87	41	0	3	89	5	91	2.17e-27	100
Dm_00018632-RA	AT3G29000.1	N/A	48.696	115	54	2	29	143	84	193	2.87e-27	100
Dm_00016349-RA	AT1G10020.1	N/A	45.349	516	187	17	1	482	1	455	7.90e-120	359
Dm_00016960-RA	AT3G20810.1	N/A	65.248	423	132	5	5	425	2	411	0.0	563
Dm_00007394-RA	AT1G08230.4	N/A	64.013	314	112	1	4	316	19	332	2.38e-139	397
Dm_00006146-RA	AT5G54270.1	N/A	78.169	284	30	2	8	289	2	255	1.65e-154	453
Dm_00007785-RA	AT1G06060.2	N/A	60.360	111	44	0	9	119	58	168	1.76e-42	139
Dm_00007779-RA	AT1G75450.1	N/A	61.856	582	151	13	3	583	9	520	0.0	694
Dm_00006715-RA	AT5G67170.1	N/A	68.559	229	69	1	26	251	17	245	1.91e-117	345
Dm_00008433-RA	AT3G60245.1	N/A	95.604	91	4	0	34	124	1	91	5.15e-59	178
Dm_00008910-RA	AT1G15200.1	N/A	56.180	445	134	10	1	430	1	399	3.55e-143	416
Dm_00008402-RA	AT5G08420.1	N/A	75.942	345	80	3	30	371	29	373	2.08e-169	479
Dm_00008825-RA	AT5G27860.2	N/A	70.588	68	20	0	155	222	110	177	9.04e-24	94.0
Dm_00008823-RA	AT3G16780.1	N/A	88.525	183	21	0	1	183	1	183	2.06e-116	329
Dm_00019338-RA	AT5G40370.1	N/A	79.310	58	12	0	12	69	45	102	3.21e-29	100
Dm_00020865-RA	AT3G55420.1	N/A	67.337	199	57	4	22	216	19	213	5.13e-83	246
Dm_00020612-RA	AT2G44810.2	N/A	56.512	453	154	12	17	450	19	447	1.82e-160	464
Dm_00020493-RA	AT3G54420.1	N/A	63.469	271	91	6	13	281	9	273	1.02e-118	341
Dm_00020781-RA	AT2G30360.1	N/A	60.633	442	147	7	11	447	2	421	0.0	535
Dm_00021089-RA	AT1G48000.1	N/A	71.779	163	46	0	11	173	9	171	5.93e-85	257
Dm_00020779-RA	AT5G02960.1	N/A	78.049	123	8	2	27	149	39	142	1.08e-59	181
Dm_00019961-RA	AT4G36470.1	N/A	36.316	380	225	7	1	373	1	370	1.25e-72	231
Dm_00020526-RA	AT3G20790.1	N/A	64.873	353	101	5	105	435	3	354	9.32e-154	440
Dm_00020606-RA	AT3G16050.1	N/A	61.333	300	111	3	3	302	10	304	4.87e-129	370
Dm_00007238-RA	AT4G34810.1	N/A	55.340	103	37	3	78	172	15	116	4.23e-30	107
Dm_00007239-RA	AT4G34800.1	N/A	53.763	93	33	2	8	98	6	90	3.13e-29	100
Dm_00006773-RA	AT5G09760.1	N/A	76.786	112	26	0	190	301	276	387	3.61e-56	191
Dm_00006540-RA	AT1G16760.1	N/A	58.998	639	222	11	27	641	131	753	0.0	704
Dm_00007319-RA	AT4G30440.1	N/A	84.561	421	62	1	7	427	4	421	0.0	736
Dm_00009294-RA	AT1G26880.2	N/A	82.000	50	9	0	275	324	24	73	1.93e-21	87.8
Dm_00009399-RA	AT1G63220.1	N/A	60.656	122	45	2	45	165	24	143	1.51e-44	144
Dm_00009396-RA	AT1G31660.1	N/A	57.282	103	30	1	2	90	324	426	1.20e-34	122
Dm_00009932-RA	AT1G61620.1	N/A	73.701	308	75	1	1	302	1	308	2.15e-171	477
Dm_00009931-RA	AT5G54490.1	N/A	53.043	115	53	1	2	115	6	120	5.18e-37	122
Dm_00009661-RA	AT3G06680.1	N/A	77.778	63	14	0	2	64	21	83	7.08e-30	100
Dm_00008810-RA	AT1G07570.2	N/A	62.281	342	127	1	108	447	13	354	4.07e-159	456
Dm_00008801-RA	AT3G19980.1	N/A	82.768	354	10	1	1	354	1	303	0.0	599
Dm_00008420-RA	AT3G57830.1	N/A	58.706	649	241	13	23	657	25	660	0.0	705
Dm_00008478-RA	AT4G14147.2	N/A	82.857	105	18	0	44	148	37	141	3.29e-59	181
Dm_00009379-RA	AT1G04360.1	N/A	43.188	345	160	7	28	349	32	363	1.78e-79	248
Dm_00009378-RA	AT5G43410.1	N/A	61.983	121	36	2	7	127	4	114	2.94e-41	134
Dm_00008606-RA	AT3G26340.1	N/A	82.784	273	45	1	1	271	1	273	4.00e-169	469
Dm_00008874-RA	AT2G26510.1	N/A	65.289	484	166	2	1	483	68	550	0.0	635
Dm_00007727-RA	AT5G04260.1	N/A	71.765	85	18	1	24	102	106	190	8.56e-40	130
Dm_00007891-RA	AT2G36680.1	N/A	66.667	204	56	1	7	210	26	217	9.97e-94	273
Dm_00015386-RA	AT2G23790.1	N/A	48.266	346	142	9	1	327	1	328	2.04e-104	311
Dm_00014269-RA	AT2G42210.2	N/A	71.429	161	46	0	169	329	11	171	1.97e-82	248
Dm_00018495-RA	AT5G40810.1	N/A	83.819	309	47	2	1	308	1	307	3.90e-180	499
Dm_00016675-RA	AT1G78530.1	N/A	66.181	343	89	5	8	328	9	346	5.05e-165	464
Dm_00017694-RA	AT2G27730.1	N/A	49.624	133	42	5	1	128	1	113	2.22e-24	90.5
Dm_00018637-RA	AT4G30900.1	N/A	65.132	304	63	4	94	377	35	315	1.43e-138	397
Dm_00018864-RA	AT1G18060.1	N/A	75.843	178	42	1	143	319	48	225	1.10e-99	293
Dm_00018645-RA	AT1G68000.1	N/A	73.239	142	38	0	9	150	68	209	1.15e-74	223
Dm_00018822-RA	AT1G73040.1	N/A	58.960	173	68	1	2	171	1	173	7.30e-75	223
Dm_00020993-RA	AT5G13210.1	N/A	63.402	194	51	1	1	174	480	673	1.67e-79	249
Dm_00018606-RA	AT2G19830.2	N/A	81.818	220	31	4	1	218	1	213	1.70e-111	318
Dm_00020970-RA	AT2G36950.1	N/A	40.462	346	171	10	32	353	52	386	3.53e-56	188
Dm_00020931-RA	AT5G20630.1	N/A	71.564	211	59	1	1	211	1	210	1.68e-105	303
Dm_00020813-RA	AT4G24570.1	N/A	69.350	323	89	3	1	323	1	313	2.52e-160	450
Dm_00016105-RA	AT1G30540.1	N/A	69.677	310	87	2	24	332	31	334	7.03e-155	441
Dm_00016131-RA	AT4G15090.3	N/A	35.036	137	88	1	3	138	147	283	6.35e-22	90.9
Dm_00009309-RA	AT5G10450.1	N/A	40.845	213	112	6	13	220	5	208	1.20e-35	127
Dm_00010655-RA	AT2G03420.1	N/A	62.590	139	52	0	52	190	32	170	4.61e-55	172
Dm_00010272-RA	AT5G50260.1	N/A	59.780	363	124	6	6	367	2	343	3.05e-156	444
Dm_00010840-RA	AT4G14830.1	N/A	50.413	121	54	4	79	197	29	145	5.21e-29	106
Dm_00015394-RA	AT3G05230.1	N/A	72.785	158	41	1	1	158	1	156	6.27e-85	246
Dm_00013447-RA	AT1G75490.1	N/A	46.829	205	72	6	17	219	16	185	3.44e-49	160
Dm_00014761-RA	AT1G17710.1	N/A	68.936	235	68	2	4	234	7	240	5.36e-119	342
Dm_00015363-RA	AT1G32210.1	N/A	87.963	108	13	0	31	138	1	108	5.21e-65	193
Dm_00015376-RA	AT2G32090.1	N/A	70.000	130	39	0	8	137	4	133	2.48e-67	202
Dm_00011839-RA	AT3G07870.1	N/A	26.368	402	221	12	68	435	28	388	3.77e-27	113
Dm_00003910-RA	AT3G07760.11	N/A	93.396	106	7	0	26	131	6	111	3.92e-69	203
Dm_00002516-RA	AT3G03210.1	N/A	52.910	378	152	8	1	362	1	368	4.64e-126	367
Dm_00002524-RA	AT2G38290.1	N/A	66.122	490	130	3	7	496	4	457	0.0	628
Dm_00003395-RA	AT1G45688.1	N/A	60.286	350	107	3	1	330	1	338	4.42e-133	382
Dm_00003403-RA	AT2G23350.1	N/A	66.667	369	97	9	1	357	308	662	1.55e-158	460
Dm_00003835-RA	AT1G07410.1	N/A	79.832	238	24	3	1	238	1	214	1.97e-136	382
Dm_00003836-RA	AT5G59210.2	N/A	56.344	465	135	5	9	456	13	426	1.37e-159	458
Dm_00003180-RA	AT2G03670.1	N/A	74.488	537	125	3	30	560	17	547	0.0	815
Dm_00018776-RA	AT4G10340.1	N/A	80.565	283	50	3	12	293	2	280	1.21e-148	418
Dm_00018694-RA	AT2G33320.1	N/A	53.232	263	99	5	3	252	2	253	1.64e-79	259
Dm_00018821-RA	AT3G10860.2	N/A	76.389	72	17	0	87	158	1	72	3.34e-38	125
Dm_00019244-RA	AT4G12970.1	N/A	82.000	50	8	1	64	112	53	102	9.19e-25	90.5
Dm_00016697-RA	AT2G02760.3	N/A	96.711	152	5	0	1	152	1	152	5.65e-110	309
Dm_00019056-RA	AT3G18040.4	N/A	80.216	556	100	7	35	589	73	619	0.0	878
Dm_00019001-RA	AT2G22475.1	N/A	59.862	289	105	5	17	296	13	299	3.05e-108	316
Dm_00013172-RA	AT1G43900.1	N/A	69.498	259	55	1	51	285	111	369	1.50e-126	365
Dm_00011592-RA	AT4G02330.1	N/A	57.610	611	208	9	7	606	1	571	0.0	704
Dm_00012962-RA	AT5G02740.1	N/A	44.578	166	88	2	73	234	63	228	5.73e-45	150
Dm_00012511-RA	AT3G25570.1	N/A	66.571	350	110	4	8	354	1	346	3.73e-164	463
Dm_00010816-RA	AT1G09230.2	N/A	45.283	106	56	2	14	117	190	295	8.21e-23	91.7
Dm_00002787-RA	AT5G28830.1	N/A	46.440	323	167	3	4	325	5	322	5.39e-94	282
Dm_00002784-RA	AT5G28750.1	N/A	80.851	47	9	0	165	211	58	104	4.04e-21	85.9
Dm_00002795-RA	AT3G04800.1	N/A	57.979	188	72	2	1	181	1	188	1.21e-63	194
Dm_00002791-RA	AT3G04780.1	N/A	83.523	176	29	0	1	176	1	176	5.06e-111	313
Dm_00002562-RA	AT3G08610.1	N/A	76.923	65	15	0	1	65	1	65	1.63e-33	109
Dm_00002363-RA	AT1G59600.1	N/A	52.557	352	132	7	36	385	6	324	9.00e-119	351
Dm_00002355-RA	AT1G27730.1	N/A	41.606	274	92	10	1	263	1	217	1.19e-49	164
Dm_00002361-RA	AT5G43190.1	N/A	49.051	369	163	8	4	359	35	391	3.96e-100	302
Dm_00002352-RA	AT1G27700.1	N/A	47.447	333	123	7	1	332	1	282	2.54e-95	285
Dm_00002592-RA	AT1G70420.1	N/A	36.948	249	112	8	82	320	58	271	4.76e-38	136
Dm_00002597-RA	AT5G50000.1	N/A	79.124	388	60	3	1	370	1	385	0.0	640
Dm_00019572-RA	AT1G16810.2	N/A	61.806	144	43	3	3	134	1	144	2.36e-43	139
Dm_00018695-RA	AT4G35020.1	N/A	76.991	226	22	2	1	224	1	198	4.15e-120	340
Dm_00018953-RA	AT1G07080.1	N/A	69.355	62	19	0	99	160	163	224	3.01e-26	103
Dm_00018144-RA	AT3G47600.1	N/A	48.187	386	126	8	1	365	1	333	7.39e-108	319
Dm_00013182-RA	AT5G08565.1	N/A	77.049	61	14	0	1	61	1	61	1.06e-32	108
Dm_00012175-RA	AT2G05840.1	N/A	89.024	246	27	0	1	246	1	246	4.16e-169	466
Dm_00012301-RA	AT1G23750.1	N/A	64.567	127	45	0	20	146	6	132	3.88e-61	185
Dm_00011624-RA	AT3G04400.1	N/A	97.143	140	4	0	1	140	1	140	9.58e-98	277
Dm_00011699-RA	AT4G39200.2	N/A	81.333	75	14	0	11	85	33	107	3.44e-42	133
Dm_00020815-RA	AT4G19150.1	N/A	55.319	235	81	3	13	239	19	237	5.09e-76	230
Dm_00020837-RA	AT3G21220.1	N/A	69.231	312	79	2	40	334	16	327	2.48e-149	427
Dm_00008549-RA	AT1G19580.1	N/A	84.375	224	35	0	1	224	46	269	3.83e-140	393
Dm_00008490-RA	AT5G43680.1	N/A	41.870	246	111	6	63	306	1	216	7.69e-53	173
Dm_00008360-RA	AT1G19210.1	N/A	49.510	204	67	6	15	209	9	185	2.42e-51	164
Dm_00010041-RA	AT1G03250.4	N/A	70.339	118	34	1	12	128	43	160	1.66e-56	176
Dm_00008354-RA	AT3G49100.2	N/A	83.929	56	9	0	72	127	48	103	1.91e-29	102
Dm_00003152-RA	AT4G03600.1	N/A	56.051	157	69	0	6	162	2	158	3.28e-56	174
Dm_00002548-RA	AT5G12010.1	N/A	74.521	365	91	2	164	527	139	502	0.0	588
Dm_00002200-RA	AT2G26810.2	N/A	60.741	135	48	3	16	150	119	248	3.67e-48	156
Dm_00012985-RA	AT1G20580.1	N/A	75.862	116	21	2	1	116	1	109	2.32e-62	187
Dm_00015047-RA	AT3G62400.1	N/A	81.250	64	12	0	44	107	1	64	8.95e-33	109
Dm_00015439-RA	AT3G05560.1	N/A	80.952	126	21	2	1	125	1	124	8.53e-58	175
Dm_00021120-RA	AT2G27080.2	N/A	43.673	245	131	3	64	306	21	260	3.48e-67	211
Dm_00017771-RA	AT3G51780.1	N/A	40.796	201	112	2	7	201	70	269	1.31e-35	126
Dm_00016820-RA	AT1G11760.1	N/A	64.474	152	46	2	28	172	1	151	4.91e-64	197
Dm_00018048-RA	AT4G27750.1	N/A	59.091	352	94	2	1	349	1	305	6.54e-142	404
Dm_00016541-RA	AT3G16720.1	N/A	39.881	336	146	10	1	313	1	303	5.12e-52	174
Dm_00017478-RA	AT5G46160.1	N/A	69.412	85	19	1	18	95	89	173	4.01e-35	118
Dm_00017384-RA	AT2G39720.1	N/A	51.524	328	133	9	11	318	3	324	3.97e-98	298
Dm_00009358-RA	AT2G20390.1	N/A	58.235	170	66	1	25	194	1	165	4.45e-65	199
Dm_00009654-RA	AT3G15210.1	N/A	67.544	114	28	2	15	119	18	131	5.25e-44	147
Dm_00010708-RA	AT5G52545.2	N/A	63.265	147	51	2	7	150	8	154	7.94e-60	182
Dm_00008505-RA	AT2G46370.4	N/A	63.527	584	202	6	3	583	11	586	0.0	786
Dm_00016334-RA	AT1G10430.2	N/A	92.810	306	22	0	1	306	1	306	0.0	618
Dm_00015225-RA	AT5G39670.1	N/A	46.491	114	58	2	28	141	91	201	2.29e-27	101
Dm_00015417-RA	AT1G14360.1	N/A	80.303	330	53	2	1	318	1	330	0.0	527
Dm_00016347-RA	AT1G26940.1	N/A	83.636	165	26	1	26	189	15	179	9.45e-100	288
Dm_00016447-RA	AT5G13210.1	N/A	49.805	257	94	4	1	222	36	292	1.22e-74	239
Dm_00002109-RA	AT5G27290.1	N/A	72.727	264	60	2	159	420	84	337	2.02e-136	394
Dm_00002759-RA	AT5G66920.1	N/A	68.946	541	144	1	22	562	30	546	0.0	798
Dm_00002827-RA	AT1G15110.3	N/A	77.017	409	84	2	24	423	18	425	0.0	655
Dm_00002738-RA	AT5G42770.2	N/A	62.771	231	85	1	1	231	1	230	1.06e-94	277
Dm_00019144-RA	AT1G55300.1	N/A	57.368	190	50	4	25	207	38	203	6.41e-65	199
Dm_00018313-RA	AT4G02580.1	N/A	39.184	245	33	4	1	154	1	220	5.59e-45	149
Dm_00018130-RA	AT1G80440.1	N/A	45.330	364	184	6	3	362	2	354	1.13e-106	317
Dm_00018200-RA	AT5G43822.1	N/A	39.506	162	64	2	1	131	1	159	8.38e-34	118
Dm_00017975-RA	AT2G37270.1	N/A	85.106	188	24	2	5	189	3	189	4.63e-116	328
Dm_00017335-RA	AT1G64380.1	N/A	47.278	349	112	11	18	325	18	335	4.80e-64	206
Dm_00006278-RA	AT1G61520.3	N/A	81.404	285	40	2	3	287	2	273	1.12e-160	448
Dm_00006282-RA	AT2G26970.2	N/A	40.826	218	93	6	1	185	1	215	1.64e-40	137
Dm_00006285-RA	AT2G41070.5	N/A	41.624	197	86	6	31	208	60	246	1.18e-30	113
Dm_00005226-RA	AT2G05840.1	N/A	85.938	64	9	0	1	64	183	246	1.98e-33	114
Dm_00006253-RA	AT4G23500.1	N/A	66.129	434	144	1	44	474	57	490	0.0	618
Dm_00006255-RA	AT4G25740.1	N/A	78.986	138	23	2	5	141	18	150	1.74e-65	198
Dm_00006259-RA	AT5G52800.3	N/A	61.446	498	175	4	47	531	86	579	0.0	634
Dm_00006061-RA	AT5G25800.1	N/A	60.396	303	103	2	46	348	282	567	3.86e-127	376
Dm_00006252-RA	AT5G62950.4	N/A	46.324	136	69	2	116	250	5	137	8.85e-32	115
Dm_00005694-RA	AT2G29960.3	N/A	79.082	196	30	2	10	197	7	199	5.05e-106	303
Dm_00006008-RA	AT3G20060.1	N/A	82.581	155	27	0	18	172	22	176	8.90e-94	270
Dm_00005362-RA	AT4G00210.1	N/A	78.571	98	20	1	1	98	1	97	9.89e-51	159
Dm_00014180-RA	AT5G18200.1	N/A	60.641	343	133	2	6	347	9	350	1.41e-158	448
Dm_00014945-RA	AT5G30495.2	N/A	54.950	202	83	4	1	200	1	196	1.51e-70	213
Dm_00014803-RA	AT4G29430.1	N/A	74.118	85	22	0	1	85	40	124	1.32e-44	143
Dm_00014392-RA	AT5G09650.1	N/A	81.200	250	46	1	49	298	51	299	2.23e-153	431
Dm_00015684-RA	AT3G03773.1	N/A	62.937	143	49	3	72	214	1	139	8.05e-60	186
Dm_00015827-RA	AT4G11070.1	N/A	38.462	351	151	12	10	340	7	312	9.28e-60	195
Dm_00014312-RA	AT5G49400.1	N/A	80.292	137	22	1	1	132	1	137	9.04e-61	194
Dm_00019158-RA	AT3G46010.1	N/A	80.576	139	27	0	29	167	1	139	1.14e-84	245
Dm_00006619-RA	AT2G23140.5	N/A	60.671	328	116	4	1	323	315	634	8.11e-125	372
Dm_00006867-RA	AT4G25650.1	N/A	57.143	84	36	0	2	85	452	535	1.51e-31	115
Dm_00006864-RA	AT3G13550.1	N/A	71.341	164	47	0	19	182	19	182	3.08e-88	256
Dm_00007002-RA	AT3G01280.1	N/A	66.667	276	92	0	1	276	1	276	1.73e-137	389
Dm_00019103-RA	AT3G27560.1	N/A	75.424	354	72	3	1	341	1	352	0.0	549
Dm_00019173-RA	AT5G60790.1	N/A	85.458	557	81	0	42	598	39	595	0.0	1017
Dm_00019224-RA	AT1G05190.1	N/A	65.455	220	72	2	41	256	4	223	2.16e-102	297
Dm_00019028-RA	AT5G59440.2	N/A	70.952	210	61	0	5	214	13	222	1.10e-107	309
Dm_00019216-RA	AT4G16120.1	N/A	66.332	597	193	4	52	643	46	639	0.0	856
Dm_00018845-RA	AT3G61110.1	N/A	94.118	85	5	0	6	90	2	86	1.48e-57	171
Dm_00012551-RA	AT4G08455.1	N/A	48.611	144	52	1	1	122	124	267	6.56e-39	131
Dm_00014993-RA	AT4G12060.1	N/A	63.699	146	53	0	4	149	93	238	3.40e-62	191
Dm_00015327-RA	AT4G37260.1	N/A	49.346	306	106	9	15	305	6	277	4.51e-86	262
Dm_00002934-RA	AT3G11780.1	N/A	45.806	155	60	1	27	181	22	152	6.93e-49	155
Dm_00002931-RA	AT3G11750.1	N/A	60.317	126	49	1	10	134	21	146	5.98e-53	164
Dm_00002929-RA	AT1G18800.1	N/A	79.747	158	29	1	1	155	1	158	9.13e-85	250
Dm_00002622-RA	AT3G18430.1	N/A	63.429	175	32	2	1	143	1	175	3.94e-73	216
Dm_00002776-RA	AT1G68370.1	N/A	76.960	421	67	5	7	421	8	404	0.0	645
Dm_00003068-RA	AT5G52030.2	N/A	57.480	381	137	4	16	372	4	383	1.07e-138	400
Dm_00003067-RA	AT4G25480.1	N/A	49.372	239	93	7	26	259	1	216	5.42e-60	189
Dm_00003077-RA	AT5G62020.1	N/A	48.097	289	112	7	18	291	16	281	6.67e-80	244
Dm_00003084-RA	AT4G25570.2	N/A	69.725	218	66	0	1	218	42	259	5.16e-108	312
Dm_00003078-RA	AT5G52190.1	N/A	61.538	208	66	3	15	219	12	208	1.42e-83	247
Dm_00003075-RA	AT2G38250.1	N/A	54.417	283	114	3	7	289	16	283	5.98e-73	226
Dm_00003083-RA	AT4G25560.1	N/A	50.505	198	83	5	15	209	9	194	1.93e-61	193
Dm_00007922-RA	AT3G21175.2	N/A	55.459	229	93	4	16	240	28	251	4.72e-71	221
Dm_00007921-RA	AT4G33640.1	N/A	78.205	78	17	0	1	78	1	78	5.74e-41	130
Dm_00011804-RA	AT5G45840.2	N/A	41.359	677	321	13	29	672	34	667	6.56e-162	481
Dm_00011118-RA	AT5G54590.2	N/A	75.194	387	95	1	1	386	1	387	0.0	621
Dm_00010728-RA	AT3G46010.2	N/A	85.507	138	18	1	10	145	13	150	1.81e-86	249
Dm_00008237-RA	AT3G11100.1	N/A	47.719	285	109	10	1	281	1	249	6.80e-57	185
Dm_00009918-RA	AT5G07900.1	N/A	32.993	294	192	2	53	343	104	395	3.02e-49	171
Dm_00018601-RA	AT3G42170.2	N/A	28.188	298	192	5	6	291	269	556	1.99e-30	120
Dm_00021051-RA	AT4G02370.1	N/A	51.938	129	61	1	33	160	31	159	6.94e-49	156
Dm_00009026-RA	AT3G03340.1	N/A	75.562	356	72	5	1	354	1	343	0.0	522
Dm_00009781-RA	AT5G47650.3	N/A	52.397	292	101	3	24	315	19	272	7.59e-103	303
Dm_00008231-RA	AT4G12340.1	N/A	38.251	183	91	5	1	178	1	166	1.18e-30	110
Dm_00009884-RA	AT5G05710.1	N/A	74.648	142	34	1	1	140	1	142	4.12e-75	220
Dm_00010223-RA	AT4G14640.1	N/A	67.832	143	46	0	11	153	8	150	1.12e-66	199
Dm_00017820-RA	AT1G65810.3	N/A	45.113	133	68	3	1	132	207	335	6.44e-29	110
Dm_00017236-RA	AT1G55340.1	N/A	48.430	223	86	10	16	228	2	205	1.58e-51	166
Dm_00017219-RA	AT3G57120.1	N/A	57.812	384	133	7	92	460	87	456	4.64e-145	422
Dm_00017591-RA	AT1G29690.1	N/A	65.841	565	179	5	25	588	10	561	0.0	760
Dm_00019980-RA	AT5G15150.1	N/A	50.000	244	92	8	1	231	22	248	5.05e-58	189
Dm_00019330-RA	AT5G60340.1	N/A	58.989	178	73	0	2	179	1	178	4.59e-83	243
Dm_00019331-RA	AT4G21090.1	N/A	84.746	118	18	0	7	124	80	197	6.02e-73	216
Dm_00004769-RA	AT3G46090.1	N/A	40.870	115	53	1	13	127	10	109	1.48e-21	88.6
Dm_00004778-RA	AT2G39570.1	N/A	56.955	381	147	3	19	399	48	411	8.19e-148	425
Dm_00004771-RA	AT5G59865.1	N/A	61.644	73	28	0	6	78	33	105	1.96e-21	80.9
Dm_00004550-RA	AT1G53540.1	N/A	76.101	159	35	2	1	158	1	157	2.75e-84	244
Dm_00004381-RA	AT4G09800.1	N/A	94.702	151	8	0	10	160	2	152	8.54e-106	299
Dm_00005011-RA	AT3G51100.1	N/A	53.261	184	72	4	38	207	28	211	1.33e-64	199
Dm_00016827-RA	AT3G22830.1	N/A	46.571	350	142	7	31	339	48	393	2.93e-99	299
Dm_00016536-RA	AT3G26360.2	N/A	58.416	101	42	0	1	101	1	101	2.06e-30	108
Dm_00015877-RA	AT1G04520.1	N/A	60.912	307	110	3	1	299	1	305	4.16e-121	350
Dm_00010004-RA	AT3G43810.2	N/A	99.324	148	1	0	1	148	1	148	5.64e-106	301
Dm_00010136-RA	AT5G58230.1	N/A	76.852	324	36	1	1	324	134	418	0.0	515
Dm_00009196-RA	AT3G51800.3	N/A	75.835	389	85	2	2	390	3	382	0.0	588
Dm_00016713-RA	AT2G22570.1	N/A	62.712	236	85	2	18	252	7	240	1.39e-112	324
Dm_00019230-RA	AT3G29100.3	N/A	71.628	215	61	0	1	215	1	215	6.74e-115	327
Dm_00019118-RA	AT4G05460.1	N/A	43.463	283	148	4	1	281	1	273	6.74e-66	208
Dm_00019145-RA	AT4G09800.1	N/A	77.596	183	9	1	1	183	2	152	1.60e-96	276
Dm_00005560-RA	AT1G18530.1	N/A	76.159	151	36	0	8	158	1	151	1.85e-78	230
Dm_00005819-RA	AT1G12990.1	N/A	78.261	391	79	3	17	404	5	392	0.0	664
Dm_00020835-RA	AT3G54980.1	N/A	42.056	214	91	1	1	181	496	709	1.51e-47	165
Dm_00012564-RA	AT1G23860.3	N/A	78.302	106	21	1	1	106	1	104	4.83e-48	155
Dm_00011802-RA	AT5G55190.1	N/A	97.110	173	5	0	14	186	25	197	1.00e-126	355
Dm_00012373-RA	AT3G56891.2	N/A	47.200	125	47	5	5	110	19	143	3.16e-33	113
Dm_00019853-RA	AT4G14660.2	N/A	61.272	173	66	1	55	227	7	178	2.80e-79	237
Dm_00019983-RA	AT1G15140.1	N/A	68.132	273	84	1	1	273	22	291	1.63e-125	365
Dm_00019782-RA	AT2G38310.1	N/A	76.875	160	35	2	45	203	38	196	1.32e-80	239
Dm_00020008-RA	AT5G16790.1	N/A	67.797	236	58	2	1	235	1	219	6.23e-98	286
Dm_00019895-RA	AT3G24530.1	N/A	74.419	473	121	0	90	562	9	481	0.0	743
Dm_00018243-RA	AT3G02220.1	N/A	72.269	119	33	0	71	189	21	139	1.04e-57	181
Dm_00007402-RA	AT3G10950.1	N/A	92.500	80	6	0	7	86	13	92	7.42e-52	158
Dm_00007598-RA	AT2G20450.1	N/A	81.061	132	25	0	2	133	3	134	2.38e-74	218
Dm_00006230-RA	AT4G24440.1	N/A	84.906	106	16	0	1	106	1	106	1.72e-66	196
Dm_00007288-RA	AT1G49950.2	N/A	46.640	253	111	4	1	245	1	237	1.40e-69	218
Dm_00007795-RA	AT2G01300.1	N/A	43.478	115	54	2	7	119	13	118	7.33e-24	92.0
Dm_00007801-RA	AT1G71050.1	N/A	64.800	125	42	1	12	134	28	152	1.39e-53	166
Dm_00013357-RA	AT2G05760.1	N/A	85.385	520	74	1	1	518	1	520	0.0	913
Dm_00013458-RA	AT2G04550.1	N/A	59.774	266	90	5	6	266	2	255	6.52e-106	308
Dm_00013573-RA	AT1G18800.1	N/A	76.233	223	48	4	1	220	1	221	1.76e-116	334
Dm_00012820-RA	AT2G34690.1	N/A	61.497	187	70	2	1	186	1	186	2.11e-76	228
Dm_00016383-RA	AT4G32680.1	N/A	34.058	138	80	2	95	232	150	276	3.74e-22	92.4
Dm_00016996-RA	AT5G06760.1	N/A	46.000	150	62	2	10	158	3	134	3.80e-28	103
Dm_00016894-RA	AT5G42300.1	N/A	86.957	69	9	0	1	69	1	69	2.76e-38	125
Dm_00017034-RA	AT5G25450.3	N/A	75.000	88	22	0	15	102	1	88	2.38e-42	138
Dm_00016803-RA	AT5G42440.1	N/A	57.231	325	110	5	66	389	59	355	2.45e-120	353
Dm_00015398-RA	AT1G10740.4	N/A	77.533	454	99	3	1	451	1	454	0.0	738
Dm_00003311-RA	AT3G53740.2	N/A	80.909	110	21	0	27	136	1	110	1.37e-57	174
Dm_00003315-RA	AT2G28105.2	N/A	56.494	154	48	4	32	175	5	149	5.57e-53	167
Dm_00002447-RA	AT3G62600.1	N/A	82.456	342	54	3	13	349	6	346	0.0	559
Dm_00003562-RA	AT3G61750.1	N/A	49.682	314	148	5	390	701	68	373	1.24e-100	315
Dm_00003225-RA	AT5G09390.2	N/A	50.173	289	100	5	1	282	26	277	4.13e-78	244
Dm_00003129-RA	AT3G56740.1	N/A	65.493	284	96	1	52	333	10	293	1.08e-123	357
Dm_00009005-RA	AT1G79660.1	N/A	48.544	103	41	4	1	101	1	93	1.50e-25	91.7
Dm_00010147-RA	AT2G20700.1	N/A	55.000	140	56	2	30	169	27	159	3.20e-49	156
Dm_00002702-RA	AT2G46890.1	N/A	68.634	322	99	2	3	324	2	321	3.06e-161	453
Dm_00002703-RA	AT1G72030.1	N/A	58.000	100	41	1	13	111	155	254	3.84e-35	121
Dm_00002710-RA	AT1G22520.1	N/A	61.702	94	33	1	11	101	3	96	5.59e-35	120
Dm_00002642-RA	AT2G33710.1	N/A	61.111	90	27	2	86	171	41	126	1.36e-29	111
Dm_00002654-RA	AT4G36950.1	N/A	47.826	368	157	9	3	368	2	336	1.65e-103	308
Dm_00002655-RA	AT1G45688.1	N/A	41.176	306	134	7	7	273	43	341	4.18e-66	209
Dm_00009590-RA	AT3G59350.6	N/A	78.771	358	74	2	15	370	54	411	0.0	561
Dm_00009465-RA	AT5G15900.1	N/A	58.451	142	53	3	1	138	245	384	3.21e-49	163
Dm_00009464-RA	AT5G15870.1	N/A	64.901	453	130	3	6	430	243	694	0.0	592
Dm_00011110-RA	AT2G02061.1	N/A	52.083	192	77	1	4	195	111	287	5.13e-64	204
Dm_00010010-RA	AT3G23490.1	N/A	72.222	162	45	0	2	163	3	164	3.36e-88	255
Dm_00009166-RA	AT3G23430.1	N/A	69.565	437	133	0	13	449	346	782	0.0	675
Dm_00008928-RA	AT1G51650.1	N/A	81.356	59	11	0	2	60	3	61	2.90e-34	113
Dm_00016523-RA	AT3G11110.1	N/A	40.606	165	72	5	54	217	15	154	1.95e-30	110
Dm_00016261-RA	AT1G32990.1	N/A	82.123	179	27	1	61	239	45	218	1.42e-102	297
Dm_00013689-RA	AT1G16890.3	N/A	76.316	190	17	1	1	190	1	162	1.98e-98	282
Dm_00015543-RA	AT3G59800.1	N/A	54.412	204	74	3	1	204	1	185	5.33e-44	145
Dm_00013966-RA	AT5G53670.1	N/A	40.670	209	99	4	118	310	33	232	8.60e-32	120
Dm_00014262-RA	AT5G39740.1	N/A	72.948	329	52	1	130	458	1	292	2.01e-174	491
Dm_00013657-RA	AT1G79860.1	N/A	59.855	553	178	12	1	547	1	515	0.0	597
Dm_00015211-RA	AT1G17420.1	N/A	66.272	928	288	9	3	914	1	919	0.0	1296
Dm_00013605-RA	AT3G56210.4	N/A	58.523	176	72	1	1	176	1	175	3.77e-72	216
Dm_00013606-RA	AT5G27700.1	N/A	79.012	81	17	0	1	81	1	81	7.42e-47	144
Dm_00010155-RA	AT4G00100.1	N/A	90.714	140	13	0	1	140	1	140	2.09e-91	261
Dm_00010686-RA	AT1G75270.1	N/A	69.811	212	61	2	1	211	1	210	9.44e-108	308
Dm_00009877-RA	AT3G19380.1	N/A	31.455	426	233	12	1	404	12	400	6.72e-42	153
Dm_00009958-RA	AT4G25890.1	N/A	71.642	67	19	0	1	67	1	67	7.01e-28	101
Dm_00006930-RA	AT1G25230.1	N/A	56.958	309	123	4	41	340	32	339	1.54e-127	369
Dm_00010219-RA	AT2G30230.1	N/A	45.989	187	82	7	1	180	1	175	1.30e-41	138
Dm_00010216-RA	AT5G37055.1	N/A	70.060	167	48	2	8	173	6	171	1.08e-81	239
Dm_00003327-RA	AT5G63030.1	N/A	43.299	97	47	2	1	89	1	97	5.35e-21	80.9
Dm_00003671-RA	AT5G24314.1	N/A	52.294	109	49	2	12	119	50	156	1.49e-32	112
Dm_00003677-RA	AT5G24320.1	N/A	45.867	750	325	21	1	726	1	693	0.0	571
Dm_00003133-RA	AT1G54830.3	N/A	57.787	244	70	9	1	244	1	211	5.29e-68	209
Dm_00003694-RA	AT5G37290.1	N/A	63.212	193	57	5	1	192	1	180	2.05e-78	232
Dm_00010642-RA	AT5G66430.1	N/A	38.095	378	200	9	1	369	1	353	9.90e-73	230
Dm_00010484-RA	AT1G26880.1	N/A	90.833	120	11	0	1	120	1	120	1.14e-76	222
Dm_00010114-RA	AT5G05360.2	N/A	38.583	127	54	3	36	138	21	147	9.49e-22	87.0
Dm_00015786-RA	AT2G45510.1	N/A	55.588	340	141	5	51	383	112	448	6.27e-127	375
Dm_00015490-RA	AT2G46290.1	N/A	74.038	208	38	2	11	216	161	354	1.04e-107	314
Dm_00015488-RA	AT5G15750.1	N/A	67.582	182	59	0	1	182	1	182	9.49e-92	265
Dm_00014680-RA	AT5G22130.3	N/A	55.446	101	28	3	1	94	28	118	5.06e-24	97.1
Dm_00014356-RA	AT2G04690.1	N/A	58.376	197	63	3	26	222	23	200	7.05e-78	233
Dm_00014810-RA	AT1G26880.1	N/A	92.473	93	7	0	42	134	27	119	5.93e-57	173
Dm_00005589-RA	AT1G78870.2	N/A	96.078	153	6	0	1	153	1	153	8.49e-109	306
Dm_00006483-RA	AT1G52590.1	N/A	61.688	154	18	1	8	161	60	172	1.38e-59	182
Dm_00011275-RA	AT2G37080.3	N/A	44.127	630	253	14	69	657	10	581	2.73e-136	412
Dm_00011486-RA	AT5G65090.1	N/A	55.890	365	149	3	82	434	44	408	1.66e-138	407
Dm_00011334-RA	AT4G14455.1	N/A	61.157	121	45	1	11	131	5	123	2.38e-51	159
Dm_00012187-RA	AT3G21420.1	N/A	66.391	363	119	3	1	361	1	362	0.0	509
Dm_00012188-RA	AT3G14290.1	N/A	93.805	226	14	0	1	226	6	231	4.25e-161	445
Dm_00014300-RA	AT1G18090.1	N/A	50.430	349	144	8	1	349	132	451	6.87e-105	322
Dm_00012800-RA	AT5G35620.3	N/A	68.807	109	30	2	11	115	88	196	1.18e-49	157
Dm_00012801-RA	AT2G05620.2	N/A	66.165	133	40	3	1	128	1	133	5.23e-54	166
Dm_00013409-RA	AT1G66430.1	N/A	84.211	323	51	0	17	339	61	383	0.0	564
Dm_00013646-RA	AT2G46150.1	N/A	38.095	231	128	6	1	226	1	221	6.71e-47	154
Dm_00013023-RA	AT1G04980.1	N/A	72.727	341	82	2	5	334	107	447	0.0	511
Dm_00010595-RA	AT4G14723.1	N/A	55.914	93	38	2	18	107	17	109	1.01e-30	105
Dm_00002368-RA	AT4G24210.1	N/A	57.471	174	34	4	3	176	10	143	4.12e-60	184
Dm_00002369-RA	AT4G37260.1	N/A	50.645	310	90	8	1	283	1	274	7.67e-89	268
Dm_00002377-RA	AT4G24240.1	N/A	47.462	394	146	12	1	382	1	345	4.08e-92	280
Dm_00003086-RA	AT5G60335.2	N/A	61.268	142	55	0	55	196	16	157	3.95e-61	189
Dm_00003087-RA	AT3G54840.1	N/A	83.590	195	32	0	1	195	1	195	1.56e-120	340
Dm_00002690-RA	AT4G16450.2	N/A	87.000	100	13	0	1	100	1	100	5.99e-60	179
Dm_00002674-RA	AT3G55620.1	N/A	89.796	245	25	0	1	245	1	245	2.90e-169	466
Dm_00006170-RA	AT5G11680.1	N/A	74.874	199	44	2	1	195	1	197	5.62e-106	303
Dm_00006513-RA	AT4G01250.1	N/A	50.000	246	83	10	186	418	80	298	5.46e-62	202
Dm_00005275-RA	AT2G20280.1	N/A	75.000	288	66	3	1	286	1	284	7.38e-148	424
Dm_00005876-RA	AT3G03773.3	N/A	54.054	111	49	2	1	110	3	112	6.12e-35	122
Dm_00005408-RA	AT5G14670.3	N/A	98.895	181	2	0	1	181	1	181	1.59e-133	371
Dm_00005907-RA	AT1G30100.1	N/A	67.418	577	164	4	70	646	36	588	0.0	803
Dm_00005161-RA	AT2G31725.1	N/A	71.910	89	25	0	1	89	1	89	1.12e-43	139
Dm_00005332-RA	AT3G50210.1	N/A	66.000	350	91	5	1	342	1	330	8.08e-164	461
Dm_00006211-RA	AT2G15000.6	N/A	49.107	112	43	5	1	109	1	101	1.93e-21	81.6
Dm_00011731-RA	AT4G40042.1	N/A	70.886	79	23	0	9	87	1	79	6.49e-41	130
Dm_00010931-RA	AT1G63990.1	N/A	66.579	380	109	2	2	363	4	383	0.0	519
Dm_00011326-RA	AT1G24050.1	N/A	56.173	162	68	2	6	164	17	178	9.42e-56	174
Dm_00013145-RA	AT2G23340.1	N/A	61.392	158	45	4	6	155	20	169	3.85e-53	166
Dm_00004768-RA	AT5G08290.1	N/A	74.011	177	11	1	77	253	1	142	2.05e-92	268
Dm_00005937-RA	AT4G13870.1	N/A	32.796	186	121	2	43	226	95	278	1.41e-24	98.6
Dm_00005935-RA	AT2G40850.1	N/A	47.619	588	245	14	1	571	20	561	3.63e-161	471
Dm_00005942-RA	AT3G12490.2	N/A	43.318	217	106	6	12	216	15	226	8.82e-46	152
Dm_00006184-RA	AT2G17890.1	N/A	71.164	593	117	9	1	571	1	561	0.0	829
Dm_00004852-RA	AT2G21100.2	N/A	60.366	164	63	2	7	169	25	187	2.44e-66	201
Dm_00005898-RA	AT3G62260.1	N/A	58.808	386	124	8	1	355	1	382	3.79e-152	434
Dm_00005897-RA	AT1G02460.1	N/A	70.635	126	37	0	2	127	348	473	3.03e-62	198
Dm_00004877-RA	AT4G39260.3	N/A	81.111	90	17	0	36	125	2	91	4.35e-49	154
Dm_00005618-RA	AT2G28305.1	N/A	65.816	196	67	0	13	208	6	201	6.37e-97	281
Dm_00005620-RA	AT3G63510.1	N/A	73.425	365	96	1	79	442	49	413	0.0	581
Dm_00006125-RA	AT3G28630.1	N/A	53.115	305	119	6	365	657	37	329	1.44e-91	287
Dm_00018690-RA	AT1G76750.1	N/A	40.000	145	71	4	267	399	3	143	5.85e-26	102
Dm_00018986-RA	AT2G27880.1	N/A	56.471	850	301	15	189	998	177	997	0.0	926
Dm_00013158-RA	AT3G10620.1	N/A	65.445	191	36	1	93	283	56	216	1.79e-87	261
Dm_00013159-RA	AT5G02450.1	N/A	85.526	76	11	0	5	80	31	106	6.29e-39	125
Dm_00012078-RA	AT1G12220.1	N/A	36.102	939	535	18	1	933	1	880	1.76e-170	520
Dm_00013079-RA	AT5G42050.1	N/A	54.670	364	127	6	4	350	6	348	7.71e-114	335
Dm_00013325-RA	AT3G55600.1	N/A	63.071	241	79	4	1	233	2	240	1.44e-98	287
Dm_00012425-RA	AT4G36670.1	N/A	62.346	486	169	3	5	482	8	487	0.0	627
Dm_00013956-RA	AT1G17880.1	N/A	80.000	135	19	2	15	149	24	150	9.53e-72	213
Dm_00012905-RA	AT1G48405.1	N/A	34.959	246	131	6	1	243	14	233	5.83e-37	134
Dm_00015946-RA	AT1G01910.2	N/A	76.404	356	81	1	1	356	1	353	0.0	551
Dm_00016171-RA	AT1G28480.1	N/A	46.795	156	62	4	11	166	3	137	1.66e-35	120
Dm_00016270-RA	AT3G12490.1	N/A	54.455	101	26	2	7	88	5	104	4.37e-27	98.2
Dm_00016339-RA	AT1G50460.1	N/A	59.810	525	160	5	25	549	25	498	0.0	612
Dm_00009628-RA	AT5G14670.3	N/A	97.238	181	5	0	1	181	1	181	3.45e-131	367
Dm_00011496-RA	AT5G02610.1	N/A	85.366	123	18	0	1	123	1	123	1.20e-69	205
Dm_00009477-RA	AT5G59700.1	N/A	52.415	828	322	17	68	850	27	827	0.0	775
Dm_00011583-RA	AT5G18110.1	N/A	80.220	182	29	2	101	282	43	217	1.17e-106	309
Dm_00010133-RA	AT1G14300.1	N/A	71.711	304	86	0	3	306	19	322	7.05e-157	443
Dm_00010060-RA	AT1G65700.1	N/A	86.316	95	13	0	1	95	1	95	1.12e-55	167
Dm_00011239-RA	AT3G28917.1	N/A	52.885	104	44	3	1	103	1	100	2.75e-30	103
Dm_00011635-RA	AT3G42170.1	N/A	31.461	178	105	3	37	214	514	674	4.48e-25	107
Dm_00010262-RA	AT3G50360.1	N/A	54.082	196	38	3	4	199	5	148	1.73e-57	181
Dm_00010261-RA	AT4G18690.1	N/A	33.465	254	143	5	30	276	18	252	9.21e-43	148
Dm_00011969-RA	AT5G23535.1	N/A	86.164	159	22	0	1	159	1	159	2.64e-99	283
Dm_00008952-RA	AT5G19150.2	N/A	78.030	132	26	1	3	131	46	177	9.97e-70	214
Dm_00011657-RA	AT5G52380.1	N/A	57.519	266	110	2	1	266	1	263	6.10e-100	293
Dm_00011518-RA	AT4G01320.1	N/A	82.452	416	73	0	2	417	9	424	0.0	722
Dm_00012102-RA	AT5G19890.1	N/A	59.375	320	125	3	10	327	11	327	1.54e-133	383
Dm_00018051-RA	AT1G18210.2	N/A	59.184	147	58	2	4	149	8	153	1.48e-60	185
Dm_00016884-RA	AT3G25700.1	N/A	57.500	440	173	4	20	451	18	451	4.33e-178	506
Dm_00018387-RA	AT3G28850.1	N/A	43.574	498	176	17	1	463	1	428	2.45e-102	312
Dm_00018347-RA	AT3G49100.2	N/A	80.357	56	11	0	10	65	48	103	5.41e-29	99.0
Dm_00003659-RA	AT2G23810.1	N/A	60.886	271	100	2	2	266	3	273	6.19e-124	354
Dm_00003425-RA	AT3G43810.1	N/A	100.000	124	0	0	143	266	26	149	1.60e-86	254
Dm_00003754-RA	AT3G15210.1	N/A	73.077	78	15	1	8	85	9	80	8.58e-33	120
Dm_00003641-RA	AT1G08220.1	N/A	49.569	232	72	5	39	226	44	274	6.62e-71	218
Dm_00003634-RA	AT2G42780.2	N/A	42.703	185	83	4	18	193	10	180	4.22e-41	140
Dm_00003630-RA	AT5G22875.3	N/A	74.286	70	17	1	24	93	1	69	1.74e-33	110
Dm_00020551-RA	AT3G08040.1	N/A	62.906	523	165	4	14	534	24	519	0.0	604
Dm_00018969-RA	AT2G40095.2	N/A	57.436	195	69	5	2	196	7	187	7.82e-69	209
Dm_00020520-RA	AT3G27160.1	N/A	63.953	86	28	2	92	175	68	152	1.59e-34	121
Dm_00020569-RA	AT4G08520.1	N/A	70.787	178	52	0	103	280	4	181	5.38e-94	275
Dm_00020522-RA	AT1G04130.1	N/A	59.053	359	135	1	34	380	1	359	2.40e-150	429
Dm_00020511-RA	AT1G67580.1	N/A	59.898	788	262	15	1	770	1	752	0.0	829
Dm_00007940-RA	AT5G05980.2	N/A	53.846	364	129	9	4	356	159	494	2.00e-115	349
Dm_00008304-RA	AT3G60540.2	N/A	68.919	74	22	1	3	75	2	75	2.76e-25	91.7
Dm_00016591-RA	AT2G19680.2	N/A	71.429	119	34	0	5	123	1	119	2.35e-59	179
Dm_00017835-RA	AT3G58170.1	N/A	80.342	117	23	0	14	130	5	121	1.48e-65	195
Dm_00016887-RA	AT2G42310.1	N/A	75.410	61	12	1	28	85	54	114	7.79e-28	97.4
Dm_00016437-RA	AT3G49720.3	N/A	56.908	304	84	4	81	383	1	258	1.76e-114	334
Dm_00017540-RA	AT1G15120.1	N/A	77.941	68	15	0	3	70	2	69	1.07e-37	120
Dm_00017810-RA	AT3G01170.1	N/A	48.325	209	89	5	1	201	1	198	2.53e-63	197
Dm_00010188-RA	AT2G35360.1	N/A	56.466	232	86	3	4	233	7	225	8.95e-82	244
Dm_00010667-RA	AT5G50920.1	N/A	78.808	453	91	1	298	745	460	912	0.0	712
Dm_00013313-RA	AT3G12630.1	N/A	81.818	66	12	0	78	143	95	160	3.67e-37	125
Dm_00011192-RA	AT2G24940.1	N/A	77.778	99	22	0	1	99	1	99	9.91e-55	165
Dm_00011191-RA	AT5G19370.1	N/A	65.865	208	69	1	25	232	94	299	4.51e-101	295
Dm_00011594-RA	AT5G16030.4	N/A	55.417	240	92	7	11	244	6	236	6.79e-69	218
Dm_00011212-RA	AT4G00330.1	N/A	46.739	184	78	6	31	201	101	277	1.29e-42	149
Dm_00011154-RA	AT4G13720.2	N/A	61.257	191	29	2	7	152	23	213	6.34e-74	221
Dm_00005108-RA	AT4G03280.1	N/A	73.160	231	57	3	1	228	1	229	7.73e-105	302
Dm_00005033-RA	AT1G54560.1	N/A	78.070	1026	221	1	44	1069	15	1036	0.0	1692
Dm_00016050-RA	AT1G23390.1	N/A	39.683	378	216	9	39	410	20	391	4.92e-89	276
Dm_00015232-RA	AT4G14740.1	N/A	65.139	502	129	9	1	487	1	471	0.0	565
Dm_00016099-RA	AT4G17615.1	N/A	80.282	213	42	0	1	213	1	213	3.04e-128	360
Dm_00016173-RA	AT1G29380.3	N/A	71.429	84	24	0	106	189	148	231	9.53e-37	132
Dm_00014796-RA	AT2G36460.1	N/A	85.143	350	51	1	10	358	9	358	0.0	606
Dm_00010982-RA	AT4G39630.1	N/A	46.694	242	118	6	55	295	1	232	8.18e-57	183
Dm_00010488-RA	AT4G38580.1	N/A	75.316	158	34	1	1	158	1	153	9.90e-88	253
Dm_00004325-RA	AT3G10020.1	N/A	47.436	156	65	6	7	156	2	146	9.63e-29	103
Dm_00005498-RA	AT3G48900.2	N/A	59.145	421	132	6	1	382	1	420	8.82e-169	486
Dm_00005497-RA	AT3G48890.1	N/A	77.586	174	32	2	1	172	1	169	2.09e-91	268
Dm_00005500-RA	AT5G18580.1	N/A	83.617	470	43	2	14	450	1	469	0.0	808
Dm_00004554-RA	AT5G03455.1	N/A	70.149	134	38	1	1	134	15	146	5.22e-67	199
Dm_00004555-RA	AT5G03460.1	N/A	57.895	57	24	0	1	57	2	58	3.15e-21	79.3
Dm_00018062-RA	AT3G18410.2	N/A	81.000	100	18	1	1	99	1	100	2.86e-56	171
Dm_00008484-RA	AT2G26240.1	N/A	64.486	107	38	0	1	107	1	107	7.50e-40	128
Dm_00007838-RA	AT5G15802.1	N/A	56.075	107	36	1	11	117	1	96	7.17e-37	121
Dm_00002282-RA	AT5G44210.1	N/A	45.856	181	79	6	25	203	29	192	6.03e-36	126
Dm_00002290-RA	AT5G46020.1	N/A	66.429	140	46	1	1	139	1	140	5.62e-47	153
Dm_00002312-RA	AT4G18700.1	N/A	80.087	462	83	4	22	476	20	479	0.0	762
Dm_00002293-RA	AT5G60860.1	N/A	91.244	217	19	0	1	217	1	217	5.19e-149	413
Dm_00002296-RA	AT2G34060.1	N/A	55.807	353	135	6	9	361	11	342	1.74e-133	385
Dm_00002311-RA	AT3G58670.4	N/A	58.120	117	40	2	5	121	92	199	5.27e-43	140
Dm_00003267-RA	AT3G42170.2	N/A	41.284	109	61	2	66	174	547	652	2.38e-22	96.7
Dm_00003277-RA	AT1G70780.1	N/A	56.061	132	57	1	5	135	9	140	2.65e-51	159
Dm_00003274-RA	AT1G70900.1	N/A	64.706	255	75	3	8	262	5	244	1.39e-119	342
Dm_00003270-RA	AT1G30110.2	N/A	77.439	164	34	3	1	162	1	163	4.61e-89	260
Dm_00003262-RA	AT4G14890.1	N/A	65.354	127	40	1	37	159	28	154	9.74e-56	172
Dm_00017254-RA	AT5G47520.1	N/A	65.625	224	21	2	86	256	1	221	1.34e-96	282
Dm_00015098-RA	AT2G30040.1	N/A	50.794	378	144	8	23	395	17	357	8.82e-107	326
Dm_00016390-RA	AT5G10860.1	N/A	75.728	206	41	2	1	197	1	206	4.12e-111	316
Dm_00017304-RA	AT2G06530.2	N/A	80.631	222	24	3	1	221	1	204	1.07e-108	311
Dm_00016421-RA	AT2G17705.1	N/A	73.387	124	33	0	3	126	4	127	1.58e-67	200
Dm_00017372-RA	AT5G58110.1	N/A	62.371	194	71	1	8	201	5	196	2.89e-84	248
Dm_00013342-RA	AT2G41870.1	N/A	50.000	248	104	4	7	247	37	271	4.15e-70	216
Dm_00015199-RA	AT2G04780.2	N/A	62.121	198	72	2	1	197	1	196	4.21e-76	231
Dm_00013993-RA	AT4G14145.1	N/A	81.818	77	14	0	23	99	33	109	1.30e-43	139
Dm_00020642-RA	AT1G18210.2	N/A	49.693	163	70	2	1	160	1	154	6.46e-51	160
Dm_00019901-RA	AT5G55160.1	N/A	97.674	43	1	0	121	163	32	74	1.20e-24	92.4
Dm_00020596-RA	AT3G57090.2	N/A	69.065	139	43	0	1	139	1	139	2.56e-72	214
Dm_00013043-RA	AT5G64180.1	N/A	78.022	91	20	0	91	181	57	147	1.62e-35	122
Dm_00011292-RA	AT3G02510.1	N/A	75.532	376	68	4	257	609	11	385	0.0	566
Dm_00011729-RA	AT5G66390.1	N/A	64.412	340	103	1	15	354	12	333	1.22e-165	466
Dm_00003291-RA	AT3G11840.1	N/A	39.278	443	219	9	2	399	6	443	6.06e-94	289
Dm_00003223-RA	AT3G50520.1	N/A	64.000	225	79	1	5	229	8	230	2.97e-105	303
Dm_00003605-RA	AT2G25570.1	N/A	74.797	246	60	2	20	264	31	275	2.28e-135	384
Dm_00003450-RA	AT5G66500.1	N/A	48.614	541	264	5	24	562	1	529	4.75e-173	506
Dm_00003501-RA	AT1G08640.1	N/A	58.291	199	83	0	59	257	52	250	4.81e-81	246
Dm_00014338-RA	AT1G26670.1	N/A	69.388	196	58	2	38	232	28	222	5.58e-94	275
Dm_00013611-RA	AT1G32740.1	N/A	38.974	390	155	9	1	386	1	311	1.62e-71	226
Dm_00014217-RA	AT3G08950.1	N/A	71.090	211	61	0	237	447	124	334	5.93e-114	338
Dm_00013854-RA	AT1G22860.1	N/A	82.162	185	33	0	11	195	800	984	4.63e-107	330
Dm_00020022-RA	AT4G16060.1	N/A	72.398	221	45	1	22	242	85	289	1.47e-118	340
Dm_00020094-RA	AT1G02730.1	N/A	76.436	1201	242	14	1	1180	1	1181	0.0	1826
Dm_00020641-RA	AT3G05560.1	N/A	81.301	123	19	2	1	123	1	119	6.99e-56	170
Dm_00004960-RA	AT2G16430.2	N/A	70.323	465	135	1	19	483	7	468	0.0	716
Dm_00004958-RA	AT2G16405.1	N/A	69.530	489	135	5	43	527	3	481	0.0	701
Dm_00005267-RA	AT2G30170.1	N/A	63.241	253	78	1	17	269	59	296	2.42e-119	343
Dm_00004226-RA	AT3G19184.1	N/A	56.757	222	86	4	1	213	1	221	6.57e-78	236
Dm_00004734-RA	AT4G26860.1	N/A	70.370	243	62	3	1	234	1	242	2.10e-118	338
Dm_00004732-RA	AT5G55125.2	N/A	79.310	58	12	0	1	58	1	58	3.16e-30	101
Dm_00005045-RA	AT5G26110.1	N/A	83.482	224	37	0	1	224	1	224	1.96e-139	397
Dm_00007915-RA	AT4G38970.1	N/A	85.464	399	56	2	1	398	1	398	0.0	702
Dm_00006805-RA	AT2G33020.1	N/A	38.367	649	365	12	39	681	242	861	1.37e-111	357
Dm_00006990-RA	AT1G32410.1	N/A	65.359	153	36	2	1	151	1	138	3.92e-63	190
Dm_00006205-RA	AT1G07140.1	N/A	75.325	154	34	3	1	151	1	153	8.15e-82	241
Dm_00006444-RA	AT5G65960.1	N/A	50.000	446	155	8	10	442	1	391	1.71e-116	347
Dm_00013776-RA	AT1G02065.1	N/A	46.278	309	114	11	1	282	1	284	4.33e-74	230
Dm_00015746-RA	AT2G45640.1	N/A	61.940	134	36	2	40	173	25	143	2.27e-49	157
Dm_00005044-RA	AT4G04614.2	N/A	54.688	128	50	4	52	177	55	176	2.47e-38	129
Dm_00015509-RA	AT3G19330.4	N/A	39.257	377	211	8	10	377	6	373	1.63e-74	236
Dm_00019668-RA	AT3G30380.1	N/A	64.037	431	116	7	1	426	1	397	0.0	544
Dm_00017370-RA	AT5G64140.1	N/A	77.778	54	9	2	13	64	1	53	3.05e-21	78.2
Dm_00019502-RA	AT4G17010.1	N/A	51.333	150	53	3	1	147	1	133	2.47e-42	139
Dm_00008362-RA	AT2G30590.1	N/A	84.444	45	7	0	68	112	333	377	5.97e-25	97.1
Dm_00009104-RA	AT1G56090.1	N/A	56.343	268	101	6	2	256	3	267	5.86e-74	229
Dm_00009890-RA	AT5G60020.1	N/A	67.698	582	176	8	15	589	1	577	0.0	815
Dm_00009659-RA	AT2G15910.2	N/A	75.309	81	18	1	1	81	1	79	1.08e-38	123
Dm_00009298-RA	AT2G41835.1	N/A	55.442	294	97	6	1	275	1	279	2.16e-108	315
Dm_00002390-RA	AT3G13390.1	N/A	69.307	101	31	0	74	174	453	553	9.11e-46	157
Dm_00002397-RA	AT3G24255.5	N/A	34.818	247	155	4	579	820	16	261	9.82e-41	159
Dm_00002248-RA	AT5G57170.2	N/A	74.561	114	29	0	1	114	1	114	2.51e-58	176
Dm_00002257-RA	AT4G25850.1	N/A	49.560	341	164	5	1	338	48	383	3.86e-112	331
Dm_00019985-RA	AT5G19940.2	N/A	61.268	142	51	2	41	178	34	175	5.00e-58	182
Dm_00012518-RA	AT2G43370.1	N/A	67.883	137	37	1	1	130	118	254	3.61e-47	155
Dm_00013212-RA	AT1G77480.2	N/A	51.667	360	172	2	48	406	65	423	8.89e-135	393
Dm_00014486-RA	AT1G68090.1	N/A	47.917	288	125	3	146	408	25	312	4.93e-87	268
Dm_00013350-RA	AT4G33925.1	N/A	65.574	122	42	0	7	128	6	127	1.60e-57	176
Dm_00011529-RA	AT3G55440.1	N/A	72.308	130	28	2	87	216	64	185	9.12e-61	192
Dm_00004933-RA	AT1G15880.1	N/A	73.543	223	54	2	1	219	1	222	3.40e-117	333
Dm_00004927-RA	AT1G15930.1	N/A	80.198	101	20	0	1	101	25	125	1.67e-54	168
Dm_00004928-RA	AT1G15910.1	N/A	50.000	124	61	1	19	142	427	549	8.80e-35	127
Dm_00004147-RA	AT5G04000.1	N/A	62.687	67	25	0	113	179	47	113	6.20e-24	91.3
Dm_00004152-RA	AT3G10300.3	N/A	60.119	336	76	9	26	334	31	335	2.01e-120	350
Dm_00004920-RA	AT1G70420.1	N/A	33.459	266	116	9	84	325	39	267	1.80e-27	108
Dm_00004916-RA	AT1G79040.1	N/A	70.423	142	34	4	1	136	1	140	2.61e-62	187
Dm_00005149-RA	AT3G62550.1	N/A	54.730	148	49	3	3	150	5	134	6.49e-47	150
Dm_00005200-RA	AT5G54940.3	N/A	85.714	112	16	0	1	112	1	112	1.17e-69	204
Dm_00004812-RA	AT1G04985.2	N/A	59.155	71	29	0	4	74	28	98	3.03e-21	82.0
Dm_00005488-RA	AT1G31860.1	N/A	60.751	293	102	3	3	295	1	280	1.99e-122	352
Dm_00005425-RA	AT1G55340.2	N/A	76.471	85	19	1	80	164	112	195	5.43e-41	136
Dm_00006072-RA	AT3G61620.1	N/A	70.632	269	50	3	1	268	1	241	7.78e-131	370
Dm_00006074-RA	AT2G04520.1	N/A	88.276	145	15	1	1	143	1	145	1.35e-85	247
Dm_00010180-RA	AT3G57930.1	N/A	51.408	142	62	4	1	138	1	139	5.87e-26	95.5
Dm_00008894-RA	AT1G03900.1	N/A	70.922	282	69	6	1	279	1	272	1.69e-116	335
Dm_00012482-RA	AT1G53280.1	N/A	68.039	413	130	1	38	448	25	437	0.0	576
Dm_00012441-RA	AT4G01990.1	N/A	38.085	470	283	6	536	1001	34	499	2.78e-100	324
Dm_00011634-RA	AT5G63770.2	N/A	64.051	701	240	7	22	720	22	712	0.0	916
Dm_00013710-RA	AT2G14825.1	N/A	50.980	153	41	2	36	188	28	146	2.37e-48	155
Dm_00014344-RA	AT1G03330.1	N/A	92.208	77	6	0	74	150	2	78	1.81e-47	149
Dm_00016611-RA	AT3G02700.1	N/A	60.851	235	90	2	1	235	1	233	1.29e-96	283
Dm_00020000-RA	AT1G15140.1	N/A	68.132	273	84	1	1	273	22	291	1.63e-125	365
Dm_00020013-RA	AT5G20540.1	N/A	60.969	392	117	9	1	370	1	378	2.61e-140	404
Dm_00008113-RA	AT4G09620.2	N/A	63.816	152	53	1	147	298	61	210	1.91e-69	214
Dm_00007663-RA	AT1G64850.1	N/A	72.727	77	21	0	414	490	79	155	2.15e-30	116
Dm_00006768-RA	AT1G66230.1	N/A	81.250	144	27	0	26	169	1	144	9.19e-86	259
Dm_00008766-RA	AT3G54810.2	N/A	68.675	83	19	1	288	363	214	296	3.28e-37	137
Dm_00008767-RA	AT1G26740.1	N/A	53.043	115	46	5	1	110	1	112	4.68e-26	94.7
Dm_00007558-RA	AT4G31140.1	N/A	59.420	483	186	4	5	482	6	483	0.0	609
Dm_00007599-RA	AT5G05490.1	N/A	36.006	636	310	19	5	607	29	600	1.15e-92	298
Dm_00005789-RA	AT1G10030.1	N/A	87.037	108	14	0	1	108	1	108	6.00e-65	192
Dm_00007774-RA	AT5G47840.1	N/A	61.039	231	46	2	2	232	87	273	3.79e-95	280
Dm_00007186-RA	AT3G21160.1	N/A	78.571	406	79	2	1	398	163	568	0.0	656
Dm_00007734-RA	AT2G26640.1	N/A	82.556	493	86	0	18	510	17	509	0.0	885
Dm_00007384-RA	AT4G01710.1	N/A	81.818	132	24	0	1	132	1	132	1.99e-79	230
Dm_00007386-RA	AT4G09550.2	N/A	77.612	67	15	0	119	185	1	67	1.81e-29	106
Dm_00012925-RA	AT1G01225.1	N/A	38.298	235	127	7	40	263	4	231	5.80e-44	151
Dm_00014413-RA	AT5G28060.1	N/A	83.333	132	22	0	1	132	1	132	1.30e-78	228
Dm_00014767-RA	AT4G35920.1	N/A	66.194	423	132	4	189	603	1	420	0.0	579
Dm_00014782-RA	AT3G12620.1	N/A	62.366	372	134	3	1	370	10	377	2.11e-166	471
Dm_00014785-RA	AT5G12130.2	N/A	76.515	132	16	1	2	133	214	330	1.76e-61	193
Dm_00018112-RA	AT5G01430.1	N/A	81.356	118	22	0	28	145	11	128	2.99e-66	198
Dm_00019298-RA	AT5G51670.2	N/A	46.444	450	205	6	37	471	37	465	2.55e-129	384
Dm_00015992-RA	AT2G01250.1	N/A	82.700	237	41	0	10	246	6	242	2.39e-145	406
Dm_00019279-RA	AT3G29575.1	N/A	46.454	282	92	7	40	318	5	230	6.58e-64	202
Dm_00017503-RA	AT3G62930.1	N/A	61.000	100	38	1	5	104	4	102	1.31e-40	130
Dm_00019135-RA	AT5G04490.1	N/A	60.335	179	65	1	92	264	124	302	1.86e-76	234
Dm_00019198-RA	AT2G40340.6	N/A	41.311	351	160	12	3	331	12	338	1.54e-68	218
Dm_00018141-RA	AT2G39710.1	N/A	62.413	431	152	7	7	432	16	441	0.0	536
Dm_00018338-RA	AT1G09390.1	N/A	65.266	357	117	4	7	359	15	368	1.52e-175	493
Dm_00018222-RA	AT2G40590.1	N/A	77.381	84	19	0	17	100	30	113	1.97e-42	136
Dm_00018343-RA	AT3G22845.1	N/A	81.773	203	37	0	20	222	12	214	1.05e-128	362
Dm_00014669-RA	AT4G24580.1	N/A	59.389	687	239	10	6	667	49	720	0.0	714
Dm_00014672-RA	AT2G16770.1	N/A	61.364	264	75	10	1	261	1	240	3.23e-103	300
Dm_00013065-RA	AT1G09070.1	N/A	40.364	275	121	8	1	253	1	254	8.51e-48	163
Dm_00011574-RA	AT3G03800.1	N/A	73.232	198	53	0	1	198	82	279	1.09e-102	299
Dm_00011216-RA	AT3G13600.2	N/A	74.603	63	16	0	86	148	508	570	1.26e-26	107
Dm_00010763-RA	AT4G10430.3	N/A	74.000	350	88	1	16	365	1	347	0.0	532
Dm_00011165-RA	AT5G09830.1	N/A	85.000	60	9	0	4	63	21	80	3.32e-34	112
Dm_00013567-RA	AT4G03180.1	N/A	45.355	183	72	4	26	206	22	178	4.13e-37	128
Dm_00014431-RA	AT3G24760.2	N/A	50.660	379	171	6	14	390	10	374	3.63e-118	348
Dm_00010998-RA	AT5G41610.1	N/A	62.085	844	252	11	1	834	1	786	0.0	984
Dm_00010999-RA	AT1G09070.1	N/A	41.538	325	122	16	1	274	1	308	5.08e-35	129
Dm_00010199-RA	AT3G49870.1	N/A	90.761	184	17	0	1	184	1	184	1.53e-124	348
Dm_00002420-RA	AT5G67270.1	N/A	60.756	344	102	7	1	327	1	328	9.09e-135	391
Dm_00002852-RA	AT1G70090.2	N/A	70.732	369	104	3	8	373	6	373	0.0	548
Dm_00002541-RA	AT5G01710.1	N/A	62.941	510	179	5	5	507	7	513	0.0	652
Dm_00002583-RA	AT5G28060.1	N/A	76.087	138	19	1	1	138	1	124	1.31e-71	211
Dm_00002278-RA	AT1G22840.1	N/A	86.486	111	15	0	1	111	1	111	3.70e-70	205
Dm_00002123-RA	AT3G05200.1	N/A	42.268	388	153	14	42	407	8	346	1.59e-79	251
Dm_00002107-RA	AT1G08845.2	N/A	70.370	189	55	1	1	188	46	234	2.16e-94	274
Dm_00008128-RA	AT5G59850.1	N/A	95.968	124	5	0	1	124	1	124	3.10e-87	251
Dm_00007827-RA	AT5G56340.1	N/A	50.000	376	139	9	7	351	6	363	1.22e-106	320
Dm_00007431-RA	AT4G38660.1	N/A	68.201	239	73	2	14	252	13	248	6.64e-115	333
Dm_00007429-RA	AT5G66170.3	N/A	47.682	151	58	2	4	154	2	131	3.97e-44	142
Dm_00007697-RA	AT2G40140.1	N/A	46.237	651	255	21	11	638	19	597	2.16e-179	522
Dm_00010227-RA	AT1G36050.2	N/A	70.339	236	30	1	39	234	151	386	1.26e-117	341
Dm_00007529-RA	AT3G58680.1	N/A	82.979	141	24	0	1	141	1	141	6.88e-86	247
Dm_00009985-RA	AT1G35470.2	N/A	65.479	449	146	4	5	450	22	464	0.0	601
Dm_00009986-RA	AT3G60830.1	N/A	68.767	365	83	3	5	366	27	363	0.0	514
Dm_00008339-RA	AT4G21110.1	N/A	67.598	179	23	1	26	204	1	144	8.83e-85	255
Dm_00008880-RA	AT1G75750.2	N/A	58.095	105	33	2	1	102	1	97	5.52e-26	92.8
Dm_00007945-RA	AT3G54890.1	N/A	81.967	244	37	2	5	248	3	239	9.89e-140	392
Dm_00015267-RA	AT4G18930.1	N/A	52.880	191	73	1	11	201	6	179	3.83e-68	206
Dm_00012862-RA	AT1G74910.2	N/A	72.964	307	78	2	13	319	114	415	4.34e-165	466
Dm_00015873-RA	AT1G01820.1	N/A	80.176	227	45	0	1	227	1	227	2.96e-138	387
Dm_00015771-RA	AT1G25260.1	N/A	64.681	235	62	2	1	214	1	235	4.52e-102	295
Dm_00000864-RA	AT3G20410.1	N/A	74.164	538	132	4	1	532	1	537	0.0	827
Dm_00000862-RA	AT1G50670.3	N/A	79.032	186	39	0	78	263	23	208	3.14e-109	314
Dm_00000855-RA	AT3G22320.1	N/A	71.728	191	54	0	67	257	14	204	5.26e-99	293
Dm_00000575-RA	AT5G27490.1	N/A	78.292	281	53	2	48	321	3	282	4.90e-162	453
Dm_00000589-RA	AT4G02570.1	N/A	35.714	182	116	1	14	194	42	223	5.27e-32	122
Dm_00000618-RA	AT5G27820.1	N/A	75.510	98	24	0	1	98	1	98	1.45e-49	155
Dm_00000609-RA	AT3G05500.1	N/A	60.833	240	90	1	5	244	8	243	4.73e-99	289
Dm_00000608-RA	AT4G15800.1	N/A	57.627	118	35	5	6	121	11	115	9.55e-38	124
Dm_00001135-RA	AT4G19390.2	N/A	36.567	134	71	3	1	120	51	184	8.37e-27	98.6
Dm_00000431-RA	AT3G61900.1	N/A	63.107	103	36	2	1	103	1	101	1.73e-36	122
Dm_00000439-RA	AT1G76940.2	N/A	69.159	107	31	1	175	281	75	179	6.35e-46	153
Dm_00000461-RA	AT5G53120.1	N/A	71.958	378	87	3	1	378	1	359	0.0	534
Dm_00001231-RA	AT5G22080.1	N/A	79.757	247	46	3	1	245	1	245	4.18e-127	360
Dm_00001244-RA	AT1G20330.1	N/A	83.708	356	58	0	1	356	1	356	0.0	651
Dm_00001241-RA	AT1G20270.1	N/A	79.167	288	59	1	1	288	1	287	9.64e-174	481
Dm_00001245-RA	AT4G35785.3	N/A	74.390	82	21	0	85	166	69	150	5.19e-41	140
Dm_00001263-RA	AT5G42320.2	N/A	66.995	406	131	2	38	442	27	430	0.0	589
Dm_00001258-RA	AT1G76250.1	N/A	60.700	257	100	1	2	258	176	431	4.19e-115	337
Dm_00001259-RA	AT1G76250.1	N/A	73.333	90	24	0	91	180	88	177	4.59e-39	138
Dm_00000624-RA	AT4G25810.1	N/A	68.683	281	81	5	29	309	10	283	6.88e-143	404
Dm_00000639-RA	AT1G15250.1	N/A	86.022	93	13	0	1	93	2	94	1.01e-54	165
Dm_00015419-RA	AT5G41760.2	N/A	38.095	252	145	4	27	269	18	267	4.48e-45	155
Dm_00016664-RA	AT2G33500.2	N/A	33.958	427	157	17	24	437	12	326	9.96e-49	176
Dm_00009768-RA	AT3G57120.1	N/A	52.910	378	151	7	62	420	87	456	6.55e-129	380
Dm_00011808-RA	AT1G32550.1	N/A	60.638	188	58	5	7	190	6	181	6.23e-67	203
Dm_00009853-RA	AT4G29330.2	N/A	55.963	109	22	1	1	83	98	206	1.11e-31	113
Dm_00012004-RA	AT3G58530.1	N/A	53.015	398	124	4	18	415	19	353	2.78e-139	402
Dm_00012005-RA	AT4G39280.1	N/A	94.304	158	9	0	1	158	328	485	4.61e-108	317
Dm_00015069-RA	AT5G43010.1	N/A	87.678	422	27	2	3	423	2	399	0.0	740
Dm_00012190-RA	AT1G51730.1	N/A	49.606	254	60	7	22	271	63	252	1.16e-46	157
Dm_00016651-RA	AT2G36620.1	N/A	84.076	157	25	0	1	157	1	157	2.54e-86	250
Dm_00015956-RA	AT4G08950.1	N/A	63.072	306	97	6	25	323	18	314	5.42e-136	389
Dm_00001629-RA	AT4G25800.2	N/A	29.593	713	349	17	3	685	1	590	5.14e-78	261
Dm_00001967-RA	AT5G16530.1	N/A	71.389	360	93	2	1	359	1	351	0.0	525
Dm_00001962-RA	AT5G16490.1	N/A	41.606	137	58	4	1	123	1	129	6.93e-23	89.4
Dm_00002176-RA	AT1G26690.1	N/A	64.019	214	77	0	1	214	1	214	2.84e-107	307
Dm_00002180-RA	AT1G26660.2	N/A	50.407	123	39	1	5	127	66	166	3.00e-36	122
Dm_00002188-RA	AT1G69390.1	N/A	57.143	238	87	6	1	233	1	228	6.05e-79	237
Dm_00002032-RA	AT1G55020.1	N/A	63.679	848	301	5	27	872	17	859	0.0	1137
Dm_00001545-RA	AT2G18400.1	N/A	84.946	93	14	0	1	93	1	93	3.45e-55	167
Dm_00005338-RA	AT5G47390.1	N/A	62.185	357	102	13	1	330	1	351	1.65e-127	369
Dm_00005334-RA	AT4G16720.1	N/A	90.640	203	19	0	14	216	2	204	6.41e-126	354
Dm_00005291-RA	AT4G38180.1	N/A	38.438	320	195	1	100	419	261	578	2.79e-77	265
Dm_00006036-RA	AT5G54860.1	N/A	65.726	496	164	2	1	496	1	490	0.0	662
Dm_00016853-RA	AT5G42990.1	N/A	90.062	161	16	0	1	161	1	161	9.45e-104	294
Dm_00016821-RA	AT1G70600.1	N/A	88.356	146	17	0	1	146	1	146	1.16e-92	265
Dm_00012636-RA	AT1G10370.1	N/A	71.028	107	30	1	4	110	2	107	2.91e-48	155
Dm_00011012-RA	AT1G07960.1	N/A	50.633	158	31	1	15	172	14	124	3.45e-46	149
Dm_00011576-RA	AT1G11890.1	N/A	87.615	218	23	1	64	277	1	218	6.91e-143	400
Dm_00011577-RA	AT4G14130.1	N/A	64.784	301	84	4	21	318	5	286	1.01e-138	394
Dm_00010857-RA	AT2G33740.2	N/A	77.586	58	13	0	14	71	125	182	7.08e-28	99.0
Dm_00012261-RA	AT4G25490.1	N/A	60.317	189	66	5	68	248	26	213	1.41e-64	200
Dm_00012260-RA	AT5G51990.1	N/A	54.884	215	83	3	39	251	20	222	3.75e-70	215
Dm_00010398-RA	AT1G72510.2	N/A	53.216	171	67	5	1	164	1	165	1.59e-53	167
Dm_00018170-RA	AT1G12650.4	N/A	48.444	225	79	7	46	260	48	245	1.24e-51	169
Dm_00019617-RA	AT3G25530.1	N/A	76.125	289	69	0	4	292	1	289	5.00e-163	455
Dm_00018536-RA	AT3G54200.1	N/A	47.407	135	68	3	31	164	75	207	8.64e-33	117
Dm_00019483-RA	AT1G48590.3	N/A	70.370	135	39	1	14	148	35	168	4.10e-67	201
Dm_00020420-RA	AT1G18680.1	N/A	77.483	151	33	1	3	152	35	185	6.52e-89	257
Dm_00003929-RA	AT4G33985.1	N/A	52.795	161	61	4	1	156	1	151	2.80e-41	140
Dm_00001225-RA	AT1G04760.2	N/A	78.082	219	40	1	1	211	1	219	8.38e-125	352
Dm_00001928-RA	AT5G57860.3	N/A	71.579	95	27	0	31	125	1	95	3.36e-47	147
Dm_00001947-RA	AT1G24620.1	N/A	68.310	142	44	1	1	141	35	176	3.53e-63	192
Dm_00002317-RA	AT5G57560.1	N/A	64.885	262	90	1	82	341	20	281	7.56e-132	378
Dm_00002325-RA	AT4G32000.2	N/A	54.856	381	129	4	5	374	65	413	1.31e-135	394
Dm_00002618-RA	AT5G48670.1	N/A	43.421	152	85	1	8	158	3	154	1.82e-33	126
Dm_00002619-RA	AT3G62840.2	N/A	81.308	107	9	1	33	128	2	108	2.38e-57	173
Dm_00003591-RA	AT4G26670.1	N/A	61.856	194	62	3	13	198	17	206	8.93e-75	224
Dm_00020337-RA	AT5G22060.1	N/A	77.157	197	40	3	79	272	52	246	1.02e-99	300
Dm_00019497-RA	AT3G11820.2	N/A	72.835	254	69	0	26	279	4	257	2.10e-133	381
Dm_00020192-RA	AT3G47630.3	N/A	60.991	323	124	2	64	384	8	330	1.30e-139	401
Dm_00020324-RA	AT3G25400.1	N/A	61.864	118	45	0	2	119	5	122	3.96e-48	151
Dm_00020358-RA	AT1G48830.1	N/A	73.298	191	51	0	1	191	1	191	4.27e-105	300
Dm_00020237-RA	AT4G08690.3	N/A	60.339	295	110	4	49	341	11	300	1.94e-127	368
Dm_00001455-RA	AT2G18390.1	N/A	77.523	218	16	1	1	218	1	185	4.84e-108	308
Dm_00001463-RA	AT1G61080.4	N/A	66.327	294	91	4	573	861	637	927	1.06e-115	375
Dm_00001464-RA	AT1G11090.1	N/A	65.287	314	108	1	4	317	3	315	1.19e-155	439
Dm_00002096-RA	AT2G35736.1	N/A	70.370	54	16	0	1	54	1	54	1.14e-24	86.3
Dm_00002143-RA	AT5G08565.1	N/A	77.049	61	14	0	1	61	1	61	1.06e-32	108
Dm_00002158-RA	AT2G32070.1	N/A	73.606	269	70	1	1	268	1	269	7.06e-156	435
Dm_00002159-RA	AT5G54830.1	N/A	61.591	880	321	9	1	877	42	907	0.0	1107
Dm_00002154-RA	AT2G25110.1	N/A	65.812	234	60	4	1	234	3	216	2.97e-112	321
Dm_00002165-RA	AT5G11000.1	N/A	43.434	396	182	12	24	388	3	387	5.36e-74	235
Dm_00002160-RA	AT2G43810.2	N/A	84.091	88	14	0	11	98	3	90	1.26e-50	154
Dm_00002157-RA	AT2G39960.1	N/A	68.421	190	48	1	1	178	1	190	7.02e-92	266
Dm_00001804-RA	AT1G09210.1	N/A	81.543	363	67	0	3	365	1	363	0.0	599
Dm_00001808-RA	AT5G12190.1	N/A	86.066	122	17	0	2	123	3	124	8.40e-75	218
Dm_00009243-RA	AT3G51800.3	N/A	77.121	389	81	2	2	390	3	383	0.0	603
Dm_00009208-RA	AT3G50845.1	N/A	58.376	197	39	3	1	197	1	154	7.03e-72	215
Dm_00007183-RA	AT1G51700.1	N/A	48.795	166	64	3	9	166	22	174	3.22e-44	147
Dm_00007906-RA	AT3G25120.1	N/A	53.763	186	76	4	1	181	1	181	1.27e-60	187
Dm_00008477-RA	AT5G11900.1	N/A	75.556	180	34	1	1	170	1	180	1.15e-96	278
Dm_00016379-RA	AT2G44600.1	N/A	35.714	378	160	17	1	360	1	313	5.83e-44	154
Dm_00008102-RA	AT2G03440.1	N/A	43.750	144	62	3	22	164	62	187	2.50e-24	94.0
Dm_00014366-RA	AT4G27670.1	N/A	41.304	184	81	5	26	209	71	227	1.26e-39	135
Dm_00012555-RA	AT5G21090.1	N/A	73.514	185	47	1	15	197	10	194	4.53e-99	286
Dm_00014533-RA	AT2G07340.1	N/A	72.826	92	19	1	1	86	1	92	2.53e-39	129
Dm_00013309-RA	AT1G01490.2	N/A	59.155	71	28	1	1	70	1	71	5.80e-26	98.2
Dm_00000483-RA	AT5G60800.1	N/A	46.886	273	126	5	36	300	22	283	2.74e-49	165
Dm_00000488-RA	AT3G57120.1	N/A	50.866	462	190	9	1	446	16	456	5.67e-145	422
Dm_00015325-RA	AT3G26420.1	N/A	54.545	253	58	6	1	205	1	244	7.16e-70	213
Dm_00013162-RA	AT4G23060.1	N/A	54.615	130	39	8	244	363	361	480	2.28e-25	107
Dm_00012338-RA	AT1G78300.1	N/A	88.095	252	29	1	4	254	3	254	7.33e-163	451
Dm_00014758-RA	AT1G35140.1	N/A	72.727	66	18	0	94	159	244	309	4.84e-29	108
Dm_00015537-RA	AT2G03870.1	N/A	87.755	98	12	0	15	112	1	98	1.84e-59	178
Dm_00013870-RA	AT5G40950.1	N/A	66.845	187	51	5	3	182	4	186	1.87e-73	220
Dm_00012332-RA	AT1G07070.1	N/A	86.667	105	14	0	1	105	1	105	1.67e-65	194
Dm_00014282-RA	AT2G26570.1	N/A	74.000	150	38	1	4	153	233	381	1.94e-62	205
Dm_00014283-RA	AT2G26570.1	N/A	53.289	152	68	1	1	152	431	579	1.22e-39	142
Dm_00012776-RA	AT3G17020.1	N/A	69.481	154	47	0	5	158	7	160	3.87e-81	237
Dm_00011404-RA	AT4G08950.1	N/A	74.342	152	36	1	1	149	163	314	9.88e-84	248
Dm_00014290-RA	AT1G29940.1	N/A	66.362	437	120	4	12	442	756	1171	0.0	591
Dm_00014119-RA	AT1G20696.1	N/A	67.692	130	35	3	1	128	1	125	4.90e-50	156
Dm_00014118-RA	AT1G20693.2	N/A	64.865	148	41	6	1	143	1	142	3.64e-53	164
Dm_00013449-RA	AT4G24090.1	N/A	56.287	167	69	1	1	167	143	305	8.11e-57	181
Dm_00012722-RA	AT5G14020.1	N/A	58.629	394	151	7	3	385	1	393	4.27e-152	436
Dm_00010629-RA	AT3G28630.2	N/A	54.777	157	61	6	1	156	33	180	3.10e-47	166
Dm_00000057-RA	AT2G35980.1	N/A	50.505	198	86	4	1	198	1	186	9.38e-62	199
Dm_00001084-RA	AT2G23690.1	N/A	64.800	125	36	2	1	117	1	125	4.90e-52	163
Dm_00001079-RA	AT2G23450.2	N/A	50.894	727	297	14	1	704	17	706	0.0	693
Dm_00001083-RA	AT4G37235.1	N/A	56.579	152	56	2	11	160	6	149	3.83e-49	155
Dm_00001090-RA	AT2G18630.1	N/A	46.212	396	195	5	1	393	2	382	9.57e-110	327
Dm_00001107-RA	AT1G78922.1	N/A	38.158	228	129	6	1	223	1	221	1.29e-40	142
Dm_00000672-RA	AT1G29195.1	N/A	49.495	198	90	2	3	198	1	190	3.68e-61	189
Dm_00000673-RA	AT3G58630.2	N/A	49.829	293	117	8	17	286	14	299	3.96e-75	233
Dm_00001823-RA	AT1G09330.1	N/A	82.418	182	32	0	30	211	5	186	2.04e-111	317
Dm_00001511-RA	AT3G13230.2	N/A	75.688	218	46	2	37	253	4	215	7.75e-124	351
Dm_00001523-RA	AT1G60620.1	N/A	61.823	351	127	4	4	351	33	379	2.86e-152	434
Dm_00001532-RA	AT5G55640.1	N/A	58.065	124	46	4	58	176	20	142	8.75e-39	130
Dm_00001609-RA	AT1G68220.1	N/A	60.914	197	74	2	1	194	1	197	2.49e-85	251
Dm_00002127-RA	AT2G05630.1	N/A	92.381	105	8	0	3	107	13	117	3.16e-69	203
Dm_00016455-RA	AT2G25610.1	N/A	89.781	137	14	0	127	263	42	178	8.51e-83	246
Dm_00010333-RA	AT5G45340.1	N/A	70.551	472	114	5	3	464	6	462	0.0	684
Dm_00010675-RA	AT4G21090.1	N/A	76.056	142	30	1	48	189	60	197	2.81e-73	219
Dm_00007802-RA	AT2G28430.1	N/A	48.235	85	44	0	1	85	1	85	3.12e-24	87.4
Dm_00010383-RA	AT1G76250.1	N/A	56.589	258	110	2	2	259	176	431	6.49e-102	303
Dm_00013036-RA	AT2G17390.1	N/A	64.308	325	107	3	12	332	25	344	5.77e-141	402
Dm_00012682-RA	AT5G61170.1	N/A	70.349	172	17	1	11	182	5	142	3.39e-82	240
Dm_00011123-RA	AT4G35230.1	N/A	87.281	456	56	1	49	504	55	508	0.0	848
Dm_00013045-RA	AT1G11475.1	N/A	81.538	65	12	0	27	91	7	71	9.81e-33	108
Dm_00012907-RA	AT4G30330.1	N/A	93.182	88	6	0	107	194	1	88	4.16e-56	172
Dm_00013775-RA	AT1G60080.1	N/A	67.025	279	84	2	20	290	1	279	7.86e-126	361
Dm_00010949-RA	AT4G03210.1	N/A	67.577	293	81	2	8	300	11	289	8.04e-156	437
Dm_00010121-RA	AT3G60720.2	N/A	50.450	222	103	4	94	315	32	246	3.76e-73	227
Dm_00001193-RA	AT1G60710.1	N/A	78.012	332	73	0	681	1012	7	338	0.0	557
Dm_00001189-RA	AT5G04170.1	N/A	68.050	241	54	4	5	227	119	354	3.06e-109	318
Dm_00001205-RA	AT5G59240.1	N/A	79.787	188	20	1	20	207	27	196	3.01e-107	307
Dm_00000013-RA	AT4G11150.1	N/A	72.653	245	48	3	1	244	1	227	8.07e-118	336
Dm_00000028-RA	AT3G56340.1	N/A	77.647	85	18	1	101	184	32	116	4.78e-39	132
Dm_00000029-RA	AT3G51610.1	N/A	77.778	144	32	0	17	160	25	168	8.41e-84	246
Dm_00000034-RA	AT5G01820.1	N/A	60.748	428	156	6	6	427	4	425	6.46e-171	486
Dm_00000033-RA	AT5G01830.1	N/A	53.383	665	286	10	1	657	1	649	0.0	622
Dm_00000044-RA	AT3G56190.1	N/A	70.934	289	84	0	1	289	1	289	6.55e-141	399
Dm_00000048-RA	AT5G05350.1	N/A	41.935	310	164	3	31	336	148	445	2.85e-73	238
Dm_00000052-RA	AT2G38470.1	N/A	62.452	261	60	4	254	488	178	426	2.43e-97	320
Dm_00017695-RA	AT1G13680.1	N/A	61.837	283	101	1	3	285	71	346	1.06e-131	377
Dm_00017562-RA	AT3G02070.2	N/A	77.070	157	36	0	66	222	2	158	1.98e-83	248
Dm_00017343-RA	AT3G11410.1	N/A	51.843	407	123	9	5	399	1	346	1.89e-127	375
Dm_00017554-RA	AT5G64130.1	N/A	66.990	103	20	2	1	103	1	89	3.13e-39	127
Dm_00017651-RA	AT1G14860.1	N/A	61.212	165	57	2	8	171	1	159	1.87e-64	197
Dm_00017582-RA	AT3G24315.1	N/A	62.373	295	106	3	1	292	1	293	3.10e-123	354
Dm_00015696-RA	AT5G51910.2	N/A	50.400	250	90	10	77	312	50	279	1.89e-62	201
Dm_00014690-RA	AT5G10280.1	N/A	67.265	223	65	4	1	217	1	221	4.01e-105	311
Dm_00016481-RA	AT3G52300.1	N/A	85.799	169	23	1	1	169	1	168	2.00e-103	294
Dm_00015483-RA	AT1G02850.1	N/A	53.191	141	58	2	11	151	127	259	1.81e-43	150
Dm_00016527-RA	AT1G05500.1	N/A	63.368	576	178	5	1	559	1	560	0.0	758
Dm_00003877-RA	AT5G22360.1	N/A	81.752	137	24	1	1	136	1	137	1.47e-79	234
Dm_00003876-RA	AT3G15040.1	N/A	45.045	222	92	8	35	229	21	239	2.89e-34	125
Dm_00003868-RA	AT2G27470.1	N/A	72.222	90	25	0	11	100	6	95	2.37e-42	142
Dm_00003874-RA	AT3G44380.1	N/A	61.453	179	69	0	3	181	6	184	1.33e-75	224
Dm_00003870-RA	AT4G39200.2	N/A	72.951	122	18	1	1	122	1	107	4.79e-45	142
Dm_00004018-RA	AT4G08950.1	N/A	68.372	215	62	3	45	257	35	245	1.76e-102	301
Dm_00004017-RA	AT2G16460.1	N/A	72.396	192	53	0	64	255	39	230	1.06e-97	285
Dm_00003786-RA	AT1G15710.1	N/A	62.195	328	123	1	38	365	19	345	2.10e-153	437
Dm_00004062-RA	AT2G34480.2	N/A	89.655	174	14	1	196	365	44	217	2.16e-111	324
Dm_00003378-RA	AT2G36880.1	N/A	90.933	386	35	0	1	386	1	386	0.0	718
Dm_00003385-RA	AT3G09890.1	N/A	63.043	184	64	2	1	184	1	180	1.06e-69	211
Dm_00004141-RA	AT4G24370.1	N/A	40.223	179	81	4	13	191	5	157	9.06e-22	87.8
Dm_00004140-RA	AT1G33140.1	N/A	85.052	194	29	0	1	194	1	194	3.81e-120	338
Dm_00019998-RA	AT4G26230.1	N/A	89.524	105	11	0	7	111	6	110	4.60e-64	192
Dm_00001784-RA	AT2G36410.1	N/A	71.538	130	34	1	24	153	43	169	6.46e-62	189
Dm_00001903-RA	AT5G56110.1	N/A	81.675	191	15	1	1	191	1	171	5.50e-112	328
Dm_00001891-RA	AT4G26570.1	N/A	82.126	207	37	0	29	235	20	226	1.05e-123	350
Dm_00001319-RA	AT5G57550.1	N/A	69.149	282	80	4	12	290	5	282	1.28e-145	410
Dm_00001312-RA	AT1G71750.1	N/A	65.775	187	64	0	1	187	1	187	1.09e-89	261
Dm_00005597-RA	AT1G06410.2	N/A	72.071	845	231	3	1	845	1	840	0.0	1289
Dm_00005189-RA	AT4G15420.2	N/A	63.937	574	191	5	1	572	124	683	0.0	782
Dm_00004843-RA	AT5G05610.1	N/A	74.590	122	30	1	46	166	117	238	3.11e-56	177
Dm_00005306-RA	AT4G20350.2	N/A	57.364	258	88	6	5	261	4	240	6.82e-91	269
Dm_00005302-RA	AT2G16710.1	N/A	81.343	134	25	0	1	134	1	134	8.49e-82	236
Dm_00005098-RA	AT5G03050.1	N/A	54.902	102	46	0	48	149	39	140	1.42e-32	112
Dm_00005096-RA	AT3G21070.2	N/A	62.205	508	137	8	4	460	21	524	0.0	611
Dm_00005095-RA	AT1G51450.1	N/A	62.404	391	140	4	64	451	117	503	1.01e-158	459
Dm_00005460-RA	AT1G50640.1	N/A	53.165	237	83	7	23	245	3	225	3.38e-44	149
Dm_00005463-RA	AT4G22310.1	N/A	76.623	77	18	0	6	82	18	94	8.98e-43	134
Dm_00005002-RA	AT5G59810.1	N/A	57.028	747	311	4	11	757	38	774	0.0	855
Dm_00009279-RA	AT1G01225.1	N/A	70.916	251	64	2	1	251	1	242	1.08e-127	363
Dm_00009277-RA	AT5G42000.1	N/A	82.468	154	27	0	4	157	1	154	2.20e-96	275
Dm_00008728-RA	AT1G57860.1	N/A	82.927	164	28	0	1	164	1	164	1.01e-102	291
Dm_00008727-RA	AT5G54680.1	N/A	62.500	240	60	5	1	216	1	234	2.14e-92	271
Dm_00009645-RA	AT5G64120.1	N/A	39.349	338	186	7	10	344	7	328	5.69e-78	242
Dm_00009274-RA	AT3G46210.2	N/A	73.786	206	47	1	1	199	1	206	2.49e-112	320
Dm_00009478-RA	AT2G37980.1	N/A	76.906	446	99	3	22	465	195	638	0.0	725
Dm_00003996-RA	AT1G09155.1	N/A	43.728	279	139	4	13	274	2	279	3.06e-74	229
Dm_00003994-RA	AT3G05625.1	N/A	59.504	242	54	6	21	226	12	245	4.11e-90	266
Dm_00004692-RA	AT4G02750.1	N/A	37.897	504	313	0	49	552	192	695	9.68e-132	403
Dm_00005229-RA	AT5G17230.1	N/A	75.434	403	91	4	27	424	22	421	0.0	607
Dm_00004635-RA	AT2G17220.2	N/A	42.265	362	174	8	3	363	44	371	2.82e-91	280
Dm_00004639-RA	AT2G17220.1	N/A	41.398	372	169	10	3	369	45	372	5.22e-89	274
Dm_00004637-RA	AT2G17220.1	N/A	47.262	347	161	7	3	346	45	372	6.10e-106	317
Dm_00004636-RA	AT5G60190.1	N/A	61.702	94	35	1	2	94	10	103	7.56e-32	111
Dm_00005701-RA	AT5G39820.1	N/A	60.891	202	52	5	14	197	17	209	1.04e-81	253
Dm_00004385-RA	AT3G57400.1	N/A	41.810	464	213	13	79	532	58	474	2.54e-87	278
Dm_00005355-RA	AT2G35680.1	N/A	35.942	345	134	12	1	269	1	334	1.83e-47	161
Dm_00004830-RA	AT1G26610.1	N/A	33.868	561	234	23	7	540	5	455	2.98e-55	193
Dm_00001691-RA	AT1G78790.1	N/A	56.604	106	35	2	42	138	1	104	5.25e-30	104
Dm_00002066-RA	AT2G17120.1	N/A	48.232	311	148	7	11	315	8	311	1.92e-83	256
Dm_00002073-RA	AT2G06040.1	N/A	54.484	446	199	3	187	630	316	759	7.67e-156	468
Dm_00001760-RA	AT2G36800.1	N/A	27.273	462	283	10	12	436	20	465	2.56e-43	159
Dm_00001756-RA	AT3G21610.1	N/A	68.539	178	49	2	1	176	1	173	4.92e-85	248
Dm_00001645-RA	AT1G45249.1	N/A	51.869	428	143	15	10	416	7	392	7.12e-110	332
Dm_00001659-RA	AT5G47830.2	N/A	51.163	129	50	3	1	127	3	120	4.48e-42	135
Dm_00017200-RA	AT4G25030.2	N/A	65.217	207	70	1	1	205	138	344	4.41e-90	268
Dm_00017201-RA	AT4G25030.2	N/A	65.217	207	70	1	1	205	138	344	4.41e-90	268
Dm_00019172-RA	AT1G21190.1	N/A	89.691	97	10	0	1	97	1	97	4.96e-60	178
Dm_00019614-RA	AT4G33865.1	N/A	92.593	54	4	0	1	54	1	54	2.42e-32	107
Dm_00019359-RA	AT5G02500.1	N/A	90.979	654	49	2	1	647	1	651	0.0	1217
Dm_00011413-RA	AT1G69750.1	N/A	75.281	89	22	0	15	103	3	91	2.10e-47	148
Dm_00012751-RA	AT4G30620.1	N/A	84.416	77	12	0	24	100	67	143	1.22e-43	141
Dm_00013656-RA	AT5G14680.1	N/A	73.188	138	37	0	54	191	4	141	6.19e-77	228
Dm_00013153-RA	AT5G65270.1	N/A	81.879	149	26	1	23	170	78	226	1.92e-88	258
Dm_00007805-RA	AT5G53860.1	N/A	69.293	368	113	0	24	391	21	388	0.0	562
Dm_00007196-RA	AT1G32470.1	N/A	64.737	190	43	1	16	205	1	166	3.81e-79	234
Dm_00008686-RA	AT5G26742.3	N/A	66.102	118	36	1	104	221	31	144	2.72e-39	145
Dm_00008396-RA	AT3G12750.1	N/A	53.955	354	148	2	219	570	15	355	1.22e-129	383
Dm_00007251-RA	AT4G39670.1	N/A	62.209	172	59	2	21	186	26	197	7.37e-73	219
Dm_00008134-RA	AT3G12390.1	N/A	77.885	208	34	3	6	210	5	203	4.18e-82	243
Dm_00007980-RA	AT1G26690.1	N/A	61.836	207	70	2	11	208	8	214	1.11e-95	278
Dm_00008147-RA	AT1G75670.3	N/A	49.697	165	71	2	1	165	1	153	2.49e-53	166
Dm_00007877-RA	AT3G12630.1	N/A	54.444	180	56	7	1	174	1	160	2.57e-48	159
Dm_00021005-RA	AT5G09760.1	N/A	69.841	315	94	1	1	315	237	550	6.30e-167	476
Dm_00021132-RA	AT2G21100.2	N/A	60.366	164	63	2	7	169	25	187	2.44e-66	201
Dm_00012127-RA	AT5G33406.1	N/A	59.155	71	28	1	42	111	257	327	1.22e-24	97.1
Dm_00011709-RA	AT5G23950.1	N/A	52.632	152	58	5	1	140	1	150	2.18e-42	145
Dm_00011712-RA	AT5G20920.3	N/A	68.720	211	65	1	8	217	6	216	7.93e-90	268
Dm_00009021-RA	AT4G20840.1	N/A	56.548	504	211	5	55	553	35	535	0.0	554
Dm_00009750-RA	AT3G09150.2	N/A	62.109	256	96	1	4	259	74	328	9.93e-116	336
Dm_00010291-RA	AT1G22640.1	N/A	71.552	116	33	0	1	116	1	116	2.22e-59	191
Dm_00007857-RA	AT5G12020.1	N/A	59.091	154	60	2	139	290	3	155	1.69e-47	156
Dm_00009369-RA	AT1G10550.1	N/A	57.235	311	123	4	20	323	3	310	8.55e-131	375
Dm_00010081-RA	AT2G36930.1	N/A	75.000	116	29	0	3	118	2	117	1.78e-61	186
Dm_00009774-RA	AT3G62200.1	N/A	74.176	182	47	0	2	183	8	189	5.18e-87	286
Dm_00009775-RA	AT3G62190.1	N/A	49.495	99	37	2	32	117	23	121	2.76e-25	93.2
Dm_00009536-RA	AT1G75500.2	N/A	62.183	394	96	6	1	346	1	389	9.85e-169	475
Dm_00001554-RA	AT4G20780.1	N/A	56.132	212	67	3	13	224	6	191	2.59e-73	221
Dm_00001570-RA	AT5G01910.1	N/A	37.368	190	94	5	19	201	4	175	1.95e-24	95.1
Dm_00001496-RA	AT4G16800.1	N/A	65.018	283	97	2	31	312	20	301	2.85e-129	370
Dm_00001492-RA	AT4G17560.1	N/A	51.542	227	94	6	9	232	10	223	4.65e-62	194
Dm_00017787-RA	AT1G60190.1	N/A	40.883	702	387	12	1	692	1	684	2.08e-160	478
Dm_00012089-RA	AT1G79810.2	N/A	74.627	201	51	0	15	215	71	271	7.59e-109	315
Dm_00012778-RA	AT2G37110.1	N/A	54.812	239	92	2	6	241	16	241	5.73e-92	271
Dm_00011781-RA	AT5G47320.1	N/A	64.789	71	21	2	1	70	131	198	7.31e-23	90.5
Dm_00013565-RA	AT4G23030.1	N/A	68.737	483	142	4	24	504	10	485	0.0	598
Dm_00013981-RA	AT1G53540.1	N/A	73.006	163	37	3	1	162	1	157	1.11e-81	238
Dm_00013980-RA	AT3G46510.1	N/A	60.610	688	225	5	1	683	1	647	0.0	810
Dm_00013278-RA	AT3G12620.1	N/A	79.365	63	13	0	6	68	170	232	2.26e-26	99.0
Dm_00014109-RA	AT5G58005.2	N/A	67.327	101	32	1	10	109	12	112	1.64e-46	145
Dm_00013832-RA	AT3G63030.1	N/A	62.238	143	54	0	110	252	21	163	2.27e-65	203
Dm_00013551-RA	AT4G24380.1	N/A	65.106	235	77	3	1	233	1	232	2.18e-114	327
Dm_00006938-RA	AT3G61650.1	N/A	96.414	474	17	0	1	474	1	474	0.0	967
Dm_00007337-RA	AT2G37190.1	N/A	89.634	164	17	0	1	164	1	164	3.45e-105	298
Dm_00006783-RA	AT5G19040.1	N/A	62.937	286	101	5	12	293	13	297	1.52e-119	348
Dm_00018751-RA	AT1G68670.1	N/A	49.457	368	119	13	1	344	5	329	1.04e-95	290
Dm_00018610-RA	AT3G59280.1	N/A	69.565	115	35	0	1	115	2	116	3.45e-54	165
Dm_00018905-RA	AT3G62940.4	N/A	62.349	332	101	6	9	330	14	331	9.50e-124	360
Dm_00005923-RA	AT3G07490.1	N/A	84.868	152	23	0	1	152	1	152	1.46e-82	240
Dm_00005277-RA	AT5G13090.1	N/A	42.188	256	125	8	48	302	35	268	1.90e-48	163
Dm_00007148-RA	AT3G46560.1	N/A	70.968	93	27	0	1	93	1	93	3.92e-47	145
Dm_00007149-RA	AT1G56260.1	N/A	50.794	126	53	3	3	126	2	120	2.46e-35	119
Dm_00005880-RA	AT1G80840.1	N/A	47.692	325	114	12	1	296	1	298	1.32e-81	249
Dm_00006742-RA	AT1G68580.2	N/A	37.802	746	340	21	22	750	10	648	2.57e-134	412
Dm_00006553-RA	AT3G48160.2	N/A	44.866	448	163	12	18	461	29	396	6.13e-109	328
Dm_00010112-RA	AT3G12800.1	N/A	76.695	236	54	1	2	236	63	298	3.65e-123	352
Dm_00010111-RA	AT3G12800.1	N/A	86.667	60	8	0	3	62	2	61	5.04e-30	110
Dm_00009260-RA	AT1G31812.1	N/A	53.659	82	30	2	14	87	9	90	9.98e-21	79.0
Dm_00010335-RA	AT5G11090.1	N/A	48.214	224	90	6	1	209	2	214	1.29e-50	163
Dm_00009349-RA	AT1G26665.1	N/A	66.447	152	39	3	11	162	1	140	4.08e-62	192
Dm_00009483-RA	AT3G11940.2	N/A	77.033	209	45	1	1	209	1	206	2.54e-116	331
Dm_00020952-RA	AT4G08455.1	N/A	55.947	227	94	3	49	272	43	266	3.39e-79	240
Dm_00019708-RA	AT1G52855.1	N/A	75.000	68	17	0	1	68	1	68	2.95e-35	114
Dm_00007172-RA	AT5G51880.1	N/A	69.266	218	59	1	8	217	33	250	5.14e-103	298
Dm_00007174-RA	AT3G55830.1	N/A	49.524	315	133	4	44	335	23	334	2.44e-106	314
Dm_00006292-RA	AT5G65570.1	N/A	54.130	678	289	6	52	710	64	738	0.0	748
Dm_00013239-RA	AT4G39210.1	N/A	66.541	532	166	5	1	531	1	521	0.0	736
Dm_00012377-RA	AT5G52560.1	N/A	76.408	284	67	0	15	298	330	613	4.63e-163	467
Dm_00012597-RA	AT1G14870.1	N/A	61.702	141	53	1	29	168	12	152	4.79e-61	186
Dm_00013331-RA	AT1G11780.1	N/A	66.914	269	76	3	54	321	87	343	4.75e-126	364
Dm_00002058-RA	AT4G25680.1	N/A	68.240	233	63	3	1	224	1	231	8.29e-118	336
Dm_00002229-RA	AT2G32260.1	N/A	78.049	287	48	3	14	289	29	311	6.95e-165	462
Dm_00002236-RA	AT4G16444.1	N/A	51.948	154	74	0	2	155	4	157	2.56e-44	145
Dm_00002235-RA	AT5G66010.1	N/A	60.385	260	85	5	85	344	1	242	5.70e-109	319
Dm_00001987-RA	AT1G69523.1	N/A	56.140	228	91	2	3	229	80	299	2.02e-92	273
Dm_00002000-RA	AT2G02960.4	N/A	76.471	221	45	4	49	266	33	249	2.04e-105	311
Dm_00001997-RA	AT1G09157.1	N/A	53.846	247	86	7	1	223	1	243	1.58e-73	223
Dm_00002003-RA	AT1G26880.1	N/A	90.833	120	11	0	1	120	1	120	5.72e-75	218
Dm_00001996-RA	AT1G14205.1	N/A	51.500	200	55	5	1	194	5	168	4.32e-56	175
Dm_00001995-RA	AT1G26800.1	N/A	45.045	222	75	7	7	227	10	185	8.78e-53	170
Dm_00001624-RA	AT3G62560.1	N/A	94.271	192	11	0	1	192	1	192	7.43e-135	375
Dm_00001630-RA	AT1G56300.1	N/A	50.000	180	51	5	4	182	4	145	4.70e-49	157
Dm_00015531-RA	AT3G45050.3	N/A	57.480	127	53	1	93	218	32	158	4.31e-44	145
Dm_00019774-RA	AT3G24050.1	N/A	48.598	214	88	6	7	207	58	262	1.48e-46	155
Dm_00019194-RA	AT3G08940.2	N/A	65.714	140	19	2	1	111	145	284	2.65e-54	171
Dm_00019718-RA	AT1G07350.6	N/A	63.736	91	31	1	28	118	33	121	1.19e-33	116
Dm_00016776-RA	AT1G16000.1	N/A	56.977	86	37	0	1	86	1	86	5.37e-33	109
Dm_00019763-RA	AT5G15490.1	N/A	88.773	481	53	1	1	481	1	480	0.0	904
Dm_00019560-RA	AT2G30020.1	N/A	58.081	396	142	6	1	373	1	395	1.02e-148	426
Dm_00015999-RA	AT1G66370.1	N/A	71.233	73	21	0	12	84	12	84	8.74e-35	119
Dm_00019759-RA	AT2G21870.1	N/A	67.647	238	67	1	1	238	1	228	4.02e-111	319
Dm_00016530-RA	AT5G66740.1	N/A	66.753	388	102	5	1	385	1	364	0.0	538
Dm_00018805-RA	AT4G00585.1	N/A	69.697	99	11	2	3	100	2	82	3.19e-44	138
Dm_00018692-RA	AT1G23750.1	N/A	78.832	137	28	1	1	136	1	137	1.33e-77	226
Dm_00018615-RA	AT3G18690.1	N/A	37.344	241	104	7	1	240	1	195	2.86e-26	102
Dm_00015888-RA	AT5G18150.1	N/A	48.913	92	31	2	1	92	1	76	6.81e-26	91.7
Dm_00018683-RA	AT3G19940.1	N/A	69.703	505	150	3	1	504	1	503	0.0	704
Dm_00018348-RA	AT1G33800.1	N/A	70.866	127	33	1	8	130	164	290	1.23e-62	193
Dm_00016071-RA	AT3G59540.1	N/A	90.323	62	6	0	12	73	2	63	1.53e-33	118
Dm_00016748-RA	AT2G39630.1	N/A	72.642	318	87	0	29	346	16	333	2.90e-176	492
Dm_00018514-RA	AT1G20140.1	N/A	51.256	199	53	3	14	208	5	163	2.86e-58	181
Dm_00018650-RA	AT5G19790.1	N/A	39.216	255	125	8	31	267	10	252	1.11e-42	146
Dm_00001156-RA	AT1G12920.1	N/A	86.636	434	57	1	34	467	2	434	0.0	795
Dm_00000733-RA	AT5G05810.1	N/A	49.695	328	118	11	66	371	52	354	1.03e-73	236
Dm_00000742-RA	AT3G02920.1	N/A	43.408	311	129	7	1	297	1	278	3.32e-75	231
Dm_00000749-RA	AT5G57440.1	N/A	77.193	228	52	0	17	244	11	238	5.09e-134	377
Dm_00000764-RA	AT5G57625.1	N/A	66.165	133	45	0	87	219	75	207	6.96e-65	200
Dm_00000763-RA	AT5G57620.1	N/A	65.639	227	45	6	1	227	1	194	1.00e-86	266
Dm_00001720-RA	AT1G49590.1	N/A	56.081	148	53	2	4	149	100	237	1.40e-43	146
Dm_00001740-RA	AT2G16050.1	N/A	72.653	245	59	3	1	240	1	242	5.76e-133	374
Dm_00001751-RA	AT3G18820.1	N/A	90.640	203	19	0	1	203	1	203	1.06e-139	389
Dm_00001350-RA	AT1G27730.1	N/A	35.613	351	91	13	1	344	1	223	1.07e-42	148
Dm_00001363-RA	AT1G27461.1	N/A	40.104	384	185	12	1	369	1	354	7.25e-76	239
Dm_00001369-RA	AT1G19990.1	N/A	60.000	85	31	2	96	179	115	197	2.75e-29	110
Dm_00001873-RA	AT5G63770.2	N/A	68.247	696	215	5	22	716	22	712	0.0	986
Dm_00001876-RA	AT1G74050.1	N/A	67.391	230	44	2	5	204	5	233	4.02e-89	261
Dm_00020427-RA	AT3G16770.1	N/A	50.365	137	56	4	1	126	1	136	6.27e-37	132
Dm_00018840-RA	AT3G03280.1	N/A	40.541	185	88	4	1	183	1	165	3.13e-41	137
Dm_00017058-RA	AT5G13200.1	N/A	61.328	256	93	2	7	261	16	266	4.69e-120	345
Dm_00020444-RA	AT3G06050.1	N/A	68.780	205	59	2	1	204	1	201	3.19e-99	286
Dm_00020338-RA	AT2G02080.5	N/A	43.396	530	182	16	34	543	48	479	2.00e-112	345
Dm_00020166-RA	AT1G01490.2	N/A	46.739	184	71	3	2	165	1	177	1.59e-37	127
Dm_00019117-RA	AT3G11260.1	N/A	47.938	194	68	8	15	190	2	180	1.23e-46	151
Dm_00017967-RA	AT4G24660.2	N/A	46.311	244	63	5	74	313	47	226	8.28e-65	204
Dm_00018932-RA	AT3G02420.1	N/A	72.334	347	91	2	2	345	4	348	1.56e-176	493
Dm_00018877-RA	AT1G15220.1	N/A	66.443	149	47	2	11	157	9	156	1.43e-69	207
Dm_00018812-RA	AT5G48810.1	N/A	52.985	134	63	0	1	134	1	134	1.41e-51	160
Dm_00005782-RA	AT1G04250.1	N/A	44.017	234	92	8	1	210	7	225	2.24e-51	166
Dm_00006913-RA	AT3G07170.1	N/A	44.934	227	78	5	1	218	1	189	2.03e-52	168
Dm_00006373-RA	AT4G05160.1	N/A	59.155	71	29	0	15	85	474	544	2.47e-24	95.1
Dm_00006688-RA	AT4G34340.1	N/A	39.726	365	166	11	36	396	37	351	2.61e-75	238
Dm_00006686-RA	AT5G03370.1	N/A	75.000	88	22	0	10	97	84	171	3.49e-45	143
Dm_00004899-RA	AT1G04290.1	N/A	61.146	157	56	2	1	154	1	155	3.72e-64	193
Dm_00006524-RA	AT4G02080.1	N/A	90.206	194	17	2	1	193	1	193	2.29e-127	356
Dm_00018012-RA	AT4G20880.1	N/A	42.180	211	98	6	1	208	1	190	3.34e-33	130
Dm_00003991-RA	AT3G28210.2	N/A	63.905	169	59	1	1	167	1	169	6.40e-71	213
Dm_00003992-RA	AT2G04700.1	N/A	67.010	97	9	1	1	97	44	117	2.32e-40	130
Dm_00004861-RA	AT5G64530.1	N/A	56.410	195	77	2	6	200	1	187	1.00e-70	213
Dm_00004866-RA	AT2G19330.1	N/A	62.829	304	92	4	16	317	96	380	7.47e-129	373
Dm_00004346-RA	AT5G64260.1	N/A	60.797	301	112	4	15	313	9	305	5.15e-129	370
Dm_00003434-RA	AT4G34700.1	N/A	70.000	80	24	0	2	81	6	85	4.90e-39	125
Dm_00003435-RA	AT4G34710.1	N/A	68.213	733	175	11	1	711	1	697	0.0	983
Dm_00003443-RA	AT5G18030.1	N/A	60.811	74	29	0	23	96	13	86	5.57e-31	105
Dm_00003442-RA	AT2G21210.1	N/A	54.167	96	42	2	21	115	3	97	3.79e-32	108
Dm_00008444-RA	AT5G14070.1	N/A	59.459	111	40	1	12	117	30	140	1.99e-39	129
Dm_00008725-RA	AT1G14400.2	N/A	94.737	152	8	0	4	155	1	152	2.28e-109	308
Dm_00007680-RA	AT1G79400.1	N/A	36.982	868	428	24	7	854	6	774	8.49e-167	504
Dm_00007678-RA	AT4G35730.1	N/A	53.132	431	163	12	1	397	37	462	8.60e-130	381
Dm_00007339-RA	AT3G55640.1	N/A	68.340	259	82	0	62	320	64	322	7.71e-130	375
Dm_00007016-RA	AT5G10780.2	N/A	80.357	168	31	1	1	166	1	168	8.57e-82	239
Dm_00008060-RA	AT2G04520.1	N/A	88.966	145	15	1	1	144	1	145	2.90e-85	246
Dm_00008062-RA	AT4G01150.1	N/A	71.765	85	24	0	28	112	59	143	1.36e-41	135
Dm_00007552-RA	AT1G34750.1	N/A	72.243	263	72	1	5	266	20	282	3.07e-139	393
Dm_00008030-RA	AT5G39360.1	N/A	79.352	247	50	1	11	256	1	247	9.15e-152	423
Dm_00000501-RA	AT3G59080.1	N/A	59.538	519	172	8	48	566	55	535	0.0	610
Dm_00001035-RA	AT4G13360.1	N/A	71.827	394	108	1	42	435	31	421	0.0	597
Dm_00001052-RA	AT5G19960.1	N/A	37.709	358	153	11	1	331	1	315	2.39e-51	174
Dm_00001065-RA	AT2G26695.1	N/A	67.424	132	42	1	5	136	6	136	1.52e-60	183
Dm_00000961-RA	AT5G50900.1	N/A	56.584	562	223	11	5	558	7	555	0.0	556
Dm_00000968-RA	AT3G48730.1	N/A	84.185	411	65	0	1	411	62	472	0.0	731
Dm_00000991-RA	AT4G30440.1	N/A	83.953	430	65	2	7	436	2	427	0.0	741
Dm_00006133-RA	AT4G10920.1	N/A	55.634	142	44	2	49	190	13	135	6.65e-41	136
Dm_00005971-RA	AT3G02430.1	N/A	52.632	228	92	4	3	230	2	213	2.47e-78	235
Dm_00005580-RA	AT1G06850.1	N/A	57.513	193	62	4	7	199	154	326	3.42e-60	192
Dm_00006067-RA	AT1G26480.1	N/A	73.191	235	35	3	1	207	29	263	1.42e-119	341
Dm_00006228-RA	AT1G07140.1	N/A	80.137	146	28	1	1	146	1	145	2.19e-83	245
Dm_00006219-RA	AT3G45640.1	N/A	82.016	367	66	0	15	381	4	370	0.0	645
Dm_00006177-RA	AT5G54470.1	N/A	79.167	72	15	0	5	76	6	77	1.31e-37	130
Dm_00005779-RA	AT1G15550.1	N/A	55.224	335	147	2	56	390	23	354	3.98e-130	378
Dm_00010469-RA	AT2G32030.1	N/A	55.952	168	70	3	22	189	24	187	3.34e-64	197
Dm_00009177-RA	AT5G66320.2	N/A	37.184	277	151	7	84	350	54	317	2.28e-37	137
Dm_00009176-RA	AT4G01575.1	N/A	54.762	126	52	3	21	145	23	144	1.02e-41	136
Dm_00008582-RA	AT4G03965.1	N/A	42.553	235	94	8	8	231	5	209	9.82e-46	151
Dm_00001381-RA	AT3G52730.1	N/A	71.429	77	17	1	1	77	1	72	5.73e-33	108
Dm_00001407-RA	AT3G52560.4	N/A	54.751	221	29	2	20	240	15	164	1.57e-75	226
Dm_00001397-RA	AT2G36090.1	N/A	40.741	351	154	6	20	370	14	310	7.61e-73	229
Dm_00001711-RA	AT1G25420.1	N/A	57.792	308	109	5	14	316	18	309	7.18e-102	303
Dm_00001717-RA	AT1G25330.1	N/A	71.818	110	23	1	146	255	91	192	8.29e-48	158
Dm_00001846-RA	AT5G50400.2	N/A	78.802	217	46	0	1	217	323	539	8.78e-130	376
Dm_00001860-RA	AT3G48510.1	N/A	39.210	329	144	15	7	316	3	294	7.45e-45	155
Dm_00020676-RA	AT4G14000.1	N/A	53.546	282	93	6	12	278	6	264	2.85e-83	252
Dm_00019996-RA	AT5G37820.1	N/A	66.308	279	90	2	5	283	2	276	3.74e-130	371
Dm_00020630-RA	AT3G48980.2	N/A	54.394	421	170	8	62	469	97	508	2.00e-162	470
Dm_00003903-RA	AT5G53670.1	N/A	36.158	177	88	4	6	166	65	232	2.46e-25	97.8
Dm_00003862-RA	AT5G12010.1	N/A	70.509	373	98	5	138	509	141	502	0.0	555
Dm_00003855-RA	AT4G33050.2	N/A	56.396	555	200	8	38	583	2	523	0.0	575
Dm_00003858-RA	AT2G19460.1	N/A	44.531	128	54	3	1	128	1	111	3.05e-22	88.6
Dm_00003861-RA	AT5G57040.1	N/A	86.822	129	17	0	13	141	69	197	3.52e-84	245
Dm_00020663-RA	AT4G16195.1	N/A	39.837	123	67	3	117	232	37	159	2.02e-23	92.8
Dm_00019459-RA	AT5G53070.1	N/A	62.500	96	34	2	1	94	1	96	4.11e-36	124
Dm_00011074-RA	AT3G12630.1	N/A	52.660	188	50	5	1	177	1	160	1.35e-53	168
Dm_00010687-RA	AT1G09430.1	N/A	84.487	419	65	0	1	419	1	419	0.0	750
Dm_00011157-RA	AT3G24570.1	N/A	57.391	230	74	3	1	206	1	230	5.72e-92	269
Dm_00010410-RA	AT2G33840.1	N/A	79.545	352	67	2	42	393	39	385	0.0	597
Dm_00010326-RA	AT5G35550.1	N/A	51.020	196	82	3	1	194	1	184	1.02e-61	195
Dm_00000526-RA	AT2G44310.1	N/A	36.296	135	83	2	2	133	3	137	6.58e-23	87.8
Dm_00000542-RA	AT5G02450.1	N/A	91.045	67	6	0	2	68	31	97	2.49e-36	117
Dm_00000558-RA	AT1G54690.1	N/A	91.852	135	10	1	6	139	8	142	1.49e-85	246
Dm_00000564-RA	AT3G05170.1	N/A	77.372	274	59	2	16	288	3	274	5.80e-158	444
Dm_00000563-RA	AT1G72680.1	N/A	73.521	355	92	2	24	378	3	355	0.0	538
Dm_00017364-RA	AT5G37670.1	N/A	55.319	141	49	4	5	140	6	137	5.03e-46	146
Dm_00005520-RA	AT4G21770.1	N/A	66.080	398	120	4	8	400	75	462	0.0	564
Dm_00006859-RA	AT5G03530.2	N/A	81.667	180	27	1	1	180	1	174	5.72e-105	300
Dm_00005565-RA	AT5G51120.3	N/A	71.304	115	27	2	76	189	19	128	5.68e-53	171
Dm_00000928-RA	AT3G17210.1	N/A	70.642	109	32	0	1	109	1	109	5.28e-55	167
Dm_00000935-RA	AT5G48870.1	N/A	92.593	54	4	0	1	54	1	54	1.31e-32	107
Dm_00000939-RA	AT3G54420.1	N/A	61.943	247	89	3	253	498	10	252	1.28e-105	316
Dm_00000943-RA	AT3G04300.1	N/A	54.701	117	26	1	11	127	2	91	1.23e-41	133
Dm_00000332-RA	AT1G30100.1	N/A	68.013	594	168	3	40	633	17	588	0.0	825
Dm_00000353-RA	AT5G46330.2	N/A	51.384	1156	537	10	31	1174	26	1168	0.0	1092
Dm_00000345-RA	AT2G34480.1	N/A	89.888	178	16	1	1	176	1	178	7.90e-115	332
Dm_00000351-RA	AT1G53530.1	N/A	43.429	175	76	2	3	177	6	157	3.23e-48	156
Dm_00000375-RA	AT1G66150.1	N/A	50.987	861	388	10	31	867	28	878	0.0	828
Dm_00000389-RA	AT1G24620.1	N/A	71.812	149	42	0	54	202	33	181	7.49e-76	226
Dm_00000395-RA	AT1G70710.1	N/A	78.937	489	96	2	15	503	7	488	0.0	800
Dm_00010779-RA	AT1G01770.1	N/A	56.650	203	61	4	5	194	441	629	6.71e-66	216
Dm_00012073-RA	AT4G01950.1	N/A	49.071	538	233	10	33	564	17	519	3.79e-172	498
Dm_00008558-RA	AT1G27060.1	N/A	48.404	376	131	5	24	396	6	321	1.32e-103	312
Dm_00017620-RA	AT4G32810.1	N/A	65.422	509	168	5	71	573	64	570	0.0	728
Dm_00018647-RA	AT4G27280.1	N/A	69.298	114	35	0	4	117	13	126	1.50e-52	162
Dm_00010164-RA	AT1G30500.2	N/A	68.504	127	34	2	6	131	54	175	1.05e-57	177
Dm_00004250-RA	AT3G03773.3	N/A	51.786	112	52	2	98	208	2	112	7.32e-32	114
Dm_00003687-RA	AT1G77370.1	N/A	63.107	103	38	0	13	115	10	112	1.04e-42	137
Dm_00004201-RA	AT1G01230.1	N/A	81.757	148	27	0	1	148	1	148	8.29e-91	261
Dm_00004204-RA	AT1G01225.1	N/A	69.349	261	50	3	1	257	1	235	8.92e-122	348
Dm_00003822-RA	AT2G45280.1	N/A	66.772	316	94	1	8	323	59	363	5.97e-152	431
Dm_00019769-RA	AT1G72640.1	N/A	51.906	341	97	8	1	329	1	286	4.77e-102	303
Dm_00019738-RA	AT1G71780.1	N/A	53.299	197	70	3	16	212	19	193	1.60e-70	214
Dm_00011311-RA	AT3G51160.1	N/A	73.333	225	42	6	1	210	1	222	1.95e-108	316
Dm_00004414-RA	AT2G01340.1	N/A	51.295	193	73	3	1	193	1	172	5.42e-59	187
Dm_00004102-RA	AT3G60820.1	N/A	79.913	229	40	1	1	229	1	223	1.98e-138	387
Dm_00004106-RA	AT4G08900.1	N/A	89.851	335	31	1	8	339	8	342	0.0	616
Dm_00004485-RA	AT1G23100.1	N/A	75.610	82	20	0	1	82	1	82	1.21e-40	129
Dm_00004033-RA	AT1G10020.1	N/A	64.570	477	128	9	1	455	1	458	0.0	558
Dm_00004126-RA	AT5G59240.1	N/A	84.804	204	23	1	1	204	1	196	2.21e-125	353
Dm_00004117-RA	AT4G16450.2	N/A	87.000	100	13	0	1	100	1	100	5.99e-60	179
Dm_00004129-RA	AT1G50590.1	N/A	67.550	302	89	5	2	294	9	310	9.44e-144	407
Dm_00004125-RA	AT1G50575.1	N/A	70.225	178	52	1	5	182	112	288	8.23e-94	275
Dm_00004302-RA	AT5G59730.2	N/A	43.124	589	319	7	1	588	26	599	2.20e-151	451
Dm_00012060-RA	AT1G48160.1	N/A	71.910	89	24	1	7	94	9	97	1.50e-42	136
Dm_00011365-RA	AT5G03610.1	N/A	44.972	358	175	7	7	348	1	352	1.52e-101	303
Dm_00011362-RA	AT5G61750.1	N/A	48.276	203	96	2	16	218	7	200	1.01e-62	195
Dm_00011899-RA	AT5G08180.2	N/A	75.000	156	37	2	1	154	1	156	2.07e-79	232
Dm_00010556-RA	AT5G47540.1	N/A	76.968	343	72	3	1	337	1	342	0.0	538
Dm_00010555-RA	AT3G02870.1	N/A	71.678	286	60	1	4	289	3	267	1.45e-144	407
Dm_00012014-RA	AT3G09830.3	N/A	62.972	424	95	4	1	413	1	373	0.0	511
Dm_00012846-RA	AT1G74700.1	N/A	68.953	277	86	0	29	305	3	279	1.17e-147	416
Dm_00010445-RA	AT1G71340.1	N/A	53.871	310	105	4	25	300	21	326	2.13e-105	310
Dm_00013007-RA	AT3G58170.1	N/A	80.342	117	23	0	14	130	5	121	1.48e-65	195
Dm_00012267-RA	AT4G26060.1	N/A	64.706	102	30	2	60	155	14	115	6.25e-40	134
Dm_00007618-RA	AT1G70420.1	N/A	33.538	325	131	12	33	351	27	272	4.58e-34	127
Dm_00012992-RA	AT3G14080.1	N/A	81.308	107	20	0	1	107	22	128	6.52e-59	177
Dm_00011848-RA	AT3G44260.1	N/A	71.841	277	62	3	10	283	17	280	1.06e-140	397
Dm_00003242-RA	AT1G60950.1	N/A	61.438	153	48	5	1	148	1	147	1.46e-56	174
Dm_00004084-RA	AT1G71692.1	N/A	87.097	62	8	0	1	62	1	62	8.10e-35	118
Dm_00004360-RA	AT5G52020.1	N/A	52.660	188	78	3	79	265	54	231	2.95e-47	157
Dm_00005135-RA	AT1G04760.2	N/A	85.388	219	32	0	1	219	1	219	1.64e-137	384
Dm_00003462-RA	AT1G15215.4	N/A	67.778	90	29	0	17	106	157	246	1.84e-39	132
Dm_00000651-RA	AT5G11550.1	N/A	44.875	361	134	8	52	405	11	313	5.60e-72	228
Dm_00000264-RA	AT2G15580.1	N/A	44.828	203	97	5	1	196	1	195	3.30e-48	156
Dm_00000265-RA	AT5G04800.3	N/A	81.757	148	20	2	47	194	1	141	1.25e-79	234
Dm_00000283-RA	AT5G50720.1	N/A	71.930	114	32	0	1	114	1	114	1.14e-54	167
Dm_00000288-RA	AT5G63510.1	N/A	75.486	257	54	2	4	260	5	252	1.43e-138	390
Dm_00000295-RA	AT5G50460.1	N/A	92.647	68	5	0	1	68	1	68	1.02e-41	130
Dm_00000296-RA	AT4G24900.1	N/A	43.510	416	162	13	6	351	2	414	3.89e-95	293
Dm_00000291-RA	AT5G63480.2	N/A	51.299	154	56	5	17	154	2	152	4.58e-35	120
Dm_00000303-RA	AT5G63440.2	N/A	87.850	214	26	0	1	214	1	214	5.99e-145	403
Dm_00000308-RA	AT5G20090.2	N/A	88.298	94	11	0	3	96	4	97	2.57e-62	184
Dm_00000322-RA	AT5G63280.1	N/A	68.246	211	67	0	16	226	39	249	9.25e-102	296
Dm_00000316-RA	AT1G13440.1	N/A	86.446	332	45	0	3	334	5	336	0.0	609
Dm_00000520-RA	AT5G65310.2	N/A	47.656	128	65	1	53	180	17	142	1.90e-33	120
Dm_00000519-RA	AT5G40080.1	N/A	73.418	79	18	1	84	162	6	81	4.71e-36	121
Dm_00000524-RA	AT5G28150.1	N/A	59.272	302	107	5	1	299	1	289	4.42e-126	361
Dm_00018680-RA	AT5G05610.1	N/A	77.731	238	52	1	1	237	1	238	3.83e-123	349
Dm_00019080-RA	AT5G24318.2	N/A	52.164	439	204	4	21	453	10	448	1.28e-159	459
Dm_00018428-RA	AT4G28360.1	N/A	54.146	205	54	2	94	261	54	255	1.02e-64	203
Dm_00018574-RA	AT4G31930.1	N/A	52.020	198	95	0	48	245	35	232	1.29e-75	229
Dm_00015080-RA	AT2G06530.2	N/A	86.765	204	26	1	1	203	1	204	3.08e-113	322
Dm_00014246-RA	AT3G20530.1	N/A	64.499	369	106	5	31	398	25	369	1.39e-171	486
Dm_00007448-RA	AT3G12160.1	N/A	74.439	223	53	4	1	223	1	219	1.51e-122	347
Dm_00007365-RA	AT1G74340.2	N/A	72.727	77	21	0	1	77	1	77	1.31e-34	113
Dm_00007200-RA	AT2G30320.1	N/A	53.027	413	173	4	47	459	90	481	2.06e-138	408
Dm_00008007-RA	AT1G12390.1	N/A	73.684	114	30	0	28	141	24	137	8.36e-61	184
Dm_00008009-RA	AT1G12400.3	N/A	68.421	57	18	0	14	70	19	75	1.32e-23	87.4
Dm_00005633-RA	AT2G44065.3	N/A	64.634	82	29	0	1	82	63	144	5.15e-30	114
Dm_00000092-RA	AT3G19360.1	N/A	41.515	330	162	14	48	359	60	376	4.99e-68	219
Dm_00000085-RA	AT2G34160.1	N/A	73.846	130	34	0	4	133	1	130	4.56e-65	194
Dm_00000096-RA	AT5G47310.1	N/A	54.412	204	87	2	45	248	26	223	2.88e-74	227
Dm_00000114-RA	AT3G24500.1	N/A	75.676	148	35	1	1	147	1	148	6.32e-75	220
Dm_00000111-RA	AT5G19930.1	N/A	45.324	278	110	3	11	247	12	288	1.40e-70	218
Dm_00000123-RA	AT1G76060.1	N/A	67.550	151	47	1	1	149	2	152	1.75e-64	197
Dm_00000163-RA	AT1G20823.1	N/A	64.384	146	41	3	18	154	21	164	8.99e-57	177
Dm_00000159-RA	AT1G20696.3	N/A	65.060	83	27	1	2	84	15	95	3.35e-29	100
Dm_00000156-RA	AT1G76360.1	N/A	64.198	243	87	0	35	277	215	457	4.98e-106	318
Dm_00006583-RA	AT2G38130.2	N/A	65.969	191	29	1	14	204	11	165	2.25e-88	258
Dm_00008214-RA	AT3G12340.1	N/A	57.738	168	59	5	14	179	5	162	1.82e-47	166
Dm_00007129-RA	AT5G04760.1	N/A	68.391	174	44	3	19	192	5	167	4.14e-73	222
Dm_00007127-RA	AT3G52220.1	N/A	60.185	216	79	3	1	212	1	213	6.95e-82	244
Dm_00013600-RA	AT4G27410.2	N/A	66.929	254	63	4	1	253	1	234	1.62e-114	335
Dm_00013923-RA	AT5G44060.1	N/A	40.000	115	52	3	45	153	47	150	1.71e-23	90.1
Dm_00012131-RA	AT1G47890.1	N/A	35.707	955	424	24	18	841	53	948	9.87e-136	431
Dm_00004475-RA	AT5G64060.1	N/A	63.128	179	64	2	6	184	4	180	4.71e-78	242
Dm_00005576-RA	AT5G43970.1	N/A	68.675	83	26	0	19	101	10	92	7.56e-35	115
Dm_00005083-RA	AT5G64816.4	N/A	86.777	121	15	1	23	143	1	120	2.10e-74	218
Dm_00005528-RA	AT1G77810.2	N/A	75.141	354	80	3	12	365	39	384	0.0	563
Dm_00004800-RA	AT1G79550.2	N/A	89.027	401	44	0	1	401	1	401	0.0	717
Dm_00017108-RA	AT2G38060.1	N/A	62.288	472	160	4	70	539	57	512	0.0	571
Dm_00019529-RA	AT3G52580.1	N/A	92.126	127	10	0	1	127	2	128	1.89e-85	246
Dm_00000722-RA	AT5G26990.1	N/A	35.968	253	126	9	1	250	1	220	3.26e-37	130
Dm_00000724-RA	AT3G15210.1	N/A	52.239	134	42	4	57	189	19	131	4.24e-33	122
Dm_00000869-RA	AT5G47230.1	N/A	55.224	201	72	5	178	378	118	300	8.48e-58	190
Dm_00000885-RA	AT4G16720.1	N/A	90.686	204	19	0	1	204	1	204	3.15e-127	357
Dm_00000884-RA	AT4G17420.1	N/A	72.593	270	70	2	29	294	16	285	1.86e-145	410
Dm_00000891-RA	AT4G16695.5	N/A	73.077	52	14	0	1	52	1	52	2.35e-22	80.5
Dm_00000909-RA	AT5G54750.1	N/A	86.559	186	25	0	1	186	1	186	1.65e-122	343
Dm_00000910-RA	AT3G60720.1	N/A	55.777	251	107	3	34	283	25	272	1.93e-100	296
Dm_00000414-RA	AT5G24630.8	N/A	46.983	232	62	4	175	404	226	398	5.44e-54	185
Dm_00000408-RA	AT5G17210.1	N/A	50.222	225	91	3	2	223	1	207	2.68e-75	226
Dm_00000419-RA	AT1G33060.1	N/A	35.727	543	268	18	1	478	19	545	1.54e-77	258
Dm_00013131-RA	AT2G04900.1	N/A	49.180	122	41	2	7	107	7	128	4.78e-33	112
Dm_00011255-RA	AT2G44970.3	N/A	80.000	175	32	1	1	172	222	396	7.71e-98	291
Dm_00011254-RA	AT2G44970.3	N/A	76.404	89	21	0	1	89	397	485	3.03e-42	143
Dm_00009803-RA	AT2G14750.1	N/A	82.353	102	18	0	7	108	129	230	3.59e-59	183
Dm_00014780-RA	AT1G21930.1	N/A	82.258	62	11	0	5	66	16	77	3.78e-34	112
Dm_00018077-RA	AT4G30960.1	N/A	73.050	423	109	2	11	428	17	439	0.0	621
Dm_00015937-RA	AT3G15210.1	N/A	60.317	126	38	3	12	128	9	131	1.16e-39	136
Dm_00018068-RA	AT1G50600.3	N/A	63.172	372	137	0	253	624	154	525	1.76e-172	501
Dm_00003945-RA	AT2G27680.1	N/A	77.480	373	67	2	42	414	27	382	0.0	607
Dm_00004182-RA	AT5G47230.1	N/A	43.629	259	104	7	177	418	59	292	3.87e-51	174
Dm_00007765-RA	AT3G10330.1	N/A	80.831	313	51	2	1	305	1	312	0.0	521
Dm_00010815-RA	AT1G75240.1	N/A	44.628	242	121	4	128	369	73	301	3.88e-58	191
Dm_00012526-RA	AT5G42850.2	N/A	55.000	120	53	1	1	119	1	120	4.85e-45	143
Dm_00010743-RA	AT2G44610.1	N/A	94.089	203	11	1	1	202	1	203	2.23e-139	388
Dm_00006087-RA	AT5G15610.2	N/A	57.639	432	153	2	1	432	1	402	0.0	524
Dm_00006086-RA	AT4G31985.1	N/A	81.633	49	9	0	1	49	1	49	1.10e-24	86.7
Dm_00006589-RA	AT1G31500.2	N/A	57.975	326	104	8	7	329	60	355	2.07e-126	366
Dm_00006997-RA	AT2G37210.1	N/A	78.469	209	32	1	3	198	4	212	6.82e-120	339
Dm_00006430-RA	AT3G66654.1	N/A	54.299	221	84	2	16	232	1	208	2.31e-73	223
Dm_00017609-RA	AT5G40530.3	N/A	64.563	206	66	1	1	199	105	310	2.00e-91	270
Dm_00016073-RA	AT3G47370.2	N/A	87.931	116	13	1	1	115	1	116	8.88e-70	205
Dm_00017308-RA	AT2G37680.2	N/A	79.167	216	44	1	23	237	28	243	4.72e-129	364
Dm_00017195-RA	AT5G66410.1	N/A	67.391	230	75	0	30	259	1	230	5.67e-112	322
Dm_00016891-RA	AT3G12620.1	N/A	71.538	390	94	4	3	391	4	377	0.0	573
Dm_00016062-RA	AT1G34370.2	N/A	55.212	518	175	12	3	501	1	480	4.59e-180	515
Dm_00014717-RA	AT5G58600.1	N/A	61.739	345	127	5	47	389	61	402	5.08e-164	466
Dm_00014878-RA	AT1G48320.1	N/A	59.740	154	62	0	15	168	3	156	1.59e-65	197
Dm_00012316-RA	AT2G42430.1	N/A	54.891	184	62	7	2	171	5	181	1.49e-58	184
Dm_00014813-RA	AT4G18040.1	N/A	71.812	149	41	1	117	264	52	200	3.83e-80	241
Dm_00014115-RA	AT5G11770.1	N/A	78.899	218	36	5	1	208	1	218	5.90e-119	337
Dm_00012830-RA	AT1G16470.1	N/A	70.175	228	32	3	1	201	1	219	5.63e-104	299
Dm_00014701-RA	AT2G41010.1	N/A	35.366	246	133	9	13	248	9	238	8.87e-28	106
Dm_00006828-RA	AT1G59970.1	N/A	33.333	327	175	8	6	304	2	313	1.51e-47	163
Dm_00007323-RA	AT1G02130.1	N/A	75.000	160	20	2	18	168	25	173	1.71e-77	233
Dm_00007551-RA	AT4G27090.1	N/A	84.615	130	20	0	1	130	1	130	2.71e-75	221
Dm_00008406-RA	AT3G27060.1	N/A	83.133	332	54	1	1	330	1	332	0.0	562
Dm_00016510-RA	AT3G24830.1	N/A	81.690	213	32	1	1	213	1	206	9.25e-129	361
Dm_00015988-RA	AT5G59180.1	N/A	86.932	176	23	0	1	176	1	176	7.92e-115	323
Dm_00013670-RA	AT1G66170.1	N/A	50.986	710	314	10	1	699	1	687	0.0	691
Dm_00016581-RA	AT5G09660.2	N/A	68.627	306	36	2	4	249	5	310	9.10e-138	404
Dm_00000987-RA	AT5G57815.1	N/A	89.655	58	6	0	3	60	4	61	6.97e-36	115
Dm_00001004-RA	AT3G62840.1	N/A	93.137	102	6	1	33	134	9	109	2.14e-65	194
Dm_00001016-RA	AT5G20870.1	N/A	60.426	470	179	3	243	705	28	497	0.0	578
Dm_00001027-RA	AT1G19210.1	N/A	71.739	92	26	0	8	99	3	94	1.21e-43	145
Dm_00000779-RA	AT2G36320.1	N/A	50.000	178	68	3	1	174	1	161	8.79e-56	173
Dm_00000791-RA	AT2G27530.2	N/A	82.915	199	31	1	1	196	1	199	6.28e-107	306
Dm_00000802-RA	AT5G22400.1	N/A	57.798	327	104	4	78	386	87	397	3.91e-120	357
Dm_00000789-RA	AT1G74050.1	N/A	69.130	230	70	1	6	235	4	232	8.34e-104	306
Dm_00000803-RA	AT2G23930.1	N/A	87.179	78	10	0	1	78	1	78	7.83e-46	141
Dm_00000812-RA	AT4G14320.1	N/A	93.269	104	7	0	4	107	2	105	3.00e-66	195
Dm_00000215-RA	AT5G17170.1	N/A	57.609	276	92	8	1	256	1	271	5.55e-89	265
Dm_00000220-RA	AT3G58830.1	N/A	58.848	243	98	2	120	362	92	332	9.64e-101	302
Dm_00000228-RA	AT1G08580.1	N/A	62.500	72	27	0	5	76	4	75	1.35e-26	94.4
Dm_00000226-RA	AT3G03100.1	N/A	70.779	154	36	1	3	147	4	157	2.48e-79	232
Dm_00000223-RA	AT5G17060.1	N/A	83.981	206	16	1	1	206	1	189	2.71e-126	354
Dm_00000243-RA	AT4G27630.2	N/A	74.143	321	49	3	32	328	108	418	5.21e-156	447
Dm_00000239-RA	AT1G64970.1	N/A	65.075	335	114	2	19	350	14	348	1.24e-154	438
Dm_00000240-RA	AT5G16690.2	N/A	51.587	252	107	3	79	323	171	414	4.21e-75	249
Dm_00001113-RA	AT3G07360.1	N/A	54.603	478	194	8	1	473	1	460	1.47e-175	501
Dm_00001115-RA	AT3G25250.1	N/A	52.668	431	172	9	34	463	10	409	1.11e-143	418
Dm_00001131-RA	AT2G21720.1	N/A	50.611	409	189	7	110	511	326	728	3.73e-130	396
Dm_00001282-RA	AT3G12600.1	N/A	66.082	171	58	0	1	171	1	171	2.84e-70	211
Dm_00001294-RA	AT3G57080.1	N/A	60.793	227	84	1	1	227	1	222	2.73e-101	293
Dm_00001296-RA	AT5G14800.1	N/A	71.273	275	77	2	1	273	1	275	1.59e-138	391
Dm_00001295-RA	AT2G41380.1	N/A	60.902	266	100	1	1	262	1	266	6.09e-116	333
Dm_00014408-RA	AT3G30180.1	N/A	74.257	101	22	1	5	101	1	101	2.12e-47	157
Dm_00021080-RA	AT3G57090.2	N/A	69.065	139	43	0	1	139	1	139	2.56e-72	214
Dm_00019309-RA	AT5G43700.1	N/A	52.752	218	65	5	1	218	1	180	2.55e-71	215
Dm_00012773-RA	AT3G05840.2	N/A	77.419	403	65	2	1	377	1	403	0.0	653
Dm_00011612-RA	AT5G43250.1	N/A	60.769	130	41	4	5	133	2	122	1.54e-43	142
Dm_00013069-RA	AT5G13930.1	N/A	69.048	294	90	1	1	293	102	395	3.19e-150	426
Dm_00012864-RA	AT4G32960.1	N/A	57.143	175	70	1	2	171	90	264	1.55e-69	212
Dm_00011438-RA	AT3G28630.2	N/A	53.488	172	70	6	1	172	33	194	8.81e-53	181
Dm_00012765-RA	AT5G10350.1	N/A	69.849	199	58	2	61	259	17	213	5.04e-97	283
