Dm_00007096-RA	AT4G39260.3	N/A	78.889	90	19	0	4	93	2	91	3.22e-48	151
Dm_00007092-RA	AT1G63850.1	N/A	26.018	442	253	17	58	477	135	524	8.83e-22	99.0
Dm_00007079-RA	AT1G15240.2	N/A	48.360	1189	423	23	5	1174	2	1018	0.0	985
Dm_00006960-RA	AT5G42520.2	N/A	60.000	345	111	10	1	326	1	337	1.57e-125	365
Dm_00007450-RA	AT2G06520.1	N/A	72.368	76	20	1	51	126	42	116	1.30e-25	93.6
Dm_00006516-RA	AT1G03560.1	N/A	65.738	610	207	2	44	652	46	654	0.0	863
Dm_00006338-RA	AT2G18040.1	N/A	78.814	118	25	0	1	118	1	118	3.25e-68	201
Dm_00006672-RA	AT5G14670.3	N/A	98.895	181	2	0	1	181	1	181	9.21e-134	372
Dm_00006814-RA	AT1G08480.1	N/A	64.029	139	50	0	10	148	4	142	2.71e-66	198
Dm_00006596-RA	AT3G49910.1	N/A	86.301	146	20	0	1	146	1	146	5.17e-93	266
Dm_00009247-RA	AT1G71220.3	N/A	76.596	94	22	0	1	94	1089	1182	4.25e-46	158
Dm_00009246-RA	AT1G71220.2	N/A	56.818	176	61	5	1	164	1159	1331	6.95e-51	179
Dm_00009212-RA	AT3G59600.1	N/A	47.368	76	40	0	8	83	27	102	4.02e-24	89.7
Dm_00017090-RA	AT4G33080.1	N/A	84.946	372	54	2	70	439	108	479	0.0	665
Dm_00016349-RA	AT1G10020.1	N/A	45.349	516	187	17	1	482	1	455	7.90e-120	359
Dm_00007394-RA	AT1G08230.4	N/A	64.013	314	112	1	4	316	19	332	2.38e-139	397
Dm_00007274-RA	AT5G37830.1	N/A	82.859	1266	212	2	1	1263	1	1264	0.0	2174
Dm_00007779-RA	AT1G75450.1	N/A	61.856	582	151	13	3	583	9	520	0.0	694
Dm_00008433-RA	AT3G60245.1	N/A	95.604	91	4	0	34	124	1	91	5.15e-59	178
Dm_00008377-RA	AT3G42170.2	N/A	30.233	301	187	2	1	280	150	448	1.88e-39	146
Dm_00008910-RA	AT1G15200.1	N/A	56.180	445	134	10	1	430	1	399	3.55e-143	416
Dm_00008825-RA	AT5G27860.2	N/A	70.588	68	20	0	155	222	110	177	9.04e-24	94.0
Dm_00008823-RA	AT3G16780.1	N/A	88.525	183	21	0	1	183	1	183	2.06e-116	329
Dm_00020865-RA	AT3G55420.1	N/A	67.337	199	57	4	22	216	19	213	5.13e-83	246
Dm_00020781-RA	AT2G30360.1	N/A	60.633	442	147	7	11	447	2	421	0.0	535
Dm_00021089-RA	AT1G48000.1	N/A	71.779	163	46	0	11	173	9	171	5.93e-85	257
Dm_00020779-RA	AT5G02960.1	N/A	78.049	123	8	2	27	149	39	142	1.08e-59	181
Dm_00019961-RA	AT4G36470.1	N/A	36.316	380	225	7	1	373	1	370	1.25e-72	231
Dm_00017525-RA	AT5G58620.1	N/A	48.413	756	222	26	10	758	13	607	0.0	580
Dm_00007238-RA	AT4G34810.1	N/A	55.340	103	37	3	78	172	15	116	4.23e-30	107
Dm_00007239-RA	AT4G34800.1	N/A	53.763	93	33	2	8	98	6	90	3.13e-29	100
Dm_00006882-RA	AT3G15120.1	N/A	47.353	340	162	6	1	329	1272	1605	1.98e-79	277
Dm_00006773-RA	AT5G09760.1	N/A	76.786	112	26	0	190	301	276	387	3.61e-56	191
Dm_00007319-RA	AT4G30440.1	N/A	84.561	421	62	1	7	427	4	421	0.0	736
Dm_00009931-RA	AT5G54490.1	N/A	53.043	115	53	1	2	115	6	120	5.18e-37	122
Dm_00009935-RA	AT4G05120.2	N/A	69.704	406	118	3	2	405	12	414	0.0	587
Dm_00008810-RA	AT1G07570.2	N/A	62.281	342	127	1	108	447	13	354	4.07e-159	456
Dm_00008801-RA	AT3G19980.1	N/A	82.768	354	10	1	1	354	1	303	0.0	599
Dm_00007527-RA	AT3G21295.3	N/A	34.383	413	193	11	6	368	65	449	1.24e-49	180
Dm_00008420-RA	AT3G57830.1	N/A	58.706	649	241	13	23	657	25	660	0.0	705
Dm_00009084-RA	AT5G40200.1	N/A	74.545	605	129	5	1	597	1	588	0.0	863
Dm_00008478-RA	AT4G14147.2	N/A	82.857	105	18	0	44	148	37	141	3.29e-59	181
Dm_00009379-RA	AT1G04360.1	N/A	43.188	345	160	7	28	349	32	363	1.78e-79	248
Dm_00009378-RA	AT5G43410.1	N/A	61.983	121	36	2	7	127	4	114	2.94e-41	134
Dm_00008606-RA	AT3G26340.1	N/A	82.784	273	45	1	1	271	1	273	4.00e-169	469
Dm_00008874-RA	AT2G26510.1	N/A	65.289	484	166	2	1	483	68	550	0.0	635
Dm_00007727-RA	AT5G04260.1	N/A	71.765	85	18	1	24	102	106	190	8.56e-40	130
Dm_00007891-RA	AT2G36680.1	N/A	66.667	204	56	1	7	210	26	217	9.97e-94	273
Dm_00015386-RA	AT2G23790.1	N/A	48.266	346	142	9	1	327	1	328	2.04e-104	311
Dm_00015692-RA	AT3G49080.1	N/A	77.561	205	45	1	11	215	227	430	2.47e-112	328
Dm_00016056-RA	AT5G07900.1	N/A	28.383	303	214	3	69	370	101	401	1.14e-37	140
Dm_00018495-RA	AT5G40810.1	N/A	83.819	309	47	2	1	308	1	307	3.90e-180	499
Dm_00016675-RA	AT1G78530.1	N/A	66.181	343	89	5	8	328	9	346	5.05e-165	464
Dm_00017694-RA	AT2G27730.1	N/A	49.624	133	42	5	1	128	1	113	2.22e-24	90.5
Dm_00018490-RA	AT5G04460.2	N/A	59.174	823	278	16	1	794	1	794	0.0	786
Dm_00018637-RA	AT4G30900.1	N/A	65.132	304	63	4	94	377	35	315	1.43e-138	397
Dm_00017323-RA	AT5G45890.1	N/A	48.083	339	164	6	16	344	10	346	1.41e-108	321
Dm_00020993-RA	AT5G13210.1	N/A	63.402	194	51	1	1	174	480	673	1.67e-79	249
Dm_00018606-RA	AT2G19830.2	N/A	81.818	220	31	4	1	218	1	213	1.70e-111	318
Dm_00018291-RA	AT2G15980.1	N/A	46.482	469	221	8	53	518	45	486	5.44e-135	400
Dm_00020970-RA	AT2G36950.1	N/A	40.462	346	171	10	32	353	52	386	3.53e-56	188
Dm_00020813-RA	AT4G24570.1	N/A	69.350	323	89	3	1	323	1	313	2.52e-160	450
Dm_00016105-RA	AT1G30540.1	N/A	69.677	310	87	2	24	332	31	334	7.03e-155	441
Dm_00009309-RA	AT5G10450.1	N/A	40.845	213	112	6	13	220	5	208	1.20e-35	127
Dm_00010655-RA	AT2G03420.1	N/A	62.590	139	52	0	52	190	32	170	4.61e-55	172
Dm_00010658-RA	AT1G69360.1	N/A	30.000	1110	526	41	1	1073	1	896	3.93e-92	315
Dm_00010895-RA	AT1G50620.1	N/A	36.636	434	218	10	53	481	38	419	2.95e-76	261
Dm_00015394-RA	AT3G05230.1	N/A	72.785	158	41	1	1	158	1	156	6.27e-85	246
Dm_00014761-RA	AT1G17710.1	N/A	68.936	235	68	2	4	234	7	240	5.36e-119	342
Dm_00015952-RA	AT4G22910.1	N/A	74.096	498	92	9	18	509	17	483	0.0	717
Dm_00015363-RA	AT1G32210.1	N/A	87.963	108	13	0	31	138	1	108	5.21e-65	193
Dm_00015376-RA	AT2G32090.1	N/A	70.000	130	39	0	8	137	4	133	2.48e-67	202
Dm_00002524-RA	AT2G38290.1	N/A	66.122	490	130	3	7	496	4	457	0.0	628
Dm_00003395-RA	AT1G45688.1	N/A	60.286	350	107	3	1	330	1	338	4.42e-133	382
Dm_00003403-RA	AT2G23350.1	N/A	66.667	369	97	9	1	357	308	662	1.55e-158	460
Dm_00003835-RA	AT1G07410.1	N/A	79.832	238	24	3	1	238	1	214	1.97e-136	382
Dm_00019064-RA	AT1G10720.1	N/A	43.457	405	165	14	64	456	56	408	2.84e-59	201
Dm_00018936-RA	AT5G09360.1	N/A	47.764	559	240	8	9	528	12	557	0.0	532
Dm_00019244-RA	AT4G12970.1	N/A	82.000	50	8	1	64	112	53	102	9.19e-25	90.5
Dm_00019056-RA	AT3G18040.4	N/A	80.216	556	100	7	35	589	73	619	0.0	878
Dm_00019027-RA	AT1G43760.1	N/A	28.636	220	132	4	41	256	172	370	3.46e-27	110
Dm_00019001-RA	AT2G22475.1	N/A	59.862	289	105	5	17	296	13	299	3.05e-108	316
Dm_00011592-RA	AT4G02330.1	N/A	57.610	611	208	9	7	606	1	571	0.0	704
Dm_00012964-RA	AT1G16870.1	N/A	69.756	410	113	3	18	416	70	479	0.0	574
Dm_00011791-RA	AT1G63850.1	N/A	58.932	543	193	6	130	651	10	543	0.0	628
Dm_00002730-RA	AT5G42950.1	N/A	39.075	1103	513	36	83	1156	33	1005	1.55e-164	538
Dm_00002783-RA	AT3G04740.1	N/A	58.650	1555	498	29	1	1528	1	1437	0.0	1649
Dm_00002787-RA	AT5G28830.1	N/A	46.440	323	167	3	4	325	5	322	5.39e-94	282
Dm_00002791-RA	AT3G04780.1	N/A	83.523	176	29	0	1	176	1	176	5.06e-111	313
Dm_00002359-RA	AT2G15690.1	N/A	60.158	379	147	2	213	591	205	579	1.34e-173	504
Dm_00002363-RA	AT1G59600.1	N/A	52.557	352	132	7	36	385	6	324	9.00e-119	351
Dm_00002355-RA	AT1G27730.1	N/A	41.606	274	92	10	1	263	1	217	1.19e-49	164
Dm_00002361-RA	AT5G43190.1	N/A	49.051	369	163	8	4	359	35	391	3.96e-100	302
Dm_00002352-RA	AT1G27700.1	N/A	47.447	333	123	7	1	332	1	282	2.54e-95	285
Dm_00002597-RA	AT5G50000.1	N/A	79.124	388	60	3	1	370	1	385	0.0	640
Dm_00018695-RA	AT4G35020.1	N/A	76.991	226	22	2	1	224	1	198	4.15e-120	340
Dm_00018144-RA	AT3G47600.1	N/A	48.187	386	126	8	1	365	1	333	7.39e-108	319
Dm_00019360-RA	AT1G48110.1	N/A	43.348	669	320	13	85	735	11	638	1.85e-168	499
Dm_00013182-RA	AT5G08565.1	N/A	77.049	61	14	0	1	61	1	61	1.06e-32	108
Dm_00011016-RA	AT1G65540.3	N/A	71.045	670	182	6	98	761	56	719	0.0	888
Dm_00013363-RA	AT1G78210.1	N/A	51.869	214	97	4	1	210	1	212	5.99e-72	223
Dm_00012413-RA	AT5G41110.2	N/A	38.400	625	272	17	112	728	102	621	2.52e-106	337
Dm_00013030-RA	AT2G26570.1	N/A	61.992	713	215	6	186	898	148	804	0.0	787
Dm_00011624-RA	AT3G04400.1	N/A	97.143	140	4	0	1	140	1	140	9.58e-98	277
Dm_00011906-RA	AT3G01680.1	N/A	42.292	733	367	16	67	779	33	729	0.0	590
Dm_00009215-RA	AT3G03380.1	N/A	70.903	842	233	7	14	855	267	1096	0.0	1228
Dm_00010071-RA	AT4G12770.1	N/A	46.830	978	381	31	1	938	1	879	0.0	547
Dm_00010063-RA	AT3G16857.2	N/A	44.054	740	284	25	25	709	26	690	3.47e-168	499
Dm_00008360-RA	AT1G19210.1	N/A	49.510	204	67	6	15	209	9	185	2.42e-51	164
Dm_00008763-RA	AT5G22760.3	N/A	43.467	796	398	18	1	776	527	1290	0.0	627
Dm_00002985-RA	AT2G31660.1	N/A	70.588	1037	275	8	1	1009	1	1035	0.0	1452
Dm_00002548-RA	AT5G12010.1	N/A	74.521	365	91	2	164	527	139	502	0.0	588
Dm_00002192-RA	AT5G19400.1	N/A	46.789	654	312	7	32	652	6	656	0.0	606
Dm_00002200-RA	AT2G26810.2	N/A	60.741	135	48	3	16	150	119	248	3.67e-48	156
Dm_00015439-RA	AT3G05560.1	N/A	80.952	126	21	2	1	125	1	124	8.53e-58	175
Dm_00021120-RA	AT2G27080.2	N/A	43.673	245	131	3	64	306	21	260	3.48e-67	211
Dm_00016820-RA	AT1G11760.1	N/A	64.474	152	46	2	28	172	1	151	4.91e-64	197
Dm_00018048-RA	AT4G27750.1	N/A	59.091	352	94	2	1	349	1	305	6.54e-142	404
Dm_00017284-RA	AT5G05340.1	N/A	57.860	299	113	2	27	322	26	314	4.67e-121	351
Dm_00017913-RA	AT4G39690.1	N/A	41.912	136	52	2	315	450	274	382	1.23e-21	98.2
Dm_00017384-RA	AT2G39720.1	N/A	51.524	328	133	9	11	318	3	324	3.97e-98	298
Dm_00010708-RA	AT5G52545.2	N/A	63.265	147	51	2	7	150	8	154	7.94e-60	182
Dm_00008505-RA	AT2G46370.4	N/A	63.527	584	202	6	3	583	11	586	0.0	786
Dm_00012917-RA	AT1G16610.7	N/A	57.927	164	50	6	12	168	120	271	5.35e-36	134
Dm_00015225-RA	AT5G39670.1	N/A	46.491	114	58	2	28	141	91	201	2.29e-27	101
Dm_00015417-RA	AT1G14360.1	N/A	80.303	330	53	2	1	318	1	330	0.0	527
Dm_00016385-RA	AT5G44790.1	N/A	71.823	1015	260	9	1	1003	1	1001	0.0	1449
Dm_00016347-RA	AT1G26940.1	N/A	83.636	165	26	1	26	189	15	179	9.45e-100	288
Dm_00016447-RA	AT5G13210.1	N/A	49.805	257	94	4	1	222	36	292	1.22e-74	239
Dm_00003030-RA	AT4G24190.1	N/A	82.750	800	119	4	20	819	20	800	0.0	1269
Dm_00003040-RA	AT1G19850.1	N/A	59.335	932	264	26	109	997	32	891	0.0	981
Dm_00002759-RA	AT5G66920.1	N/A	68.946	541	144	1	22	562	30	546	0.0	798
Dm_00002813-RA	AT1G15130.1	N/A	69.419	860	241	5	15	873	8	846	0.0	1152
Dm_00002831-RA	AT1G15100.1	N/A	48.851	174	67	3	1	173	1	153	1.44e-47	152
Dm_00002836-RA	AT1G49540.1	N/A	64.755	837	281	9	4	833	5	834	0.0	1095
Dm_00002827-RA	AT1G15110.3	N/A	77.017	409	84	2	24	423	18	425	0.0	655
Dm_00018313-RA	AT4G02580.1	N/A	39.184	245	33	4	1	154	1	220	5.59e-45	149
Dm_00018152-RA	AT3G22590.1	N/A	60.373	429	149	6	1	422	1	415	8.59e-176	508
Dm_00018130-RA	AT1G80440.1	N/A	45.330	364	184	6	3	362	2	354	1.13e-106	317
Dm_00017975-RA	AT2G37270.1	N/A	85.106	188	24	2	5	189	3	189	4.63e-116	328
Dm_00017335-RA	AT1G64380.1	N/A	47.278	349	112	11	18	325	18	335	4.80e-64	206
Dm_00006285-RA	AT2G41070.5	N/A	41.624	197	86	6	31	208	60	246	1.18e-30	113
Dm_00006255-RA	AT4G25740.1	N/A	78.986	138	23	2	5	141	18	150	1.74e-65	198
Dm_00006259-RA	AT5G52800.3	N/A	61.446	498	175	4	47	531	86	579	0.0	634
Dm_00005361-RA	AT1G53390.1	N/A	59.659	1056	376	11	4	1041	86	1109	0.0	1258
Dm_00005966-RA	AT2G38280.1	N/A	70.016	637	143	3	145	762	230	837	0.0	937
Dm_00014180-RA	AT5G18200.1	N/A	60.641	343	133	2	6	347	9	350	1.41e-158	448
Dm_00014803-RA	AT4G29430.1	N/A	74.118	85	22	0	1	85	40	124	1.32e-44	143
Dm_00014392-RA	AT5G09650.1	N/A	81.200	250	46	1	49	298	51	299	2.23e-153	431
Dm_00012717-RA	AT4G23980.1	N/A	60.383	626	193	13	24	610	6	615	0.0	693
Dm_00015827-RA	AT4G11070.1	N/A	38.462	351	151	12	10	340	7	312	9.28e-60	195
Dm_00006379-RA	AT3G11130.1	N/A	89.747	1658	129	3	1	1618	1	1657	0.0	3088
Dm_00006619-RA	AT2G23140.5	N/A	60.671	328	116	4	1	323	315	634	8.11e-125	372
Dm_00006410-RA	AT1G71010.1	N/A	47.138	1782	691	37	1	1701	1	1612	0.0	1412
Dm_00006867-RA	AT4G25650.1	N/A	57.143	84	36	0	2	85	452	535	1.51e-31	115
Dm_00006864-RA	AT3G13550.1	N/A	71.341	164	47	0	19	182	19	182	3.08e-88	256
Dm_00006332-RA	AT1G06070.1	N/A	68.027	294	80	4	52	342	50	332	4.18e-133	389
Dm_00007002-RA	AT3G01280.1	N/A	66.667	276	92	0	1	276	1	276	1.73e-137	389
Dm_00016130-RA	AT2G17250.1	N/A	52.586	580	189	8	1	506	1	568	0.0	572
Dm_00019103-RA	AT3G27560.1	N/A	75.424	354	72	3	1	341	1	352	0.0	549
Dm_00019334-RA	AT4G29090.1	N/A	28.502	207	134	3	2	196	120	324	2.33e-22	95.5
Dm_00019221-RA	AT1G29400.2	N/A	59.456	809	284	23	18	816	1	775	0.0	833
Dm_00019224-RA	AT1G05190.1	N/A	65.455	220	72	2	41	256	4	223	2.16e-102	297
Dm_00019216-RA	AT4G16120.1	N/A	66.332	597	193	4	52	643	46	639	0.0	856
Dm_00018845-RA	AT3G61110.1	N/A	94.118	85	5	0	6	90	2	86	1.48e-57	171
Dm_00014379-RA	AT5G38710.1	N/A	56.674	457	184	4	27	481	31	475	0.0	532
Dm_00014911-RA	AT1G29900.1	N/A	78.987	533	93	3	523	1044	659	1183	0.0	865
Dm_00014506-RA	AT3G30530.1	N/A	39.205	176	80	5	17	189	2	153	4.94e-28	105
Dm_00015327-RA	AT4G37260.1	N/A	49.346	306	106	9	15	305	6	277	4.51e-86	262
Dm_00002943-RA	AT2G27210.1	N/A	91.995	862	67	2	3	864	147	1006	0.0	1563
Dm_00002945-RA	AT5G22090.1	N/A	39.726	292	128	12	40	301	19	292	3.52e-37	144
Dm_00002929-RA	AT1G18800.1	N/A	79.747	158	29	1	1	155	1	158	9.13e-85	250
Dm_00002622-RA	AT3G18430.1	N/A	63.429	175	32	2	1	143	1	175	3.94e-73	216
Dm_00002638-RA	AT4G37300.1	N/A	48.305	118	52	3	7	124	1	109	3.70e-27	101
Dm_00002776-RA	AT1G68370.1	N/A	76.960	421	67	5	7	421	8	404	0.0	645
Dm_00003049-RA	AT1G76660.1	N/A	48.654	483	179	14	1	476	1	421	2.05e-128	380
Dm_00003068-RA	AT5G52030.2	N/A	57.480	381	137	4	16	372	4	383	1.07e-138	400
Dm_00003067-RA	AT4G25480.1	N/A	49.372	239	93	7	26	259	1	216	5.42e-60	189
Dm_00003077-RA	AT5G62020.1	N/A	48.097	289	112	7	18	291	16	281	6.67e-80	244
Dm_00003075-RA	AT2G38250.1	N/A	54.417	283	114	3	7	289	16	283	5.98e-73	226
Dm_00003083-RA	AT4G25560.1	N/A	50.505	198	83	5	15	209	9	194	1.93e-61	193
Dm_00007922-RA	AT3G21175.2	N/A	55.459	229	93	4	16	240	28	251	4.72e-71	221
Dm_00007921-RA	AT4G33640.1	N/A	78.205	78	17	0	1	78	1	78	5.74e-41	130
Dm_00006200-RA	AT1G64190.1	N/A	84.394	487	76	0	55	541	1	487	0.0	870
Dm_00006888-RA	AT4G15560.1	N/A	83.008	665	84	1	50	685	52	716	0.0	1140
Dm_00005949-RA	AT2G16400.1	N/A	64.338	272	73	5	254	523	109	358	2.03e-114	353
Dm_00008268-RA	AT1G48650.2	N/A	72.547	1111	273	10	103	1190	89	1190	0.0	1626
Dm_00009265-RA	AT1G61690.1	N/A	43.834	819	356	21	1	735	1	799	1.24e-170	528
Dm_00011804-RA	AT5G45840.2	N/A	41.359	677	321	13	29	672	34	667	6.56e-162	481
Dm_00011805-RA	AT2G30100.1	N/A	56.950	518	202	6	1	512	1	503	0.0	536
Dm_00011118-RA	AT5G54590.2	N/A	75.194	387	95	1	1	386	1	387	0.0	621
Dm_00010728-RA	AT3G46010.2	N/A	85.507	138	18	1	10	145	13	150	1.81e-86	249
Dm_00012064-RA	AT1G27430.1	N/A	34.274	1666	863	55	1	1609	1	1491	0.0	622
Dm_00021051-RA	AT4G02370.1	N/A	51.938	129	61	1	33	160	31	159	6.94e-49	156
Dm_00009026-RA	AT3G03340.1	N/A	75.562	356	72	5	1	354	1	343	0.0	522
Dm_00009781-RA	AT5G47650.3	N/A	52.397	292	101	3	24	315	19	272	7.59e-103	303
Dm_00008231-RA	AT4G12340.1	N/A	38.251	183	91	5	1	178	1	166	1.18e-30	110
Dm_00008943-RA	AT2G35920.3	N/A	69.324	577	161	4	61	622	71	646	0.0	825
Dm_00009437-RA	AT1G17680.1	N/A	31.910	398	225	5	9	365	143	535	4.17e-58	203
Dm_00018393-RA	AT1G73880.1	N/A	53.579	489	197	10	1	484	1	464	6.39e-177	505
Dm_00017236-RA	AT1G55340.1	N/A	48.430	223	86	10	16	228	2	205	1.58e-51	166
Dm_00016901-RA	AT1G32240.2	N/A	85.897	78	11	0	283	360	187	264	7.60e-39	142
Dm_00018594-RA	AT2G44020.1	N/A	79.953	424	85	0	1	424	65	488	0.0	714
Dm_00019132-RA	AT5G13680.1	N/A	54.692	1300	552	8	4	1297	51	1319	0.0	1405
Dm_00017591-RA	AT1G29690.1	N/A	65.841	565	179	5	25	588	10	561	0.0	760
Dm_00019980-RA	AT5G15150.1	N/A	50.000	244	92	8	1	231	22	248	5.05e-58	189
Dm_00019465-RA	AT4G35140.2	N/A	61.247	449	163	2	14	460	19	458	0.0	549
Dm_00019331-RA	AT4G21090.1	N/A	84.746	118	18	0	7	124	80	197	6.02e-73	216
Dm_00004778-RA	AT2G39570.1	N/A	56.955	381	147	3	19	399	48	411	8.19e-148	425
Dm_00004771-RA	AT5G59865.1	N/A	61.644	73	28	0	6	78	33	105	1.96e-21	80.9
Dm_00004381-RA	AT4G09800.1	N/A	94.702	151	8	0	10	160	2	152	8.54e-106	299
Dm_00009196-RA	AT3G51800.3	N/A	75.835	389	85	2	2	390	3	382	0.0	588
Dm_00019153-RA	AT5G03800.1	N/A	51.874	827	383	7	3	818	74	896	0.0	866
Dm_00019230-RA	AT3G29100.3	N/A	71.628	215	61	0	1	215	1	215	6.74e-115	327
Dm_00019145-RA	AT4G09800.1	N/A	77.596	183	9	1	1	183	2	152	1.60e-96	276
Dm_00004600-RA	AT4G15248.1	N/A	46.847	111	38	2	30	140	28	117	2.72e-28	100
Dm_00005920-RA	AT3G12400.1	N/A	57.882	406	153	4	11	413	6	396	1.03e-155	446
Dm_00005819-RA	AT1G12990.1	N/A	78.261	391	79	3	17	404	5	392	0.0	664
Dm_00019918-RA	AT3G47080.1	N/A	39.084	371	166	12	119	466	173	506	5.39e-77	250
Dm_00020841-RA	AT5G66730.1	N/A	55.556	549	184	14	1	538	1	500	1.09e-168	487
Dm_00020774-RA	AT4G02510.2	N/A	69.231	871	249	8	591	1443	627	1496	0.0	1206
Dm_00012492-RA	AT4G09820.1	N/A	72.566	113	30	1	16	128	19	130	2.20e-56	183
Dm_00011802-RA	AT5G55190.1	N/A	97.110	173	5	0	14	186	25	197	1.00e-126	355
Dm_00020026-RA	AT3G22380.3	N/A	37.925	1764	710	78	2	1597	1	1547	0.0	638
Dm_00019983-RA	AT1G15140.1	N/A	68.132	273	84	1	1	273	22	291	1.63e-125	365
Dm_00019782-RA	AT2G38310.1	N/A	76.875	160	35	2	45	203	38	196	1.32e-80	239
Dm_00019856-RA	AT5G17540.1	N/A	67.021	94	29	1	54	145	54	147	1.36e-36	131
Dm_00018220-RA	AT5G54470.1	N/A	70.130	77	23	0	2	78	4	80	1.29e-33	120
Dm_00007402-RA	AT3G10950.1	N/A	92.500	80	6	0	7	86	13	92	7.42e-52	158
Dm_00007598-RA	AT2G20450.1	N/A	81.061	132	25	0	2	133	3	134	2.38e-74	218
Dm_00006230-RA	AT4G24440.1	N/A	84.906	106	16	0	1	106	1	106	1.72e-66	196
Dm_00007288-RA	AT1G49950.2	N/A	46.640	253	111	4	1	245	1	237	1.40e-69	218
Dm_00007795-RA	AT2G01300.1	N/A	43.478	115	54	2	7	119	13	118	7.33e-24	92.0
Dm_00015117-RA	AT5G61150.2	N/A	53.571	644	255	16	1	622	2	623	2.59e-165	486
Dm_00013771-RA	AT3G01750.2	N/A	48.968	678	307	13	1	659	1	658	0.0	589
Dm_00012820-RA	AT2G34690.1	N/A	61.497	187	70	2	1	186	1	186	2.11e-76	228
Dm_00016383-RA	AT4G32680.1	N/A	34.058	138	80	2	95	232	150	276	3.74e-22	92.4
Dm_00016996-RA	AT5G06760.1	N/A	46.000	150	62	2	10	158	3	134	3.80e-28	103
Dm_00016894-RA	AT5G42300.1	N/A	86.957	69	9	0	1	69	1	69	2.76e-38	125
Dm_00015701-RA	AT5G07900.1	N/A	27.778	306	219	2	65	369	95	399	1.54e-42	154
Dm_00016803-RA	AT5G42440.1	N/A	57.231	325	110	5	66	389	59	355	2.45e-120	353
Dm_00015398-RA	AT1G10740.4	N/A	77.533	454	99	3	1	451	1	454	0.0	738
Dm_00003311-RA	AT3G53740.2	N/A	80.909	110	21	0	27	136	1	110	1.37e-57	174
Dm_00003315-RA	AT2G28105.2	N/A	56.494	154	48	4	32	175	5	149	5.57e-53	167
Dm_00002447-RA	AT3G62600.1	N/A	82.456	342	54	3	13	349	6	346	0.0	559
Dm_00003845-RA	AT5G65590.1	N/A	70.833	72	21	0	16	87	27	98	1.41e-33	127
Dm_00003562-RA	AT3G61750.1	N/A	49.682	314	148	5	390	701	68	373	1.24e-100	315
Dm_00003570-RA	AT5G62050.1	N/A	52.089	359	149	6	1	354	1	341	2.29e-125	367
Dm_00003574-RA	AT3G61690.1	N/A	48.268	1386	588	42	1	1343	1	1300	0.0	1122
Dm_00003568-RA	AT4G01000.1	N/A	44.361	266	125	5	8	272	9	252	1.03e-50	176
Dm_00003129-RA	AT3G56740.1	N/A	65.493	284	96	1	52	333	10	293	1.08e-123	357
Dm_00009004-RA	AT5G09900.2	N/A	81.093	439	83	0	2	440	3	441	0.0	727
Dm_00011104-RA	AT3G19180.1	N/A	51.902	736	318	11	75	784	66	791	0.0	659
Dm_00010147-RA	AT2G20700.1	N/A	55.000	140	56	2	30	169	27	159	3.20e-49	156
Dm_00002431-RA	AT1G47710.1	N/A	60.000	390	153	2	1	387	1	390	1.24e-170	482
Dm_00002439-RA	AT2G26560.1	N/A	59.030	371	148	1	33	399	10	380	1.34e-161	460
Dm_00002702-RA	AT2G46890.1	N/A	68.634	322	99	2	3	324	2	321	3.06e-161	453
Dm_00002703-RA	AT1G72030.1	N/A	58.000	100	41	1	13	111	155	254	3.84e-35	121
Dm_00002710-RA	AT1G22520.1	N/A	61.702	94	33	1	11	101	3	96	5.59e-35	120
Dm_00002642-RA	AT2G33710.1	N/A	61.111	90	27	2	86	171	41	126	1.36e-29	111
Dm_00002654-RA	AT4G36950.1	N/A	47.826	368	157	9	3	368	2	336	1.65e-103	308
Dm_00002453-RA	AT5G16300.1	N/A	57.632	1081	423	9	5	1077	13	1066	0.0	1219
Dm_00002458-RA	AT5G10270.1	N/A	73.814	527	111	10	1	522	1	505	0.0	751
Dm_00009590-RA	AT3G59350.6	N/A	78.771	358	74	2	15	370	54	411	0.0	561
Dm_00009464-RA	AT5G15870.1	N/A	64.901	453	130	3	6	430	243	694	0.0	592
Dm_00010010-RA	AT3G23490.1	N/A	72.222	162	45	0	2	163	3	164	3.36e-88	255
Dm_00009514-RA	AT3G16000.1	N/A	42.857	609	341	2	39	647	123	724	4.49e-125	387
Dm_00016476-RA	AT3G18770.1	N/A	43.899	631	281	16	11	598	14	614	1.33e-105	332
Dm_00016523-RA	AT3G11110.1	N/A	40.606	165	72	5	54	217	15	154	1.95e-30	110
Dm_00016261-RA	AT1G32990.1	N/A	82.123	179	27	1	61	239	45	218	1.42e-102	297
Dm_00015074-RA	AT1G20960.2	N/A	78.427	2174	456	9	1	2174	1	2161	0.0	3516
Dm_00014262-RA	AT5G39740.1	N/A	72.948	329	52	1	130	458	1	292	2.01e-174	491
Dm_00015495-RA	AT4G17770.1	N/A	78.593	668	134	3	1	667	1	660	0.0	1107
Dm_00015211-RA	AT1G17420.1	N/A	66.272	928	288	9	3	914	1	919	0.0	1296
Dm_00015131-RA	AT2G28380.1	N/A	53.989	376	132	11	1	339	1	372	3.66e-120	354
Dm_00013605-RA	AT3G56210.4	N/A	58.523	176	72	1	1	176	1	175	3.77e-72	216
Dm_00013606-RA	AT5G27700.1	N/A	79.012	81	17	0	1	81	1	81	7.42e-47	144
Dm_00014576-RA	AT2G20310.1	N/A	34.100	261	136	6	7	263	9	237	5.38e-34	135
Dm_00015503-RA	AT4G22540.5	N/A	62.924	766	212	13	1	739	1	721	0.0	945
Dm_00010155-RA	AT4G00100.1	N/A	90.714	140	13	0	1	140	1	140	2.09e-91	261
Dm_00009877-RA	AT3G19380.1	N/A	31.455	426	233	12	1	404	12	400	6.72e-42	153
Dm_00009958-RA	AT4G25890.1	N/A	71.642	67	19	0	1	67	1	67	7.01e-28	101
Dm_00006930-RA	AT1G25230.1	N/A	56.958	309	123	4	41	340	32	339	1.54e-127	369
Dm_00010219-RA	AT2G30230.1	N/A	45.989	187	82	7	1	180	1	175	1.30e-41	138
Dm_00003624-RA	AT5G27640.3	N/A	74.298	712	176	5	1	708	1	709	0.0	1113
Dm_00003620-RA	AT3G15880.4	N/A	73.702	1156	277	9	1	1150	1	1135	0.0	1774
Dm_00003324-RA	AT3G48195.1	N/A	59.802	505	187	7	426	922	401	897	0.0	613
Dm_00003331-RA	AT4G24680.2	N/A	32.649	1608	801	54	47	1605	9	1383	6.19e-176	568
Dm_00003674-RA	AT5G42020.1	N/A	90.491	652	60	1	37	686	17	668	0.0	1200
Dm_00003671-RA	AT5G24314.1	N/A	52.294	109	49	2	12	119	50	156	1.49e-32	112
Dm_00003677-RA	AT5G24320.1	N/A	45.867	750	325	21	1	726	1	693	0.0	571
Dm_00003694-RA	AT5G37290.1	N/A	63.212	193	57	5	1	192	1	180	2.05e-78	232
Dm_00002956-RA	AT1G63700.2	N/A	58.243	922	332	26	1	909	1	882	0.0	860
Dm_00002958-RA	AT3G14470.1	N/A	30.522	1091	631	33	13	1055	12	1023	1.13e-109	367
Dm_00002963-RA	AT3G49050.1	N/A	74.704	253	63	1	1	252	1	253	4.71e-139	422
Dm_00010642-RA	AT5G66430.1	N/A	38.095	378	200	9	1	369	1	353	9.90e-73	230
Dm_00010484-RA	AT1G26880.1	N/A	90.833	120	11	0	1	120	1	120	1.14e-76	222
Dm_00010319-RA	AT1G63110.1	N/A	51.037	482	188	10	8	458	2	466	3.89e-146	426
Dm_00015786-RA	AT2G45510.1	N/A	55.588	340	141	5	51	383	112	448	6.27e-127	375
Dm_00015490-RA	AT2G46290.1	N/A	74.038	208	38	2	11	216	161	354	1.04e-107	314
Dm_00014854-RA	AT3G23610.4	N/A	30.055	183	120	2	158	340	19	193	3.88e-23	98.6
Dm_00015852-RA	AT1G29760.1	N/A	39.785	558	272	16	4	542	12	524	9.97e-122	369
Dm_00014356-RA	AT2G04690.1	N/A	58.376	197	63	3	26	222	23	200	7.05e-78	233
Dm_00014810-RA	AT1G26880.1	N/A	92.473	93	7	0	42	134	27	119	5.93e-57	173
Dm_00006417-RA	AT1G45616.1	N/A	37.059	993	481	18	307	1177	24	994	2.47e-163	511
Dm_00005794-RA	AT4G23540.1	N/A	38.208	636	342	10	39	660	5	603	1.45e-118	387
Dm_00006470-RA	AT1G34190.1	N/A	60.326	184	70	1	3	183	61	244	6.96e-75	235
Dm_00006483-RA	AT1G52590.1	N/A	61.688	154	18	1	8	161	60	172	1.38e-59	182
Dm_00011275-RA	AT2G37080.3	N/A	44.127	630	253	14	69	657	10	581	2.73e-136	412
Dm_00012187-RA	AT3G21420.1	N/A	66.391	363	119	3	1	361	1	362	0.0	509
Dm_00012801-RA	AT2G05620.2	N/A	66.165	133	40	3	1	128	1	133	5.23e-54	166
Dm_00014039-RA	AT1G49890.1	N/A	47.336	657	247	20	26	635	29	633	1.07e-139	424
Dm_00013409-RA	AT1G66430.1	N/A	84.211	323	51	0	17	339	61	383	0.0	564
Dm_00013646-RA	AT2G46150.1	N/A	38.095	231	128	6	1	226	1	221	6.71e-47	154
Dm_00013023-RA	AT1G04980.1	N/A	72.727	341	82	2	5	334	107	447	0.0	511
Dm_00013862-RA	AT1G08370.1	N/A	57.500	360	123	7	1	341	1	349	5.26e-118	345
Dm_00002369-RA	AT4G37260.1	N/A	50.645	310	90	8	1	283	1	274	7.67e-89	268
Dm_00002377-RA	AT4G24240.1	N/A	47.462	394	146	12	1	382	1	345	4.08e-92	280
Dm_00002374-RA	AT5G55580.2	N/A	60.417	384	139	3	73	449	12	389	3.85e-161	460
Dm_00003086-RA	AT5G60335.2	N/A	61.268	142	55	0	55	196	16	157	3.95e-61	189
Dm_00003087-RA	AT3G54840.1	N/A	83.590	195	32	0	1	195	1	195	1.56e-120	340
Dm_00002668-RA	AT1G55870.1	N/A	56.661	623	258	4	38	658	36	648	0.0	709
Dm_00002688-RA	AT1G55920.1	N/A	65.060	332	98	2	1	332	1	314	2.75e-150	425
Dm_00002686-RA	AT5G55590.1	N/A	54.660	397	138	4	5	385	10	380	2.33e-137	397
Dm_00002687-RA	AT5G55600.3	N/A	51.948	539	197	7	1	489	11	537	0.0	550
Dm_00005965-RA	AT1G27090.1	N/A	50.131	381	147	10	9	385	1	342	4.51e-109	329
Dm_00006513-RA	AT4G01250.1	N/A	50.000	246	83	10	186	418	80	298	5.46e-62	202
Dm_00005275-RA	AT2G20280.1	N/A	75.000	288	66	3	1	286	1	284	7.38e-148	424
Dm_00005876-RA	AT3G03773.3	N/A	54.054	111	49	2	1	110	3	112	6.12e-35	122
Dm_00005907-RA	AT1G30100.1	N/A	67.418	577	164	4	70	646	36	588	0.0	803
Dm_00005161-RA	AT2G31725.1	N/A	71.910	89	25	0	1	89	1	89	1.12e-43	139
Dm_00006213-RA	AT5G43100.1	N/A	57.096	606	247	5	65	667	30	625	0.0	721
Dm_00010454-RA	AT3G54350.2	N/A	40.211	475	220	17	463	915	244	676	2.45e-75	261
Dm_00013145-RA	AT2G23340.1	N/A	61.392	158	45	4	6	155	20	169	3.85e-53	166
Dm_00005937-RA	AT4G13870.1	N/A	32.796	186	121	2	43	226	95	278	1.41e-24	98.6
Dm_00005935-RA	AT2G40850.1	N/A	47.619	588	245	14	1	571	20	561	3.63e-161	471
Dm_00006184-RA	AT2G17890.1	N/A	71.164	593	117	9	1	571	1	561	0.0	829
Dm_00004852-RA	AT2G21100.2	N/A	60.366	164	63	2	7	169	25	187	2.44e-66	201
Dm_00005898-RA	AT3G62260.1	N/A	58.808	386	124	8	1	355	1	382	3.79e-152	434
Dm_00005897-RA	AT1G02460.1	N/A	70.635	126	37	0	2	127	348	473	3.03e-62	198
Dm_00004877-RA	AT4G39260.3	N/A	81.111	90	17	0	36	125	2	91	4.35e-49	154
Dm_00005618-RA	AT2G28305.1	N/A	65.816	196	67	0	13	208	6	201	6.37e-97	281
Dm_00005620-RA	AT3G63510.1	N/A	73.425	365	96	1	79	442	49	413	0.0	581
Dm_00006125-RA	AT3G28630.1	N/A	53.115	305	119	6	365	657	37	329	1.44e-91	287
Dm_00017087-RA	AT2G29200.2	N/A	53.892	1015	357	27	11	989	22	961	0.0	931
Dm_00018986-RA	AT2G27880.1	N/A	56.471	850	301	15	189	998	177	997	0.0	926
Dm_00013158-RA	AT3G10620.1	N/A	65.445	191	36	1	93	283	56	216	1.79e-87	261
Dm_00012078-RA	AT1G12220.1	N/A	36.102	939	535	18	1	933	1	880	1.76e-170	520
Dm_00013079-RA	AT5G42050.1	N/A	54.670	364	127	6	4	350	6	348	7.71e-114	335
Dm_00013325-RA	AT3G55600.1	N/A	63.071	241	79	4	1	233	2	240	1.44e-98	287
Dm_00013678-RA	AT2G14740.2	N/A	82.550	596	103	1	30	624	24	619	0.0	1063
Dm_00012425-RA	AT4G36670.1	N/A	62.346	486	169	3	5	482	8	487	0.0	627
Dm_00012905-RA	AT1G48405.1	N/A	34.959	246	131	6	1	243	14	233	5.83e-37	134
Dm_00015946-RA	AT1G01910.2	N/A	76.404	356	81	1	1	356	1	353	0.0	551
Dm_00016339-RA	AT1G50460.1	N/A	59.810	525	160	5	25	549	25	498	0.0	612
Dm_00011229-RA	AT4G32010.2	N/A	45.268	634	252	12	4	630	5	550	1.80e-177	523
Dm_00009477-RA	AT5G59700.1	N/A	52.415	828	322	17	68	850	27	827	0.0	775
Dm_00011583-RA	AT5G18110.1	N/A	80.220	182	29	2	101	282	43	217	1.17e-106	309
Dm_00010133-RA	AT1G14300.1	N/A	71.711	304	86	0	3	306	19	322	7.05e-157	443
Dm_00011239-RA	AT3G28917.1	N/A	52.885	104	44	3	1	103	1	100	2.75e-30	103
Dm_00010262-RA	AT3G50360.1	N/A	54.082	196	38	3	4	199	5	148	1.73e-57	181
Dm_00010261-RA	AT4G18690.1	N/A	33.465	254	143	5	30	276	18	252	9.21e-43	148
Dm_00011220-RA	AT4G04920.3	N/A	71.919	1136	274	15	25	1136	106	1220	0.0	1565
Dm_00008952-RA	AT5G19150.2	N/A	78.030	132	26	1	3	131	46	177	9.97e-70	214
Dm_00011518-RA	AT4G01320.1	N/A	82.452	416	73	0	2	417	9	424	0.0	722
Dm_00012101-RA	AT1G50480.1	N/A	84.873	628	95	0	4	631	2	629	0.0	1118
Dm_00012103-RA	AT5G19900.1	N/A	53.067	375	131	12	35	383	3	358	5.68e-100	313
Dm_00018277-RA	AT1G29370.1	N/A	42.568	888	383	31	37	870	17	831	8.85e-163	496
Dm_00018051-RA	AT1G18210.2	N/A	59.184	147	58	2	4	149	8	153	1.48e-60	185
Dm_00016884-RA	AT3G25700.1	N/A	57.500	440	173	4	20	451	18	451	4.33e-178	506
Dm_00018387-RA	AT3G28850.1	N/A	43.574	498	176	17	1	463	1	428	2.45e-102	312
Dm_00018545-RA	AT2G17200.1	N/A	60.746	563	179	9	1	533	1	551	0.0	586
Dm_00018181-RA	AT4G19670.3	N/A	52.446	511	224	9	54	546	20	529	2.16e-172	498
Dm_00003659-RA	AT2G23810.1	N/A	60.886	271	100	2	2	266	3	273	6.19e-124	354
Dm_00003432-RA	AT3G56860.10	N/A	60.880	409	129	10	109	501	85	478	3.82e-151	440
Dm_00003425-RA	AT3G43810.1	N/A	100.000	124	0	0	143	266	26	149	1.60e-86	254
Dm_00003751-RA	AT2G20580.1	N/A	78.009	864	175	2	26	889	39	887	0.0	1357
Dm_00003646-RA	AT2G27860.1	N/A	82.212	416	46	2	4	419	2	389	0.0	721
Dm_00017353-RA	AT1G03520.1	N/A	67.963	437	127	7	3	434	18	446	0.0	623
Dm_00020564-RA	AT1G28280.2	N/A	53.023	215	72	9	40	247	47	239	1.97e-52	170
Dm_00018969-RA	AT2G40095.2	N/A	57.436	195	69	5	2	196	7	187	7.82e-69	209
Dm_00020570-RA	AT2G21150.1	N/A	75.145	346	68	4	1	338	1	336	1.51e-155	439
Dm_00020569-RA	AT4G08520.1	N/A	70.787	178	52	0	103	280	4	181	5.38e-94	275
Dm_00020511-RA	AT1G67580.1	N/A	59.898	788	262	15	1	770	1	752	0.0	829
Dm_00007966-RA	AT5G07900.1	N/A	28.358	335	231	5	64	397	73	399	4.02e-41	152
Dm_00008566-RA	AT5G43130.1	N/A	47.712	612	242	17	362	958	275	823	6.40e-140	439
Dm_00007380-RA	AT2G41900.1	N/A	42.857	770	311	32	1	705	1	706	8.76e-159	476
Dm_00007377-RA	AT5G19450.2	N/A	80.699	544	88	3	1	539	1	532	0.0	909
Dm_00007940-RA	AT5G05980.2	N/A	53.846	364	129	9	4	356	159	494	2.00e-115	349
Dm_00008304-RA	AT3G60540.2	N/A	68.919	74	22	1	3	75	2	75	2.76e-25	91.7
Dm_00007134-RA	AT1G74850.1	N/A	63.515	825	291	5	21	841	25	843	0.0	1110
Dm_00007709-RA	AT2G37035.1	N/A	47.778	450	177	5	42	480	31	433	5.69e-127	376
Dm_00017798-RA	AT2G40610.1	N/A	77.912	249	49	3	9	256	10	253	1.70e-143	402
Dm_00016591-RA	AT2G19680.2	N/A	71.429	119	34	0	5	123	1	119	2.35e-59	179
Dm_00017837-RA	AT1G04300.1	N/A	46.901	1194	475	32	1	1155	1	1074	0.0	832
Dm_00017925-RA	AT3G51790.1	N/A	76.596	188	40	1	64	251	57	240	2.48e-107	311
Dm_00017810-RA	AT3G01170.1	N/A	48.325	209	89	5	1	201	1	198	2.53e-63	197
Dm_00010188-RA	AT2G35360.1	N/A	56.466	232	86	3	4	233	7	225	8.95e-82	244
Dm_00012115-RA	AT1G44350.1	N/A	62.471	437	153	5	51	484	36	464	0.0	526
Dm_00013313-RA	AT3G12630.1	N/A	81.818	66	12	0	78	143	95	160	3.67e-37	125
Dm_00012644-RA	AT1G27430.1	N/A	34.310	1638	847	48	53	1619	12	1491	0.0	629
Dm_00011211-RA	AT2G46060.3	N/A	46.575	803	392	12	9	804	28	800	0.0	709
Dm_00011212-RA	AT4G00330.1	N/A	46.739	184	78	6	31	201	101	277	1.29e-42	149
Dm_00005031-RA	AT5G15010.1	N/A	52.612	536	225	7	85	618	64	572	0.0	564
Dm_00005380-RA	AT1G67370.1	N/A	58.564	613	195	11	36	608	2	595	0.0	650
Dm_00006233-RA	AT5G35930.4	N/A	45.960	792	399	13	37	817	95	868	0.0	652
Dm_00016845-RA	AT3G01990.5	N/A	71.212	396	107	3	2	396	18	407	0.0	573
Dm_00016050-RA	AT1G23390.1	N/A	39.683	378	216	9	39	410	20	391	4.92e-89	276
Dm_00015232-RA	AT4G14740.1	N/A	65.139	502	129	9	1	487	1	471	0.0	565
Dm_00014362-RA	AT2G34640.1	N/A	62.937	429	135	5	93	507	26	444	0.0	523
Dm_00016099-RA	AT4G17615.1	N/A	80.282	213	42	0	1	213	1	213	3.04e-128	360
Dm_00016173-RA	AT1G29380.3	N/A	71.429	84	24	0	106	189	148	231	9.53e-37	132
Dm_00014796-RA	AT2G36460.1	N/A	85.143	350	51	1	10	358	9	358	0.0	606
Dm_00010488-RA	AT4G38580.1	N/A	75.316	158	34	1	1	158	1	153	9.90e-88	253
Dm_00004325-RA	AT3G10020.1	N/A	47.436	156	65	6	7	156	2	146	9.63e-29	103
Dm_00005498-RA	AT3G48900.2	N/A	59.145	421	132	6	1	382	1	420	8.82e-169	486
Dm_00005497-RA	AT3G48890.1	N/A	77.586	174	32	2	1	172	1	169	2.09e-91	268
Dm_00005500-RA	AT5G18580.1	N/A	83.617	470	43	2	14	450	1	469	0.0	808
Dm_00008472-RA	AT4G37750.1	N/A	51.901	526	157	15	1	489	1	467	2.10e-151	450
Dm_00008787-RA	AT3G48195.1	N/A	46.697	666	315	15	321	973	169	807	3.21e-177	540
Dm_00008483-RA	AT2G41620.1	N/A	67.016	858	234	5	1	812	1	855	0.0	1182
Dm_00008484-RA	AT2G26240.1	N/A	64.486	107	38	0	1	107	1	107	7.50e-40	128
Dm_00002312-RA	AT4G18700.1	N/A	80.087	462	83	4	22	476	20	479	0.0	762
Dm_00002293-RA	AT5G60860.1	N/A	91.244	217	19	0	1	217	1	217	5.19e-149	413
Dm_00002296-RA	AT2G34060.1	N/A	55.807	353	135	6	9	361	11	342	1.74e-133	385
Dm_00002311-RA	AT3G58670.4	N/A	58.120	117	40	2	5	121	92	199	5.27e-43	140
Dm_00003277-RA	AT1G70780.1	N/A	56.061	132	57	1	5	135	9	140	2.65e-51	159
Dm_00003274-RA	AT1G70900.1	N/A	64.706	255	75	3	8	262	5	244	1.39e-119	342
Dm_00003258-RA	AT5G07290.1	N/A	56.563	320	116	5	389	702	561	863	1.62e-103	339
Dm_00017254-RA	AT5G47520.1	N/A	65.625	224	21	2	86	256	1	221	1.34e-96	282
Dm_00015098-RA	AT2G30040.1	N/A	50.794	378	144	8	23	395	17	357	8.82e-107	326
Dm_00016390-RA	AT5G10860.1	N/A	75.728	206	41	2	1	197	1	206	4.12e-111	316
Dm_00012207-RA	AT3G62600.1	N/A	84.424	321	48	2	1	320	25	344	0.0	538
Dm_00017304-RA	AT2G06530.2	N/A	80.631	222	24	3	1	221	1	204	1.07e-108	311
Dm_00017587-RA	AT3G57650.1	N/A	68.889	405	106	4	1	403	1	387	0.0	566
Dm_00016421-RA	AT2G17705.1	N/A	73.387	124	33	0	3	126	4	127	1.58e-67	200
Dm_00013342-RA	AT2G41870.1	N/A	50.000	248	104	4	7	247	37	271	4.15e-70	216
Dm_00015199-RA	AT2G04780.2	N/A	62.121	198	72	2	1	197	1	196	4.21e-76	231
Dm_00013394-RA	AT3G25150.1	N/A	42.787	409	210	5	1	388	3	408	2.18e-98	304
Dm_00015205-RA	AT5G66180.1	N/A	57.955	440	131	7	7	445	4	390	4.82e-173	491
Dm_00013993-RA	AT4G14145.1	N/A	81.818	77	14	0	23	99	33	109	1.30e-43	139
Dm_00015137-RA	AT1G73960.1	N/A	55.645	1249	503	15	1	1205	1	1242	0.0	1306
Dm_00020642-RA	AT1G18210.2	N/A	49.693	163	70	2	1	160	1	154	6.46e-51	160
Dm_00020541-RA	AT5G28780.1	N/A	46.763	139	70	2	6	144	179	313	2.01e-32	119
Dm_00013650-RA	AT2G44710.4	N/A	40.102	197	117	1	18	213	195	391	1.52e-46	165
Dm_00013214-RA	AT2G33410.1	N/A	53.616	401	162	6	1	399	1	379	1.12e-111	336
Dm_00011729-RA	AT5G66390.1	N/A	64.412	340	103	1	15	354	12	333	1.22e-165	466
Dm_00003188-RA	AT1G26330.1	N/A	37.313	469	221	18	10	468	9	414	4.39e-63	229
Dm_00003449-RA	AT3G50910.1	N/A	43.133	517	193	17	1	487	1	446	2.81e-97	301
Dm_00003450-RA	AT5G66500.1	N/A	48.614	541	264	5	24	562	1	529	4.75e-173	506
Dm_00003498-RA	AT1G08650.2	N/A	58.527	258	102	4	9	264	15	269	9.74e-107	311
Dm_00014338-RA	AT1G26670.1	N/A	69.388	196	58	2	38	232	28	222	5.58e-94	275
Dm_00012841-RA	AT2G35330.1	N/A	56.342	749	278	14	1	738	28	738	0.0	753
Dm_00014217-RA	AT3G08950.1	N/A	71.090	211	61	0	237	447	124	334	5.93e-114	338
Dm_00014483-RA	AT5G58440.1	N/A	63.972	569	159	10	14	546	11	569	0.0	667
Dm_00013854-RA	AT1G22860.1	N/A	82.162	185	33	0	11	195	800	984	4.63e-107	330
Dm_00019970-RA	AT5G04460.2	N/A	59.174	823	278	16	1	794	1	794	0.0	786
Dm_00020022-RA	AT4G16060.1	N/A	72.398	221	45	1	22	242	85	289	1.47e-118	340
Dm_00020094-RA	AT1G02730.1	N/A	76.436	1201	242	14	1	1180	1	1181	0.0	1826
Dm_00020641-RA	AT3G05560.1	N/A	81.301	123	19	2	1	123	1	119	6.99e-56	170
Dm_00017031-RA	AT2G32120.2	N/A	64.654	563	193	4	1	558	1	562	0.0	764
Dm_00020157-RA	AT4G33670.1	N/A	79.048	315	66	0	9	323	4	318	0.0	526
Dm_00004954-RA	AT2G21440.1	N/A	46.784	855	386	17	99	935	200	1003	0.0	676
Dm_00004960-RA	AT2G16430.2	N/A	70.323	465	135	1	19	483	7	468	0.0	716
Dm_00005054-RA	AT4G01290.2	N/A	35.648	1080	525	37	32	1054	24	990	1.46e-140	447
Dm_00005267-RA	AT2G30170.1	N/A	63.241	253	78	1	17	269	59	296	2.42e-119	343
Dm_00004226-RA	AT3G19184.1	N/A	56.757	222	86	4	1	213	1	221	6.57e-78	236
Dm_00004734-RA	AT4G26860.1	N/A	70.370	243	62	3	1	234	1	242	2.10e-118	338
Dm_00005045-RA	AT5G26110.1	N/A	83.482	224	37	0	1	224	1	224	1.96e-139	397
Dm_00007915-RA	AT4G38970.1	N/A	85.464	399	56	2	1	398	1	398	0.0	702
Dm_00006808-RA	AT5G23960.2	N/A	39.098	532	301	7	539	1058	7	527	4.74e-122	385
Dm_00006805-RA	AT2G33020.1	N/A	38.367	649	365	12	39	681	242	861	1.37e-111	357
Dm_00005991-RA	AT1G54220.2	N/A	64.037	545	176	11	5	535	1	539	0.0	660
Dm_00007025-RA	AT5G56950.1	N/A	63.930	402	117	3	1	402	1	374	9.47e-153	436
Dm_00006205-RA	AT1G07140.1	N/A	75.325	154	34	3	1	151	1	153	8.15e-82	241
Dm_00019083-RA	AT4G15480.1	N/A	58.710	465	189	3	6	469	16	478	0.0	575
Dm_00019668-RA	AT3G30380.1	N/A	64.037	431	116	7	1	426	1	397	0.0	544
Dm_00019606-RA	AT4G00830.6	N/A	63.279	433	146	6	51	475	68	495	0.0	549
Dm_00017891-RA	AT4G14950.1	N/A	70.277	397	117	1	22	417	17	413	0.0	589
Dm_00019502-RA	AT4G17010.1	N/A	51.333	150	53	3	1	147	1	133	2.47e-42	139
Dm_00008365-RA	AT2G30690.2	N/A	41.129	248	118	6	59	303	12	234	1.59e-49	186
Dm_00009892-RA	AT2G29190.2	N/A	60.115	1043	324	23	6	1030	1	969	0.0	1118
Dm_00008803-RA	AT1G13450.1	N/A	54.484	446	141	12	23	450	1	402	2.41e-151	436
Dm_00009298-RA	AT2G41835.1	N/A	55.442	294	97	6	1	275	1	279	2.16e-108	315
Dm_00002903-RA	AT1G61215.1	N/A	37.060	483	230	20	15	446	14	473	7.24e-52	182
Dm_00002397-RA	AT3G24255.5	N/A	34.818	247	155	4	579	820	16	261	9.82e-41	159
Dm_00013212-RA	AT1G77480.2	N/A	51.667	360	172	2	48	406	65	423	8.89e-135	393
Dm_00013350-RA	AT4G33925.1	N/A	65.574	122	42	0	7	128	6	127	1.60e-57	176
Dm_00011529-RA	AT3G55440.1	N/A	72.308	130	28	2	87	216	64	185	9.12e-61	192
Dm_00004940-RA	AT1G80630.1	N/A	40.351	570	316	7	7	570	2	553	4.74e-119	364
Dm_00004927-RA	AT1G15930.1	N/A	80.198	101	20	0	1	101	25	125	1.67e-54	168
Dm_00004147-RA	AT5G04000.1	N/A	62.687	67	25	0	113	179	47	113	6.20e-24	91.3
Dm_00004152-RA	AT3G10300.3	N/A	60.119	336	76	9	26	334	31	335	2.01e-120	350
Dm_00005080-RA	AT1G32330.2	N/A	49.326	519	202	12	66	572	4	473	1.20e-141	420
Dm_00004920-RA	AT1G70420.1	N/A	33.459	266	116	9	84	325	39	267	1.80e-27	108
Dm_00004916-RA	AT1G79040.1	N/A	70.423	142	34	4	1	136	1	140	2.61e-62	187
Dm_00004654-RA	AT1G47670.1	N/A	82.955	528	79	2	1	528	1	517	0.0	876
Dm_00005200-RA	AT5G54940.3	N/A	85.714	112	16	0	1	112	1	112	1.17e-69	204
Dm_00004521-RA	AT2G45850.1	N/A	44.972	358	173	6	1	344	1	348	1.90e-85	262
Dm_00005742-RA	AT1G03080.2	N/A	41.580	1823	934	17	35	1819	1	1730	0.0	1199
Dm_00005488-RA	AT1G31860.1	N/A	60.751	293	102	3	3	295	1	280	1.99e-122	352
Dm_00005491-RA	AT5G63840.1	N/A	73.403	955	212	7	13	962	4	921	0.0	1466
Dm_00006072-RA	AT3G61620.1	N/A	70.632	269	50	3	1	268	1	241	7.78e-131	370
Dm_00010992-RA	AT4G17900.1	N/A	64.490	245	66	5	19	260	1	227	4.13e-110	317
Dm_00010180-RA	AT3G57930.1	N/A	51.408	142	62	4	1	138	1	139	5.87e-26	95.5
Dm_00010176-RA	AT1G73730.1	N/A	50.915	601	246	12	1	590	1	563	0.0	530
Dm_00012441-RA	AT4G01990.1	N/A	38.085	470	283	6	536	1001	34	499	2.78e-100	324
Dm_00011634-RA	AT5G63770.2	N/A	64.051	701	240	7	22	720	22	712	0.0	916
Dm_00014345-RA	AT1G09620.1	N/A	70.561	1087	313	4	5	1091	2	1081	0.0	1607
Dm_00016611-RA	AT3G02700.1	N/A	60.851	235	90	2	1	235	1	233	1.29e-96	283
Dm_00019935-RA	AT2G14580.1	N/A	55.414	157	66	3	13	169	9	161	2.34e-59	182
Dm_00020000-RA	AT1G15140.1	N/A	68.132	273	84	1	1	273	22	291	1.63e-125	365
Dm_00020013-RA	AT5G20540.1	N/A	60.969	392	117	9	1	370	1	378	2.61e-140	404
Dm_00006768-RA	AT1G66230.1	N/A	81.250	144	27	0	26	169	1	144	9.19e-86	259
Dm_00008766-RA	AT3G54810.2	N/A	68.675	83	19	1	288	363	214	296	3.28e-37	137
Dm_00007558-RA	AT4G31140.1	N/A	59.420	483	186	4	5	482	6	483	0.0	609
Dm_00008239-RA	AT5G19690.1	N/A	84.865	740	100	5	186	920	1	733	0.0	1256
Dm_00007599-RA	AT5G05490.1	N/A	36.006	636	310	19	5	607	29	600	1.15e-92	298
Dm_00008038-RA	AT1G56560.1	N/A	77.289	568	100	4	98	665	77	615	0.0	925
Dm_00006624-RA	AT1G43690.1	N/A	58.233	498	134	8	14	498	163	599	0.0	552
Dm_00006308-RA	AT1G24130.1	N/A	48.387	465	186	12	1	464	1	412	9.28e-130	382
Dm_00007186-RA	AT3G21160.1	N/A	78.571	406	79	2	1	398	163	568	0.0	656
Dm_00007734-RA	AT2G26640.1	N/A	82.556	493	86	0	18	510	17	509	0.0	885
Dm_00012925-RA	AT1G01225.1	N/A	38.298	235	127	7	40	263	4	231	5.80e-44	151
Dm_00014819-RA	AT3G13810.5	N/A	79.186	221	40	2	34	248	12	232	7.50e-121	370
Dm_00014413-RA	AT5G28060.1	N/A	83.333	132	22	0	1	132	1	132	1.30e-78	228
Dm_00014767-RA	AT4G35920.1	N/A	66.194	423	132	4	189	603	1	420	0.0	579
Dm_00012532-RA	AT3G12680.1	N/A	57.308	260	95	5	158	415	136	381	4.32e-104	319
Dm_00014326-RA	AT1G12020.1	N/A	40.909	242	104	9	1	220	1	225	4.09e-45	150
Dm_00014782-RA	AT3G12620.1	N/A	62.366	372	134	3	1	370	10	377	2.11e-166	471
Dm_00014785-RA	AT5G12130.2	N/A	76.515	132	16	1	2	133	214	330	1.76e-61	193
Dm_00013568-RA	AT4G34110.1	N/A	64.787	656	197	11	1	649	1	629	0.0	815
Dm_00018007-RA	AT5G11490.1	N/A	78.462	845	171	5	1	838	1	841	0.0	1362
Dm_00019298-RA	AT5G51670.2	N/A	46.444	450	205	6	37	471	37	465	2.55e-129	384
Dm_00019071-RA	AT2G38800.1	N/A	31.681	565	304	14	84	589	71	612	1.61e-56	201
Dm_00015992-RA	AT2G01250.1	N/A	82.700	237	41	0	10	246	6	242	2.39e-145	406
Dm_00019279-RA	AT3G29575.1	N/A	46.454	282	92	7	40	318	5	230	6.58e-64	202
Dm_00019135-RA	AT5G04490.1	N/A	60.335	179	65	1	92	264	124	302	1.86e-76	234
Dm_00019481-RA	AT5G42120.1	N/A	51.325	717	298	15	17	721	13	690	0.0	652
Dm_00019198-RA	AT2G40340.6	N/A	41.311	351	160	12	3	331	12	338	1.54e-68	218
Dm_00018141-RA	AT2G39710.1	N/A	62.413	431	152	7	7	432	16	441	0.0	536
Dm_00018338-RA	AT1G09390.1	N/A	65.266	357	117	4	7	359	15	368	1.52e-175	493
Dm_00018222-RA	AT2G40590.1	N/A	77.381	84	19	0	17	100	30	113	1.97e-42	136
Dm_00018247-RA	AT2G03890.1	N/A	67.069	662	184	9	1	640	1	650	0.0	859
Dm_00018343-RA	AT3G22845.1	N/A	81.773	203	37	0	20	222	12	214	1.05e-128	362
Dm_00013570-RA	AT2G42520.1	N/A	71.799	578	130	8	1	561	1	562	0.0	819
Dm_00014669-RA	AT4G24580.1	N/A	59.389	687	239	10	6	667	49	720	0.0	714
Dm_00013548-RA	AT5G20610.1	N/A	33.061	1222	615	40	77	1159	6	1163	2.32e-149	479
Dm_00012083-RA	AT5G64360.2	N/A	38.964	521	231	16	9	519	17	460	2.64e-97	304
Dm_00011216-RA	AT3G13600.2	N/A	74.603	63	16	0	86	148	508	570	1.26e-26	107
Dm_00011675-RA	AT3G26990.2	N/A	47.173	566	213	12	36	569	1	512	5.15e-145	428
Dm_00011165-RA	AT5G09830.1	N/A	85.000	60	9	0	4	63	21	80	3.32e-34	112
Dm_00013567-RA	AT4G03180.1	N/A	45.355	183	72	4	26	206	22	178	4.13e-37	128
Dm_00010050-RA	AT4G23840.1	N/A	48.551	552	278	4	9	556	2	551	4.72e-158	464
Dm_00010199-RA	AT3G49870.1	N/A	90.761	184	17	0	1	184	1	184	1.53e-124	348
Dm_00015606-RA	AT1G09620.1	N/A	71.809	1089	291	5	8	1092	5	1081	0.0	1651
Dm_00002422-RA	AT4G37270.1	N/A	72.316	708	194	2	113	819	95	801	0.0	1025
Dm_00002420-RA	AT5G67270.1	N/A	60.756	344	102	7	1	327	1	328	9.09e-135	391
Dm_00002852-RA	AT1G70090.2	N/A	70.732	369	104	3	8	373	6	373	0.0	548
Dm_00002541-RA	AT5G01710.1	N/A	62.941	510	179	5	5	507	7	513	0.0	652
Dm_00002586-RA	AT4G02715.1	N/A	40.444	225	89	8	1	204	5	205	1.43e-38	132
Dm_00002583-RA	AT5G28060.1	N/A	76.087	138	19	1	1	138	1	124	1.31e-71	211
Dm_00002278-RA	AT1G22840.1	N/A	86.486	111	15	0	1	111	1	111	3.70e-70	205
Dm_00002103-RA	AT5G27220.1	N/A	25.467	589	380	22	18	584	524	1075	1.17e-23	108
Dm_00002107-RA	AT1G08845.2	N/A	70.370	189	55	1	1	188	46	234	2.16e-94	274
Dm_00008128-RA	AT5G59850.1	N/A	95.968	124	5	0	1	124	1	124	3.10e-87	251
Dm_00007827-RA	AT5G56340.1	N/A	50.000	376	139	9	7	351	6	363	1.22e-106	320
Dm_00007431-RA	AT4G38660.1	N/A	68.201	239	73	2	14	252	13	248	6.64e-115	333
Dm_00007697-RA	AT2G40140.1	N/A	46.237	651	255	21	11	638	19	597	2.16e-179	522
Dm_00008152-RA	AT1G27850.1	N/A	55.094	481	171	8	21	493	1	444	5.21e-129	419
Dm_00010227-RA	AT1G36050.2	N/A	70.339	236	30	1	39	234	151	386	1.26e-117	341
Dm_00007815-RA	AT3G59910.2	N/A	72.034	590	149	6	31	611	24	606	0.0	847
Dm_00008880-RA	AT1G75750.2	N/A	58.095	105	33	2	1	102	1	97	5.52e-26	92.8
Dm_00015873-RA	AT1G01820.1	N/A	80.176	227	45	0	1	227	1	227	2.96e-138	387
Dm_00015764-RA	AT5G03340.1	N/A	91.885	801	59	4	1	797	1	799	0.0	1511
Dm_00015771-RA	AT1G25260.1	N/A	64.681	235	62	2	1	214	1	235	4.52e-102	295
Dm_00000842-RA	AT4G27070.1	N/A	73.876	467	98	3	26	491	32	475	0.0	696
Dm_00000864-RA	AT3G20410.1	N/A	74.164	538	132	4	1	532	1	537	0.0	827
Dm_00000865-RA	AT2G05710.1	N/A	84.755	938	137	2	82	1018	58	990	0.0	1685
Dm_00000858-RA	AT2G13600.1	N/A	35.102	490	276	6	14	465	152	637	1.46e-99	313
Dm_00000575-RA	AT5G27490.1	N/A	78.292	281	53	2	48	321	3	282	4.90e-162	453
Dm_00000587-RA	AT1G09020.1	N/A	70.348	489	123	3	1	470	1	486	0.0	691
Dm_00000618-RA	AT5G27820.1	N/A	75.510	98	24	0	1	98	1	98	1.45e-49	155
Dm_00000609-RA	AT3G05500.1	N/A	60.833	240	90	1	5	244	8	243	4.73e-99	289
Dm_00000608-RA	AT4G15800.1	N/A	57.627	118	35	5	6	121	11	115	9.55e-38	124
Dm_00001135-RA	AT4G19390.2	N/A	36.567	134	71	3	1	120	51	184	8.37e-27	98.6
Dm_00003725-RA	AT1G79930.1	N/A	78.772	782	161	2	1	780	1	779	0.0	1280
Dm_00003747-RA	AT1G07540.1	N/A	46.311	488	180	9	274	747	211	630	6.49e-114	358
Dm_00003803-RA	AT1G13980.2	N/A	67.950	1429	445	6	35	1457	15	1436	0.0	1991
Dm_00000436-RA	AT5G13930.1	N/A	66.838	389	128	1	11	398	7	395	0.0	563
Dm_00000446-RA	AT5G53480.1	N/A	81.473	869	161	0	7	875	1	869	0.0	1468
Dm_00001241-RA	AT1G20270.1	N/A	79.167	288	59	1	1	288	1	287	9.64e-174	481
Dm_00001245-RA	AT4G35785.3	N/A	74.390	82	21	0	85	166	69	150	5.19e-41	140
Dm_00001263-RA	AT5G42320.2	N/A	66.995	406	131	2	38	442	27	430	0.0	589
Dm_00001258-RA	AT1G76250.1	N/A	60.700	257	100	1	2	258	176	431	4.19e-115	337
Dm_00001259-RA	AT1G76250.1	N/A	73.333	90	24	0	91	180	88	177	4.59e-39	138
Dm_00000624-RA	AT4G25810.1	N/A	68.683	281	81	5	29	309	10	283	6.88e-143	404
Dm_00000638-RA	AT1G16650.1	N/A	52.564	546	228	10	6	549	5	521	0.0	529
Dm_00015419-RA	AT5G41760.2	N/A	38.095	252	145	4	27	269	18	267	4.48e-45	155
Dm_00016664-RA	AT2G33500.2	N/A	33.958	427	157	17	24	437	12	326	9.96e-49	176
Dm_00009768-RA	AT3G57120.1	N/A	52.910	378	151	7	62	420	87	456	6.55e-129	380
Dm_00009770-RA	AT5G05210.1	N/A	47.135	384	152	9	23	370	14	382	1.82e-84	262
Dm_00009853-RA	AT4G29330.2	N/A	55.963	109	22	1	1	83	98	206	1.11e-31	113
Dm_00012004-RA	AT3G58530.1	N/A	53.015	398	124	4	18	415	19	353	2.78e-139	402
Dm_00012539-RA	AT4G38430.1	N/A	60.755	609	176	15	1	607	1	548	0.0	646
Dm_00012190-RA	AT1G51730.1	N/A	49.606	254	60	7	22	271	63	252	1.16e-46	157
Dm_00016651-RA	AT2G36620.1	N/A	84.076	157	25	0	1	157	1	157	2.54e-86	250
Dm_00016627-RA	AT4G09730.1	N/A	62.654	648	189	11	23	664	18	618	0.0	739
Dm_00015351-RA	AT1G72820.1	N/A	75.358	349	77	4	1	346	1	343	0.0	522
Dm_00014066-RA	AT1G29500.1	N/A	48.438	128	59	3	1	127	1	122	1.10e-35	120
Dm_00016671-RA	AT1G21450.1	N/A	59.965	567	184	12	8	550	46	593	0.0	657
Dm_00015134-RA	AT4G02280.1	N/A	82.099	486	86	1	1	485	78	563	0.0	845
Dm_00001629-RA	AT4G25800.2	N/A	29.593	713	349	17	3	685	1	590	5.14e-78	261
Dm_00001972-RA	AT5G16520.1	N/A	50.476	630	265	10	8	616	3	606	0.0	614
Dm_00002176-RA	AT1G26690.1	N/A	64.019	214	77	0	1	214	1	214	2.84e-107	307
Dm_00002188-RA	AT1G69390.1	N/A	57.143	238	87	6	1	233	1	228	6.05e-79	237
Dm_00002018-RA	AT3G04470.1	N/A	68.095	630	169	11	1	626	1	602	0.0	812
Dm_00002032-RA	AT1G55020.1	N/A	63.679	848	301	5	27	872	17	859	0.0	1137
Dm_00001549-RA	AT4G13780.1	N/A	70.913	832	180	3	14	825	8	797	0.0	1212
Dm_00001545-RA	AT2G18400.1	N/A	84.946	93	14	0	1	93	1	93	3.45e-55	167
Dm_00005338-RA	AT5G47390.1	N/A	62.185	357	102	13	1	330	1	351	1.65e-127	369
Dm_00005334-RA	AT4G16720.1	N/A	90.640	203	19	0	14	216	2	204	6.41e-126	354
Dm_00005072-RA	AT4G31160.1	N/A	52.830	1908	644	38	72	1906	47	1771	0.0	1670
Dm_00004986-RA	AT4G04970.1	N/A	66.722	1794	556	14	33	1812	2	1768	0.0	2402
Dm_00006036-RA	AT5G54860.1	N/A	65.726	496	164	2	1	496	1	490	0.0	662
Dm_00006042-RA	AT4G27010.2	N/A	35.815	2767	1433	65	46	2678	17	2574	0.0	1351
Dm_00016821-RA	AT1G70600.1	N/A	88.356	146	17	0	1	146	1	146	1.16e-92	265
Dm_00012636-RA	AT1G10370.1	N/A	71.028	107	30	1	4	110	2	107	2.91e-48	155
Dm_00011577-RA	AT4G14130.1	N/A	64.784	301	84	4	21	318	5	286	1.01e-138	394
Dm_00012261-RA	AT4G25490.1	N/A	60.317	189	66	5	68	248	26	213	1.41e-64	200
Dm_00012260-RA	AT5G51990.1	N/A	54.884	215	83	3	39	251	20	222	3.75e-70	215
Dm_00010398-RA	AT1G72510.2	N/A	53.216	171	67	5	1	164	1	165	1.59e-53	167
Dm_00019617-RA	AT3G25530.1	N/A	76.125	289	69	0	4	292	1	289	5.00e-163	455
Dm_00018536-RA	AT3G54200.1	N/A	47.407	135	68	3	31	164	75	207	8.64e-33	117
Dm_00004423-RA	AT1G31730.1	N/A	66.837	980	236	15	1	934	1	937	0.0	1250
Dm_00001225-RA	AT1G04760.2	N/A	78.082	219	40	1	1	211	1	219	8.38e-125	352
Dm_00001938-RA	AT1G16020.1	N/A	54.450	573	190	6	7	576	2	506	0.0	622
Dm_00001947-RA	AT1G24620.1	N/A	68.310	142	44	1	1	141	35	176	3.53e-63	192
Dm_00001952-RA	AT5G25060.1	N/A	68.265	980	258	15	110	1077	5	943	0.0	1228
Dm_00002337-RA	AT3G15920.1	N/A	40.227	706	337	14	5	668	91	753	8.44e-136	416
Dm_00019678-RA	AT5G09810.1	N/A	98.408	377	6	0	1	377	1	377	0.0	772
Dm_00019497-RA	AT3G11820.2	N/A	72.835	254	69	0	26	279	4	257	2.10e-133	381
Dm_00020324-RA	AT3G25400.1	N/A	61.864	118	45	0	2	119	5	122	3.96e-48	151
Dm_00020358-RA	AT1G48830.1	N/A	73.298	191	51	0	1	191	1	191	4.27e-105	300
Dm_00020363-RA	AT4G22350.2	N/A	70.662	559	132	7	11	563	6	538	0.0	741
Dm_00020237-RA	AT4G08690.3	N/A	60.339	295	110	4	49	341	11	300	1.94e-127	368
Dm_00001837-RA	AT1G54490.1	N/A	53.211	109	51	0	1	109	361	469	1.04e-35	129
Dm_00001446-RA	AT4G27450.1	N/A	62.313	268	83	3	1	268	1	250	5.66e-118	338
Dm_00001455-RA	AT2G18390.1	N/A	77.523	218	16	1	1	218	1	185	4.84e-108	308
Dm_00001463-RA	AT1G61080.4	N/A	66.327	294	91	4	573	861	637	927	1.06e-115	375
Dm_00002092-RA	AT4G16600.1	N/A	69.191	383	118	0	1	383	112	494	0.0	577
Dm_00002143-RA	AT5G08565.1	N/A	77.049	61	14	0	1	61	1	61	1.06e-32	108
Dm_00002158-RA	AT2G32070.1	N/A	73.606	269	70	1	1	268	1	269	7.06e-156	435
Dm_00002159-RA	AT5G54830.1	N/A	61.591	880	321	9	1	877	42	907	0.0	1107
Dm_00002154-RA	AT2G25110.1	N/A	65.812	234	60	4	1	234	3	216	2.97e-112	321
Dm_00002165-RA	AT5G11000.1	N/A	43.434	396	182	12	24	388	3	387	5.36e-74	235
Dm_00002157-RA	AT2G39960.1	N/A	68.421	190	48	1	1	178	1	190	7.02e-92	266
Dm_00001804-RA	AT1G09210.1	N/A	81.543	363	67	0	3	365	1	363	0.0	599
Dm_00006952-RA	AT2G03890.1	N/A	65.361	664	190	15	1	638	1	650	0.0	828
Dm_00009208-RA	AT3G50845.1	N/A	58.376	197	39	3	1	197	1	154	7.03e-72	215
Dm_00009207-RA	AT4G36630.1	N/A	68.900	1000	297	7	1	996	1	990	0.0	1417
Dm_00007183-RA	AT1G51700.1	N/A	48.795	166	64	3	9	166	22	174	3.22e-44	147
Dm_00008477-RA	AT5G11900.1	N/A	75.556	180	34	1	1	170	1	180	1.15e-96	278
Dm_00009636-RA	AT1G51580.1	N/A	35.039	645	363	19	46	682	21	617	4.12e-95	307
Dm_00016379-RA	AT2G44600.1	N/A	35.714	378	160	17	1	360	1	313	5.83e-44	154
Dm_00014515-RA	AT3G13870.2	N/A	63.073	436	130	5	16	442	301	714	0.0	559
Dm_00017320-RA	AT1G13960.1	N/A	53.945	545	199	18	1	524	1	514	2.25e-159	463
Dm_00008102-RA	AT2G03440.1	N/A	43.750	144	62	3	22	164	62	187	2.50e-24	94.0
Dm_00014366-RA	AT4G27670.1	N/A	41.304	184	81	5	26	209	71	227	1.26e-39	135
Dm_00013017-RA	AT4G04940.1	N/A	68.548	957	237	9	1	951	1	899	0.0	1331
Dm_00013309-RA	AT1G01490.2	N/A	59.155	71	28	1	1	70	1	71	5.80e-26	98.2
Dm_00000467-RA	AT3G53390.1	N/A	66.406	512	150	7	28	522	24	530	0.0	707
Dm_00000488-RA	AT3G57120.1	N/A	50.866	462	190	9	1	446	16	456	5.67e-145	422
Dm_00013162-RA	AT4G23060.1	N/A	54.615	130	39	8	244	363	361	480	2.28e-25	107
Dm_00015545-RA	AT3G55220.1	N/A	86.881	1212	157	2	1	1211	1	1211	0.0	2214
Dm_00012338-RA	AT1G78300.1	N/A	88.095	252	29	1	4	254	3	254	7.33e-163	451
Dm_00014758-RA	AT1G35140.1	N/A	72.727	66	18	0	94	159	244	309	4.84e-29	108
Dm_00013870-RA	AT5G40950.1	N/A	66.845	187	51	5	3	182	4	186	1.87e-73	220
Dm_00012516-RA	AT2G30720.1	N/A	72.840	405	96	5	1	402	56	449	0.0	594
Dm_00012332-RA	AT1G07070.1	N/A	86.667	105	14	0	1	105	1	105	1.67e-65	194
Dm_00014282-RA	AT2G26570.1	N/A	74.000	150	38	1	4	153	233	381	1.94e-62	205
Dm_00014283-RA	AT2G26570.1	N/A	53.289	152	68	1	1	152	431	579	1.22e-39	142
Dm_00011404-RA	AT4G08950.1	N/A	74.342	152	36	1	1	149	163	314	9.88e-84	248
Dm_00012208-RA	AT5G23960.2	N/A	38.390	534	313	11	19	550	26	545	1.36e-123	374
Dm_00014119-RA	AT1G20696.1	N/A	67.692	130	35	3	1	128	1	125	4.90e-50	156
Dm_00017749-RA	AT3G53540.1	N/A	32.422	512	297	17	4	489	51	539	5.36e-49	184
Dm_00000057-RA	AT2G35980.1	N/A	50.505	198	86	4	1	198	1	186	9.38e-62	199
Dm_00001084-RA	AT2G23690.1	N/A	64.800	125	36	2	1	117	1	125	4.90e-52	163
Dm_00001079-RA	AT2G23450.2	N/A	50.894	727	297	14	1	704	17	706	0.0	693
Dm_00001083-RA	AT4G37235.1	N/A	56.579	152	56	2	11	160	6	149	3.83e-49	155
Dm_00000672-RA	AT1G29195.1	N/A	49.495	198	90	2	3	198	1	190	3.68e-61	189
Dm_00000673-RA	AT3G58630.2	N/A	49.829	293	117	8	17	286	14	299	3.96e-75	233
Dm_00000667-RA	AT4G18780.1	N/A	75.956	994	164	10	1	928	1	985	0.0	1523
Dm_00000698-RA	AT4G18465.1	N/A	74.456	689	164	4	4	682	3	689	0.0	1068
Dm_00000701-RA	AT2G34040.3	N/A	67.758	397	111	4	13	408	12	392	0.0	550
Dm_00001823-RA	AT1G09330.1	N/A	82.418	182	32	0	30	211	5	186	2.04e-111	317
Dm_00001511-RA	AT3G13230.2	N/A	75.688	218	46	2	37	253	4	215	7.75e-124	351
Dm_00001520-RA	AT3G13224.2	N/A	67.347	294	78	6	1	283	1	287	2.67e-111	328
Dm_00001519-RA	AT3G07660.1	N/A	31.957	460	224	25	449	824	293	747	1.11e-29	127
Dm_00001594-RA	AT2G01130.1	N/A	69.831	1064	308	4	163	1220	56	1112	0.0	1534
Dm_00002127-RA	AT2G05630.1	N/A	92.381	105	8	0	3	107	13	117	3.16e-69	203
Dm_00010333-RA	AT5G45340.1	N/A	70.551	472	114	5	3	464	6	462	0.0	684
Dm_00009796-RA	AT1G74840.2	N/A	52.119	236	93	6	10	240	15	235	2.76e-61	194
Dm_00010675-RA	AT4G21090.1	N/A	76.056	142	30	1	48	189	60	197	2.81e-73	219
Dm_00010749-RA	AT1G58110.1	N/A	47.382	382	177	10	1	373	1	367	2.72e-86	266
Dm_00013037-RA	AT1G55620.2	N/A	64.144	806	234	9	50	837	11	779	0.0	983
Dm_00013036-RA	AT2G17390.1	N/A	64.308	325	107	3	12	332	25	344	5.77e-141	402
Dm_00012682-RA	AT5G61170.1	N/A	70.349	172	17	1	11	182	5	142	3.39e-82	240
Dm_00011123-RA	AT4G35230.1	N/A	87.281	456	56	1	49	504	55	508	0.0	848
Dm_00010949-RA	AT4G03210.1	N/A	67.577	293	81	2	8	300	11	289	8.04e-156	437
Dm_00010864-RA	AT5G03340.1	N/A	91.855	798	60	2	9	801	13	810	0.0	1500
Dm_00011643-RA	AT1G03100.1	N/A	67.455	719	230	2	66	780	74	792	0.0	1022
Dm_00011684-RA	AT3G15000.1	N/A	54.321	162	55	4	17	169	11	162	4.56e-44	150
Dm_00012193-RA	AT3G30390.2	N/A	65.227	463	150	6	1	458	1	457	0.0	593
Dm_00001189-RA	AT5G04170.1	N/A	68.050	241	54	4	5	227	119	354	3.06e-109	318
Dm_00001205-RA	AT5G59240.1	N/A	79.787	188	20	1	20	207	27	196	3.01e-107	307
Dm_00000013-RA	AT4G11150.1	N/A	72.653	245	48	3	1	244	1	227	8.07e-118	336
Dm_00000028-RA	AT3G56340.1	N/A	77.647	85	18	1	101	184	32	116	4.78e-39	132
Dm_00000048-RA	AT5G05350.1	N/A	41.935	310	164	3	31	336	148	445	2.85e-73	238
Dm_00000052-RA	AT2G38470.1	N/A	62.452	261	60	4	254	488	178	426	2.43e-97	320
Dm_00017695-RA	AT1G13680.1	N/A	61.837	283	101	1	3	285	71	346	1.06e-131	377
Dm_00017562-RA	AT3G02070.2	N/A	77.070	157	36	0	66	222	2	158	1.98e-83	248
Dm_00017343-RA	AT3G11410.1	N/A	51.843	407	123	9	5	399	1	346	1.89e-127	375
Dm_00017554-RA	AT5G64130.1	N/A	66.990	103	20	2	1	103	1	89	3.13e-39	127
Dm_00017651-RA	AT1G14860.1	N/A	61.212	165	57	2	8	171	1	159	1.87e-64	197
Dm_00017582-RA	AT3G24315.1	N/A	62.373	295	106	3	1	292	1	293	3.10e-123	354
Dm_00019398-RA	AT1G29500.1	N/A	48.438	128	59	3	1	127	1	122	1.10e-35	120
Dm_00015696-RA	AT5G51910.2	N/A	50.400	250	90	10	77	312	50	279	1.89e-62	201
Dm_00014690-RA	AT5G10280.1	N/A	67.265	223	65	4	1	217	1	221	4.01e-105	311
Dm_00016481-RA	AT3G52300.1	N/A	85.799	169	23	1	1	169	1	168	2.00e-103	294
Dm_00016274-RA	AT4G30100.1	N/A	61.677	1336	429	23	1	1314	1	1275	0.0	1568
Dm_00016527-RA	AT1G05500.1	N/A	63.368	576	178	5	1	559	1	560	0.0	758
Dm_00003868-RA	AT2G27470.1	N/A	72.222	90	25	0	11	100	6	95	2.37e-42	142
Dm_00003870-RA	AT4G39200.2	N/A	72.951	122	18	1	1	122	1	107	4.79e-45	142
Dm_00004018-RA	AT4G08950.1	N/A	68.372	215	62	3	45	257	35	245	1.76e-102	301
Dm_00004017-RA	AT2G16460.1	N/A	72.396	192	53	0	64	255	39	230	1.06e-97	285
Dm_00004014-RA	AT4G39010.1	N/A	72.093	473	132	0	23	495	22	494	0.0	722
Dm_00003797-RA	AT5G35430.1	N/A	44.262	854	389	20	3	845	1	778	0.0	608
Dm_00003786-RA	AT1G15710.1	N/A	62.195	328	123	1	38	365	19	345	2.10e-153	437
Dm_00004062-RA	AT2G34480.2	N/A	89.655	174	14	1	196	365	44	217	2.16e-111	324
Dm_00003378-RA	AT2G36880.1	N/A	90.933	386	35	0	1	386	1	386	0.0	718
Dm_00004140-RA	AT1G33140.1	N/A	85.052	194	29	0	1	194	1	194	3.81e-120	338
Dm_00004252-RA	AT4G38120.3	N/A	45.798	1190	585	16	8	1169	6	1163	0.0	912
Dm_00020342-RA	AT2G44730.1	N/A	50.909	110	54	0	20	129	57	166	3.58e-31	122
Dm_00019998-RA	AT4G26230.1	N/A	89.524	105	11	0	7	111	6	110	4.60e-64	192
Dm_00001782-RA	AT2G36430.1	N/A	55.374	428	181	7	43	463	22	446	3.73e-164	471
Dm_00001881-RA	AT5G47750.1	N/A	75.468	534	85	10	132	657	91	586	0.0	791
Dm_00001903-RA	AT5G56110.1	N/A	81.675	191	15	1	1	191	1	171	5.50e-112	328
Dm_00001308-RA	AT1G32130.1	N/A	55.575	565	178	12	1	555	1	502	0.0	532
Dm_00001319-RA	AT5G57550.1	N/A	69.149	282	80	4	12	290	5	282	1.28e-145	410
Dm_00001310-RA	AT3G19870.2	N/A	52.286	1159	494	16	2	1150	7	1116	0.0	1129
Dm_00005597-RA	AT1G06410.2	N/A	72.071	845	231	3	1	845	1	840	0.0	1289
Dm_00005593-RA	AT2G42760.1	N/A	51.639	122	46	4	145	253	145	266	3.79e-29	111
Dm_00005944-RA	AT2G23390.2	N/A	55.263	228	86	1	114	325	39	266	2.42e-84	258
Dm_00005189-RA	AT4G15420.2	N/A	63.937	574	191	5	1	572	124	683	0.0	782
Dm_00005302-RA	AT2G16710.1	N/A	81.343	134	25	0	1	134	1	134	8.49e-82	236
Dm_00005463-RA	AT4G22310.1	N/A	76.623	77	18	0	6	82	18	94	8.98e-43	134
Dm_00008104-RA	AT1G69360.1	N/A	30.170	1117	527	45	1	1087	1	894	8.40e-88	303
Dm_00009279-RA	AT1G01225.1	N/A	70.916	251	64	2	1	251	1	242	1.08e-127	363
Dm_00008728-RA	AT1G57860.1	N/A	82.927	164	28	0	1	164	1	164	1.01e-102	291
Dm_00008729-RA	AT5G54730.1	N/A	42.680	806	316	24	26	815	23	698	2.45e-173	519
Dm_00009274-RA	AT3G46210.2	N/A	73.786	206	47	1	1	199	1	206	2.49e-112	320
Dm_00009478-RA	AT2G37980.1	N/A	76.906	446	99	3	22	465	195	638	0.0	725
Dm_00003994-RA	AT3G05625.1	N/A	59.504	242	54	6	21	226	12	245	4.11e-90	266
Dm_00003765-RA	AT5G04460.1	N/A	58.746	909	309	12	9	900	4	863	0.0	903
Dm_00005229-RA	AT5G17230.1	N/A	75.434	403	91	4	27	424	22	421	0.0	607
Dm_00004635-RA	AT2G17220.2	N/A	42.265	362	174	8	3	363	44	371	2.82e-91	280
Dm_00004639-RA	AT2G17220.1	N/A	41.398	372	169	10	3	369	45	372	5.22e-89	274
Dm_00004637-RA	AT2G17220.1	N/A	47.262	347	161	7	3	346	45	372	6.10e-106	317
Dm_00005074-RA	AT5G38840.1	N/A	51.872	721	285	15	36	736	57	735	0.0	627
Dm_00005701-RA	AT5G39820.1	N/A	60.891	202	52	5	14	197	17	209	1.04e-81	253
Dm_00004385-RA	AT3G57400.1	N/A	41.810	464	213	13	79	532	58	474	2.54e-87	278
Dm_00005355-RA	AT2G35680.1	N/A	35.942	345	134	12	1	269	1	334	1.83e-47	161
Dm_00005454-RA	AT4G04910.1	N/A	75.729	754	164	2	3	756	5	739	0.0	1188
Dm_00005448-RA	AT5G17690.2	N/A	52.222	90	42	1	117	206	100	188	3.71e-23	100
Dm_00005681-RA	AT3G04350.1	N/A	61.005	577	206	8	1	568	1	567	0.0	711
Dm_00001688-RA	AT5G50230.1	N/A	67.793	503	162	0	8	510	3	505	0.0	743
Dm_00001702-RA	AT4G24715.1	N/A	46.186	236	114	6	20	253	2	226	4.90e-63	197
Dm_00002066-RA	AT2G17120.1	N/A	48.232	311	148	7	11	315	8	311	1.92e-83	256
Dm_00002065-RA	AT4G38380.2	N/A	50.446	561	207	9	18	568	37	536	2.29e-166	489
Dm_00001760-RA	AT2G36800.1	N/A	27.273	462	283	10	12	436	20	465	2.56e-43	159
Dm_00001645-RA	AT1G45249.1	N/A	51.869	428	143	15	10	416	7	392	7.12e-110	332
Dm_00001839-RA	AT1G54490.2	N/A	55.385	195	49	1	13	207	435	591	3.85e-62	208
Dm_00020310-RA	AT2G43500.10	N/A	48.179	961	375	23	28	931	33	927	0.0	775
Dm_00019517-RA	AT1G79060.1	N/A	47.952	415	148	14	1	402	1	360	1.17e-77	248
Dm_00019614-RA	AT4G33865.1	N/A	92.593	54	4	0	1	54	1	54	2.42e-32	107
Dm_00019359-RA	AT5G02500.1	N/A	90.979	654	49	2	1	647	1	651	0.0	1217
Dm_00019674-RA	AT4G24715.1	N/A	46.186	236	114	6	20	253	2	226	4.90e-63	197
Dm_00012944-RA	AT1G67930.1	N/A	67.551	829	248	7	32	850	15	832	0.0	1061
Dm_00011413-RA	AT1G69750.1	N/A	75.281	89	22	0	15	103	3	91	2.10e-47	148
Dm_00012751-RA	AT4G30620.1	N/A	84.416	77	12	0	24	100	67	143	1.22e-43	141
Dm_00012783-RA	AT5G14050.1	N/A	61.290	558	193	6	4	552	3	546	0.0	680
Dm_00013656-RA	AT5G14680.1	N/A	73.188	138	37	0	54	191	4	141	6.19e-77	228
Dm_00013244-RA	AT2G39950.1	N/A	46.205	606	254	19	74	664	50	598	1.99e-141	430
Dm_00007805-RA	AT5G53860.1	N/A	69.293	368	113	0	24	391	21	388	0.0	562
Dm_00007196-RA	AT1G32470.1	N/A	64.737	190	43	1	16	205	1	166	3.81e-79	234
Dm_00008686-RA	AT5G26742.3	N/A	66.102	118	36	1	104	221	31	144	2.72e-39	145
Dm_00007251-RA	AT4G39670.1	N/A	62.209	172	59	2	21	186	26	197	7.37e-73	219
Dm_00007965-RA	AT1G12680.1	N/A	55.136	477	192	10	5	468	3	470	1.29e-173	496
Dm_00008134-RA	AT3G12390.1	N/A	77.885	208	34	3	6	210	5	203	4.18e-82	243
Dm_00007976-RA	AT1G13980.2	N/A	77.307	1441	313	5	1	1437	1	1431	0.0	2287
Dm_00008147-RA	AT1G75670.3	N/A	49.697	165	71	2	1	165	1	153	2.49e-53	166
Dm_00007438-RA	AT4G33630.3	N/A	47.539	711	326	11	11	702	1	683	0.0	554
Dm_00007877-RA	AT3G12630.1	N/A	54.444	180	56	7	1	174	1	160	2.57e-48	159
Dm_00021005-RA	AT5G09760.1	N/A	69.841	315	94	1	1	315	237	550	6.30e-167	476
Dm_00021132-RA	AT2G21100.2	N/A	60.366	164	63	2	7	169	25	187	2.44e-66	201
Dm_00011712-RA	AT5G20920.3	N/A	68.720	211	65	1	8	217	6	216	7.93e-90	268
Dm_00008772-RA	AT3G58660.1	N/A	58.000	250	103	2	8	255	18	267	5.65e-102	310
Dm_00010291-RA	AT1G22640.1	N/A	71.552	116	33	0	1	116	1	116	2.22e-59	191
Dm_00007858-RA	AT5G20490.3	N/A	71.599	838	217	4	3	821	626	1461	0.0	1206
Dm_00007857-RA	AT5G12020.1	N/A	59.091	154	60	2	139	290	3	155	1.69e-47	156
Dm_00009367-RA	AT1G60170.1	N/A	69.679	498	102	3	1	496	1	451	0.0	625
Dm_00009369-RA	AT1G10550.1	N/A	57.235	311	123	4	20	323	3	310	8.55e-131	375
Dm_00009774-RA	AT3G62200.1	N/A	74.176	182	47	0	2	183	8	189	5.18e-87	286
Dm_00009536-RA	AT1G75500.2	N/A	62.183	394	96	6	1	346	1	389	9.85e-169	475
Dm_00001554-RA	AT4G20780.1	N/A	56.132	212	67	3	13	224	6	191	2.59e-73	221
Dm_00001556-RA	AT5G01960.1	N/A	53.273	443	117	8	1	405	1	391	2.06e-152	438
Dm_00001572-RA	AT5G07400.1	N/A	46.992	1064	477	23	70	1103	15	1021	0.0	868
Dm_00001416-RA	AT3G11330.1	N/A	54.682	534	204	8	2	535	4	499	0.0	521
Dm_00001492-RA	AT4G17560.1	N/A	51.542	227	94	6	9	232	10	223	4.65e-62	194
Dm_00018122-RA	AT5G37510.1	N/A	77.937	766	148	3	1	766	1	745	0.0	1213
Dm_00016850-RA	AT1G01510.1	N/A	66.086	631	207	6	19	645	2	629	0.0	820
Dm_00016655-RA	AT3G57990.1	N/A	33.415	410	196	15	1	376	1	367	3.46e-49	170
Dm_00017927-RA	AT2G32730.1	N/A	81.405	1011	167	10	1	997	1	1004	0.0	1598
Dm_00017787-RA	AT1G60190.1	N/A	40.883	702	387	12	1	692	1	684	2.08e-160	478
Dm_00017605-RA	AT5G38640.1	N/A	63.220	677	183	14	1	665	1	623	0.0	747
Dm_00012778-RA	AT2G37110.1	N/A	54.812	239	92	2	6	241	16	241	5.73e-92	271
Dm_00011781-RA	AT5G47320.1	N/A	64.789	71	21	2	1	70	131	198	7.31e-23	90.5
Dm_00014151-RA	AT3G09060.1	N/A	54.307	685	312	1	1	684	1	685	0.0	791
Dm_00013565-RA	AT4G23030.1	N/A	68.737	483	142	4	24	504	10	485	0.0	598
Dm_00013980-RA	AT3G46510.1	N/A	60.610	688	225	5	1	683	1	647	0.0	810
Dm_00013278-RA	AT3G12620.1	N/A	79.365	63	13	0	6	68	170	232	2.26e-26	99.0
Dm_00013832-RA	AT3G63030.1	N/A	62.238	143	54	0	110	252	21	163	2.27e-65	203
Dm_00013551-RA	AT4G24380.1	N/A	65.106	235	77	3	1	233	1	232	2.18e-114	327
Dm_00007337-RA	AT2G37190.1	N/A	89.634	164	17	0	1	164	1	164	3.45e-105	298
Dm_00006275-RA	AT1G34260.1	N/A	44.459	1516	646	30	324	1827	125	1456	0.0	1138
Dm_00017934-RA	AT5G02850.1	N/A	57.590	415	144	7	66	457	1	406	1.05e-120	360
Dm_00005923-RA	AT3G07490.1	N/A	84.868	152	23	0	1	152	1	152	1.46e-82	240
Dm_00005277-RA	AT5G13090.1	N/A	42.188	256	125	8	48	302	35	268	1.90e-48	163
Dm_00005880-RA	AT1G80840.1	N/A	47.692	325	114	12	1	296	1	298	1.32e-81	249
Dm_00006742-RA	AT1G68580.2	N/A	37.802	746	340	21	22	750	10	648	2.57e-134	412
Dm_00006651-RA	AT3G07660.1	N/A	44.107	823	383	30	2	786	58	841	5.69e-167	504
Dm_00006653-RA	AT4G12710.1	N/A	51.613	248	79	2	24	231	122	368	2.57e-74	231
Dm_00006553-RA	AT3G48160.2	N/A	44.866	448	163	12	18	461	29	396	6.13e-109	328
Dm_00010112-RA	AT3G12800.1	N/A	76.695	236	54	1	2	236	63	298	3.65e-123	352
Dm_00009954-RA	AT4G12570.1	N/A	43.387	620	311	12	30	626	184	786	1.21e-166	498
Dm_00010391-RA	AT2G25970.1	N/A	47.493	678	249	25	1	658	1	591	1.07e-128	394
Dm_00008773-RA	AT3G58760.5	N/A	68.718	390	121	1	79	467	112	501	0.0	555
Dm_00010335-RA	AT5G11090.1	N/A	48.214	224	90	6	1	209	2	214	1.29e-50	163
Dm_00010119-RA	AT1G35660.1	N/A	49.331	1494	612	32	11	1474	27	1405	0.0	1276
Dm_00008368-RA	AT4G13710.1	N/A	78.820	373	79	0	14	386	98	470	0.0	651
Dm_00008976-RA	AT1G58030.1	N/A	57.821	358	115	5	1	332	268	615	2.64e-131	388
Dm_00009483-RA	AT3G11940.2	N/A	77.033	209	45	1	1	209	1	206	2.54e-116	331
Dm_00019708-RA	AT1G52855.1	N/A	75.000	68	17	0	1	68	1	68	2.95e-35	114
Dm_00007174-RA	AT3G55830.1	N/A	49.524	315	133	4	44	335	23	334	2.44e-106	314
Dm_00013239-RA	AT4G39210.1	N/A	66.541	532	166	5	1	531	1	521	0.0	736
Dm_00012164-RA	AT5G46580.1	N/A	55.509	717	299	9	1	712	1	702	0.0	832
Dm_00013550-RA	AT1G43850.1	N/A	58.209	871	249	30	1	832	1	795	0.0	698
Dm_00012597-RA	AT1G14870.1	N/A	61.702	141	53	1	29	168	12	152	4.79e-61	186
Dm_00001337-RA	AT5G51340.1	N/A	55.907	728	275	5	1	684	1	726	0.0	776
Dm_00002233-RA	AT4G15080.1	N/A	52.450	755	282	23	26	761	16	712	0.0	666
Dm_00002000-RA	AT2G02960.4	N/A	76.471	221	45	4	49	266	33	249	2.04e-105	311
Dm_00001997-RA	AT1G09157.1	N/A	53.846	247	86	7	1	223	1	243	1.58e-73	223
Dm_00002003-RA	AT1G26880.1	N/A	90.833	120	11	0	1	120	1	120	5.72e-75	218
Dm_00001996-RA	AT1G14205.1	N/A	51.500	200	55	5	1	194	5	168	4.32e-56	175
Dm_00001993-RA	AT5G39660.1	N/A	39.921	506	208	17	7	467	3	457	2.38e-92	288
Dm_00001622-RA	AT1G15690.1	N/A	81.095	767	133	3	390	1146	6	770	0.0	1261
Dm_00001624-RA	AT3G62560.1	N/A	94.271	192	11	0	1	192	1	192	7.43e-135	375
Dm_00014129-RA	AT1G51080.1	N/A	44.574	258	101	7	41	287	58	284	2.37e-51	170
Dm_00013427-RA	AT1G69760.1	N/A	37.736	212	75	10	4	201	9	177	3.19e-23	91.7
Dm_00013576-RA	AT4G31850.1	N/A	57.610	1071	445	7	47	1111	45	1112	0.0	1249
Dm_00019774-RA	AT3G24050.1	N/A	48.598	214	88	6	7	207	58	262	1.48e-46	155
Dm_00019718-RA	AT1G07350.6	N/A	63.736	91	31	1	28	118	33	121	1.19e-33	116
Dm_00019763-RA	AT5G15490.1	N/A	88.773	481	53	1	1	481	1	480	0.0	904
Dm_00019560-RA	AT2G30020.1	N/A	58.081	396	142	6	1	373	1	395	1.02e-148	426
Dm_00019759-RA	AT2G21870.1	N/A	67.647	238	67	1	1	238	1	228	4.02e-111	319
Dm_00016530-RA	AT5G66740.1	N/A	66.753	388	102	5	1	385	1	364	0.0	538
Dm_00018692-RA	AT1G23750.1	N/A	78.832	137	28	1	1	136	1	137	1.33e-77	226
Dm_00018615-RA	AT3G18690.1	N/A	37.344	241	104	7	1	240	1	195	2.86e-26	102
Dm_00015888-RA	AT5G18150.1	N/A	48.913	92	31	2	1	92	1	76	6.81e-26	91.7
Dm_00018681-RA	AT2G02970.1	N/A	52.098	572	233	8	1	549	1	554	0.0	553
Dm_00016748-RA	AT2G39630.1	N/A	72.642	318	87	0	29	346	16	333	2.90e-176	492
Dm_00018505-RA	AT1G07510.1	N/A	76.963	777	166	6	20	791	45	813	0.0	1200
Dm_00018514-RA	AT1G20140.1	N/A	51.256	199	53	3	14	208	5	163	2.86e-58	181
Dm_00018650-RA	AT5G19790.1	N/A	39.216	255	125	8	31	267	10	252	1.11e-42	146
Dm_00001163-RA	AT5G42950.1	N/A	36.076	1203	610	34	490	1642	416	1509	2.79e-147	496
Dm_00000740-RA	AT2G18940.1	N/A	59.785	838	309	9	1	828	1	820	0.0	1014
Dm_00000749-RA	AT5G57440.1	N/A	77.193	228	52	0	17	244	11	238	5.09e-134	377
Dm_00000764-RA	AT5G57625.1	N/A	66.165	133	45	0	87	219	75	207	6.96e-65	200
Dm_00001740-RA	AT2G16050.1	N/A	72.653	245	59	3	1	240	1	242	5.76e-133	374
Dm_00001351-RA	AT1G27752.1	N/A	47.749	844	297	21	1	750	1	794	0.0	582
Dm_00001353-RA	AT3G01400.1	N/A	75.843	356	80	4	1	355	3	353	0.0	528
Dm_00001363-RA	AT1G27461.1	N/A	40.104	384	185	12	1	369	1	354	7.25e-76	239
Dm_00001369-RA	AT1G19990.1	N/A	60.000	85	31	2	96	179	115	197	2.75e-29	110
Dm_00001873-RA	AT5G63770.2	N/A	68.247	696	215	5	22	716	22	712	0.0	986
Dm_00001876-RA	AT1G74050.1	N/A	67.391	230	44	2	5	204	5	233	4.02e-89	261
Dm_00001880-RA	AT3G52140.1	N/A	63.746	1495	409	19	38	1499	1	1395	0.0	1786
Dm_00001680-RA	AT5G63190.2	N/A	70.391	716	190	5	1	714	1	696	0.0	998
Dm_00020454-RA	AT4G29380.1	N/A	65.528	1552	460	14	1	1537	1	1492	0.0	1966
Dm_00020427-RA	AT3G16770.1	N/A	50.365	137	56	4	1	126	1	136	6.27e-37	132
Dm_00018840-RA	AT3G03280.1	N/A	40.541	185	88	4	1	183	1	165	3.13e-41	137
Dm_00017058-RA	AT5G13200.1	N/A	61.328	256	93	2	7	261	16	266	4.69e-120	345
Dm_00020444-RA	AT3G06050.1	N/A	68.780	205	59	2	1	204	1	201	3.19e-99	286
Dm_00020338-RA	AT2G02080.5	N/A	43.396	530	182	16	34	543	48	479	2.00e-112	345
Dm_00016998-RA	AT5G43270.1	N/A	44.906	265	118	6	1	257	1	245	3.34e-61	199
Dm_00019117-RA	AT3G11260.1	N/A	47.938	194	68	8	15	190	2	180	1.23e-46	151
Dm_00017967-RA	AT4G24660.2	N/A	46.311	244	63	5	74	313	47	226	8.28e-65	204
Dm_00018812-RA	AT5G48810.1	N/A	52.985	134	63	0	1	134	1	134	1.41e-51	160
Dm_00018806-RA	AT1G30480.1	N/A	66.667	399	115	7	1	393	1	387	8.23e-166	470
Dm_00005782-RA	AT1G04250.1	N/A	44.017	234	92	8	1	210	7	225	2.24e-51	166
Dm_00006372-RA	AT2G28000.1	N/A	87.636	461	56	1	102	561	31	491	0.0	811
Dm_00006688-RA	AT4G34340.1	N/A	39.726	365	166	11	36	396	37	351	2.61e-75	238
Dm_00006305-RA	AT3G27550.1	N/A	80.435	322	60	3	58	377	16	336	2.04e-156	456
Dm_00003991-RA	AT3G28210.2	N/A	63.905	169	59	1	1	167	1	169	6.40e-71	213
Dm_00004866-RA	AT2G19330.1	N/A	62.829	304	92	4	16	317	96	380	7.47e-129	373
Dm_00004346-RA	AT5G64260.1	N/A	60.797	301	112	4	15	313	9	305	5.15e-129	370
Dm_00003434-RA	AT4G34700.1	N/A	70.000	80	24	0	2	81	6	85	4.90e-39	125
Dm_00003435-RA	AT4G34710.1	N/A	68.213	733	175	11	1	711	1	697	0.0	983
Dm_00003443-RA	AT5G18030.1	N/A	60.811	74	29	0	23	96	13	86	5.57e-31	105
Dm_00003442-RA	AT2G21210.1	N/A	54.167	96	42	2	21	115	3	97	3.79e-32	108
Dm_00008725-RA	AT1G14400.2	N/A	94.737	152	8	0	4	155	1	152	2.28e-109	308
Dm_00007680-RA	AT1G79400.1	N/A	36.982	868	428	24	7	854	6	774	8.49e-167	504
Dm_00007678-RA	AT4G35730.1	N/A	53.132	431	163	12	1	397	37	462	8.60e-130	381
Dm_00007339-RA	AT3G55640.1	N/A	68.340	259	82	0	62	320	64	322	7.71e-130	375
Dm_00008318-RA	AT1G79090.1	N/A	52.395	689	289	17	38	710	117	782	0.0	636
Dm_00007552-RA	AT1G34750.1	N/A	72.243	263	72	1	5	266	20	282	3.07e-139	393
Dm_00008807-RA	AT5G58470.1	N/A	51.429	315	119	7	156	460	88	378	2.60e-61	206
Dm_00008030-RA	AT5G39360.1	N/A	79.352	247	50	1	11	256	1	247	9.15e-152	423
Dm_00000507-RA	AT4G14990.1	N/A	51.497	835	323	27	2	824	22	786	0.0	708
Dm_00000501-RA	AT3G59080.1	N/A	59.538	519	172	8	48	566	55	535	0.0	610
Dm_00001035-RA	AT4G13360.1	N/A	71.827	394	108	1	42	435	31	421	0.0	597
Dm_00001065-RA	AT2G26695.1	N/A	67.424	132	42	1	5	136	6	136	1.52e-60	183
Dm_00000951-RA	AT5G62000.3	N/A	60.186	859	302	12	1	832	1	846	0.0	1009
Dm_00000968-RA	AT3G48730.1	N/A	84.185	411	65	0	1	411	62	472	0.0	731
Dm_00000977-RA	AT3G27010.1	N/A	48.276	232	83	9	23	236	62	274	8.57e-52	172
Dm_00000991-RA	AT4G30440.1	N/A	83.953	430	65	2	7	436	2	427	0.0	741
Dm_00005971-RA	AT3G02430.1	N/A	52.632	228	92	4	3	230	2	213	2.47e-78	235
Dm_00005580-RA	AT1G06850.1	N/A	57.513	193	62	4	7	199	154	326	3.42e-60	192
Dm_00006071-RA	AT1G69290.1	N/A	63.706	653	216	8	12	650	12	657	0.0	796
Dm_00005751-RA	AT2G43160.2	N/A	48.531	851	306	28	3	778	1	794	0.0	623
Dm_00006228-RA	AT1G07140.1	N/A	80.137	146	28	1	1	146	1	145	2.19e-83	245
Dm_00006219-RA	AT3G45640.1	N/A	82.016	367	66	0	15	381	4	370	0.0	645
Dm_00006390-RA	AT1G06410.2	N/A	75.266	845	205	2	1	845	1	841	0.0	1346
Dm_00006177-RA	AT5G54470.1	N/A	79.167	72	15	0	5	76	6	77	1.31e-37	130
Dm_00005779-RA	AT1G15550.1	N/A	55.224	335	147	2	56	390	23	354	3.98e-130	378
Dm_00008436-RA	AT5G26600.1	N/A	66.435	432	140	2	27	453	43	474	0.0	597
Dm_00009177-RA	AT5G66320.2	N/A	37.184	277	151	7	84	350	54	317	2.28e-37	137
Dm_00009178-RA	AT2G16485.1	N/A	42.530	1091	464	41	140	1151	766	1772	0.0	626
Dm_00009176-RA	AT4G01575.1	N/A	54.762	126	52	3	21	145	23	144	1.02e-41	136
Dm_00010598-RA	AT2G35330.2	N/A	51.837	735	315	15	1	726	1	705	0.0	620
Dm_00002135-RA	AT5G55100.2	N/A	41.412	949	403	33	1	906	1	839	1.21e-164	502
Dm_00001377-RA	AT2G36290.1	N/A	62.865	342	127	0	1	342	17	358	1.07e-165	466
Dm_00001396-RA	AT3G11540.1	N/A	79.640	889	165	5	131	1004	11	898	0.0	1475
Dm_00001397-RA	AT2G36090.1	N/A	40.741	351	154	6	20	370	14	310	7.61e-73	229
Dm_00001717-RA	AT1G25330.1	N/A	71.818	110	23	1	146	255	91	192	8.29e-48	158
Dm_00001846-RA	AT5G50400.2	N/A	78.802	217	46	0	1	217	323	539	8.78e-130	376
Dm_00001860-RA	AT3G48510.1	N/A	39.210	329	144	15	7	316	3	294	7.45e-45	155
Dm_00020676-RA	AT4G14000.1	N/A	53.546	282	93	6	12	278	6	264	2.85e-83	252
Dm_00013840-RA	AT2G45650.1	N/A	53.797	158	57	3	1	158	1	142	3.75e-48	156
Dm_00015155-RA	AT1G49760.1	N/A	71.315	631	165	5	34	653	44	669	0.0	883
Dm_00014266-RA	AT2G43410.2	N/A	37.569	905	409	33	1	865	91	879	1.12e-139	438
Dm_00003486-RA	AT2G46900.1	N/A	53.139	653	272	9	1	645	1	627	0.0	579
Dm_00003903-RA	AT5G53670.1	N/A	36.158	177	88	4	6	166	65	232	2.46e-25	97.8
Dm_00003862-RA	AT5G12010.1	N/A	70.509	373	98	5	138	509	141	502	0.0	555
Dm_00003855-RA	AT4G33050.2	N/A	56.396	555	200	8	38	583	2	523	0.0	575
Dm_00003858-RA	AT2G19460.1	N/A	44.531	128	54	3	1	128	1	111	3.05e-22	88.6
Dm_00004005-RA	AT4G28000.2	N/A	69.607	839	235	10	1	826	1	832	0.0	1151
Dm_00020691-RA	AT4G27190.1	N/A	27.459	925	591	29	104	993	72	951	1.51e-63	234
Dm_00020677-RA	AT4G01870.2	N/A	60.629	668	240	11	3	666	53	701	0.0	825
Dm_00020649-RA	AT5G18750.1	N/A	42.402	533	260	12	565	1086	382	878	7.60e-122	396
Dm_00011074-RA	AT3G12630.1	N/A	52.660	188	50	5	1	177	1	160	1.35e-53	168
Dm_00010410-RA	AT2G33840.1	N/A	79.545	352	67	2	42	393	39	385	0.0	597
Dm_00010326-RA	AT5G35550.1	N/A	51.020	196	82	3	1	194	1	184	1.02e-61	195
Dm_00000526-RA	AT2G44310.1	N/A	36.296	135	83	2	2	133	3	137	6.58e-23	87.8
Dm_00000542-RA	AT5G02450.1	N/A	91.045	67	6	0	2	68	31	97	2.49e-36	117
Dm_00000558-RA	AT1G54690.1	N/A	91.852	135	10	1	6	139	8	142	1.49e-85	246
Dm_00020381-RA	AT1G24490.1	N/A	60.041	493	162	9	30	509	25	495	0.0	528
Dm_00005516-RA	AT1G11580.1	N/A	65.854	205	70	0	230	434	353	557	1.24e-95	298
Dm_00005520-RA	AT4G21770.1	N/A	66.080	398	120	4	8	400	75	462	0.0	564
Dm_00005515-RA	AT1G11580.1	N/A	40.122	329	166	9	10	327	6	314	1.47e-64	219
Dm_00000345-RA	AT2G34480.1	N/A	89.888	178	16	1	1	176	1	178	7.90e-115	332
Dm_00000375-RA	AT1G66150.1	N/A	50.987	861	388	10	31	867	28	878	0.0	828
Dm_00000389-RA	AT1G24620.1	N/A	71.812	149	42	0	54	202	33	181	7.49e-76	226
Dm_00000395-RA	AT1G70710.1	N/A	78.937	489	96	2	15	503	7	488	0.0	800
Dm_00012073-RA	AT4G01950.1	N/A	49.071	538	233	10	33	564	17	519	3.79e-172	498
Dm_00017620-RA	AT4G32810.1	N/A	65.422	509	168	5	71	573	64	570	0.0	728
Dm_00018588-RA	AT5G06560.1	N/A	51.477	474	216	7	1	465	1	469	1.01e-147	434
Dm_00018647-RA	AT4G27280.1	N/A	69.298	114	35	0	4	117	13	126	1.50e-52	162
Dm_00018838-RA	AT2G32450.1	N/A	71.286	801	211	6	3	794	2	792	0.0	1196
Dm_00007301-RA	AT2G26430.1	N/A	66.121	428	120	6	1	427	1	404	0.0	546
Dm_00009195-RA	AT3G07810.1	N/A	68.952	248	70	5	11	255	1	244	9.43e-112	339
Dm_00003526-RA	AT2G29510.1	N/A	31.068	927	492	27	34	936	36	839	3.99e-82	283
Dm_00004201-RA	AT1G01230.1	N/A	81.757	148	27	0	1	148	1	148	8.29e-91	261
Dm_00004204-RA	AT1G01225.1	N/A	69.349	261	50	3	1	257	1	235	8.92e-122	348
Dm_00004336-RA	AT4G27650.1	N/A	48.158	380	183	3	1	368	1	378	4.46e-129	375
Dm_00019769-RA	AT1G72640.1	N/A	51.906	341	97	8	1	329	1	286	4.77e-102	303
Dm_00019215-RA	AT2G25690.1	N/A	35.878	393	159	20	56	442	1	306	1.89e-41	151
Dm_00013933-RA	AT2G47890.1	N/A	41.854	356	149	11	14	338	4	332	3.49e-76	239
Dm_00004414-RA	AT2G01340.1	N/A	51.295	193	73	3	1	193	1	172	5.42e-59	187
Dm_00004102-RA	AT3G60820.1	N/A	79.913	229	40	1	1	229	1	223	1.98e-138	387
Dm_00004106-RA	AT4G08900.1	N/A	89.851	335	31	1	8	339	8	342	0.0	616
Dm_00004485-RA	AT1G23100.1	N/A	75.610	82	20	0	1	82	1	82	1.21e-40	129
Dm_00004033-RA	AT1G10020.1	N/A	64.570	477	128	9	1	455	1	458	0.0	558
Dm_00004126-RA	AT5G59240.1	N/A	84.804	204	23	1	1	204	1	196	2.21e-125	353
Dm_00004129-RA	AT1G50590.1	N/A	67.550	302	89	5	2	294	9	310	9.44e-144	407
Dm_00012060-RA	AT1G48160.1	N/A	71.910	89	24	1	7	94	9	97	1.50e-42	136
Dm_00011931-RA	AT5G40740.1	N/A	67.940	733	219	8	109	830	1	728	0.0	949
Dm_00011899-RA	AT5G08180.2	N/A	75.000	156	37	2	1	154	1	156	2.07e-79	232
Dm_00010555-RA	AT3G02870.1	N/A	71.678	286	60	1	4	289	3	267	1.45e-144	407
Dm_00009117-RA	AT1G56070.1	N/A	90.438	251	24	0	1	251	589	839	5.71e-162	490
Dm_00012014-RA	AT3G09830.3	N/A	62.972	424	95	4	1	413	1	373	0.0	511
Dm_00012846-RA	AT1G74700.1	N/A	68.953	277	86	0	29	305	3	279	1.17e-147	416
Dm_00010445-RA	AT1G71340.1	N/A	53.871	310	105	4	25	300	21	326	2.13e-105	310
Dm_00009956-RA	AT1G48760.3	N/A	68.224	535	166	1	31	565	2	532	0.0	755
Dm_00012267-RA	AT4G26060.1	N/A	64.706	102	30	2	60	155	14	115	6.25e-40	134
Dm_00011811-RA	AT4G13460.1	N/A	60.369	651	233	8	30	661	6	650	0.0	810
Dm_00007618-RA	AT1G70420.1	N/A	33.538	325	131	12	33	351	27	272	4.58e-34	127
Dm_00011025-RA	AT1G13190.1	N/A	46.737	659	236	25	7	640	3	571	7.86e-138	415
Dm_00012938-RA	AT5G35430.1	N/A	44.167	600	275	13	24	613	229	778	4.61e-145	439
Dm_00011848-RA	AT3G44260.1	N/A	71.841	277	62	3	10	283	17	280	1.06e-140	397
Dm_00003242-RA	AT1G60950.1	N/A	61.438	153	48	5	1	148	1	147	1.46e-56	174
Dm_00002870-RA	AT5G63110.1	N/A	73.923	441	79	4	1	441	1	405	0.0	662
Dm_00002880-RA	AT5G05850.1	N/A	56.121	531	199	8	4	530	6	506	0.0	521
Dm_00004084-RA	AT1G71692.1	N/A	87.097	62	8	0	1	62	1	62	8.10e-35	118
Dm_00004492-RA	AT1G65430.1	N/A	70.000	580	145	3	13	576	1	567	0.0	837
Dm_00004360-RA	AT5G52020.1	N/A	52.660	188	78	3	79	265	54	231	2.95e-47	157
Dm_00005141-RA	AT4G13630.1	N/A	66.981	106	35	0	295	400	221	326	1.06e-29	125
Dm_00005135-RA	AT1G04760.2	N/A	85.388	219	32	0	1	219	1	219	1.64e-137	384
Dm_00000651-RA	AT5G11550.1	N/A	44.875	361	134	8	52	405	11	313	5.60e-72	228
Dm_00000261-RA	AT3G09850.1	N/A	39.853	818	352	26	61	825	50	780	6.26e-134	417
Dm_00000264-RA	AT2G15580.1	N/A	44.828	203	97	5	1	196	1	195	3.30e-48	156
Dm_00000265-RA	AT5G04800.3	N/A	81.757	148	20	2	47	194	1	141	1.25e-79	234
Dm_00000275-RA	AT5G23660.1	N/A	42.500	200	99	4	2	201	100	283	1.39e-41	143
Dm_00000283-RA	AT5G50720.1	N/A	71.930	114	32	0	1	114	1	114	1.14e-54	167
Dm_00000295-RA	AT5G50460.1	N/A	92.647	68	5	0	1	68	1	68	1.02e-41	130
Dm_00000296-RA	AT4G24900.1	N/A	43.510	416	162	13	6	351	2	414	3.89e-95	293
Dm_00000301-RA	AT5G50380.1	N/A	56.934	685	233	10	9	657	24	682	0.0	740
Dm_00000303-RA	AT5G63440.2	N/A	87.850	214	26	0	1	214	1	214	5.99e-145	403
Dm_00000316-RA	AT1G13440.1	N/A	86.446	332	45	0	3	334	5	336	0.0	609
Dm_00000520-RA	AT5G65310.2	N/A	47.656	128	65	1	53	180	17	142	1.90e-33	120
Dm_00000519-RA	AT5G40080.1	N/A	73.418	79	18	1	84	162	6	81	4.71e-36	121
Dm_00000524-RA	AT5G28150.1	N/A	59.272	302	107	5	1	299	1	289	4.42e-126	361
Dm_00018680-RA	AT5G05610.1	N/A	77.731	238	52	1	1	237	1	238	3.83e-123	349
Dm_00019080-RA	AT5G24318.2	N/A	52.164	439	204	4	21	453	10	448	1.28e-159	459
Dm_00018428-RA	AT4G28360.1	N/A	54.146	205	54	2	94	261	54	255	1.02e-64	203
Dm_00018574-RA	AT4G31930.1	N/A	52.020	198	95	0	48	245	35	232	1.29e-75	229
Dm_00015022-RA	AT4G08920.1	N/A	75.672	670	139	9	8	668	15	669	0.0	983
Dm_00015080-RA	AT2G06530.2	N/A	86.765	204	26	1	1	203	1	204	3.08e-113	322
Dm_00010189-RA	AT3G20630.1	N/A	73.177	809	189	8	5	798	1	796	0.0	1229
Dm_00014877-RA	AT5G39840.1	N/A	71.214	667	184	4	82	743	103	766	0.0	1004
Dm_00007448-RA	AT3G12160.1	N/A	74.439	223	53	4	1	223	1	219	1.51e-122	347
Dm_00008116-RA	AT5G49820.1	N/A	60.284	282	64	4	7	282	235	474	3.39e-114	338
Dm_00008115-RA	AT5G49820.1	N/A	66.953	233	58	3	32	264	21	234	1.97e-97	294
Dm_00008342-RA	AT5G64250.2	N/A	76.292	329	77	1	4	332	2	329	0.0	516
Dm_00000092-RA	AT3G19360.1	N/A	41.515	330	162	14	48	359	60	376	4.99e-68	219
Dm_00000121-RA	AT1G20225.1	N/A	56.000	200	87	1	23	222	19	217	4.67e-75	236
Dm_00000140-RA	AT1G20510.1	N/A	68.103	232	57	2	6	220	312	543	2.84e-107	319
Dm_00000163-RA	AT1G20823.1	N/A	64.384	146	41	3	18	154	21	164	8.99e-57	177
Dm_00000150-RA	AT1G20560.1	N/A	69.134	554	169	1	1	552	3	556	0.0	806
Dm_00000156-RA	AT1G76360.1	N/A	64.198	243	87	0	35	277	215	457	4.98e-106	318
Dm_00007362-RA	AT2G01570.1	N/A	57.491	574	201	7	26	580	37	586	0.0	638
Dm_00006842-RA	AT3G02050.1	N/A	77.121	778	173	4	11	783	12	789	0.0	1190
Dm_00007129-RA	AT5G04760.1	N/A	68.391	174	44	3	19	192	5	167	4.14e-73	222
Dm_00007942-RA	AT1G22310.2	N/A	36.193	373	168	9	12	316	20	390	4.58e-47	177
Dm_00007060-RA	AT1G62020.1	N/A	79.902	1219	228	5	1	1205	1	1216	0.0	2041
Dm_00013758-RA	AT1G06290.1	N/A	69.099	699	187	4	7	704	4	674	0.0	1018
Dm_00013600-RA	AT4G27410.2	N/A	66.929	254	63	4	1	253	1	234	1.62e-114	335
Dm_00013835-RA	AT2G42490.1	N/A	81.741	471	58	1	44	486	72	542	0.0	803
Dm_00013977-RA	AT3G49800.1	N/A	44.276	463	201	12	1	441	1	428	9.28e-100	307
Dm_00005765-RA	AT3G46220.1	N/A	61.951	820	286	4	1	811	1	803	0.0	994
Dm_00004466-RA	AT5G63940.1	N/A	49.793	723	310	16	39	748	21	703	0.0	614
Dm_00005083-RA	AT5G64816.4	N/A	86.777	121	15	1	23	143	1	120	2.10e-74	218
Dm_00005084-RA	AT5G64813.2	N/A	73.235	340	84	5	2	334	3	342	1.31e-177	495
Dm_00005528-RA	AT1G77810.2	N/A	75.141	354	80	3	12	365	39	384	0.0	563
Dm_00005535-RA	AT1G36990.1	N/A	41.237	582	264	22	1	528	1	558	2.31e-89	286
Dm_00004800-RA	AT1G79550.2	N/A	89.027	401	44	0	1	401	1	401	0.0	717
Dm_00000722-RA	AT5G26990.1	N/A	35.968	253	126	9	1	250	1	220	3.26e-37	130
Dm_00000869-RA	AT5G47230.1	N/A	55.224	201	72	5	178	378	118	300	8.48e-58	190
Dm_00000885-RA	AT4G16720.1	N/A	90.686	204	19	0	1	204	1	204	3.15e-127	357
Dm_00000893-RA	AT4G16650.1	N/A	75.941	478	108	3	45	518	33	507	0.0	746
Dm_00000913-RA	AT4G00150.1	N/A	43.869	367	184	7	443	807	209	555	1.31e-82	275
Dm_00000414-RA	AT5G24630.8	N/A	46.983	232	62	4	175	404	226	398	5.44e-54	185
Dm_00000408-RA	AT5G17210.1	N/A	50.222	225	91	3	2	223	1	207	2.68e-75	226
Dm_00000421-RA	AT5G24460.1	N/A	53.287	289	110	5	23	306	30	298	8.50e-88	265
Dm_00013096-RA	AT3G21670.1	N/A	69.151	577	165	4	1	567	2	575	0.0	776
Dm_00013705-RA	AT1G72300.1	N/A	53.711	1078	462	15	5	1069	27	1080	0.0	1078
Dm_00018077-RA	AT4G30960.1	N/A	73.050	423	109	2	11	428	17	439	0.0	621
Dm_00015937-RA	AT3G15210.1	N/A	60.317	126	38	3	12	128	9	131	1.16e-39	136
Dm_00017763-RA	AT4G23010.1	N/A	75.802	343	79	2	5	343	3	345	0.0	516
Dm_00016296-RA	AT2G41250.1	N/A	81.513	238	43	1	72	309	53	289	3.33e-138	392
Dm_00018034-RA	AT3G26300.1	N/A	40.606	495	258	9	53	541	30	494	1.03e-128	386
Dm_00018068-RA	AT1G50600.3	N/A	63.172	372	137	0	253	624	154	525	1.76e-172	501
Dm_00018073-RA	AT3G22380.3	N/A	38.462	1742	746	76	1	1607	1	1551	0.0	657
Dm_00004175-RA	AT5G41940.1	N/A	62.249	498	169	5	63	558	69	549	0.0	608
Dm_00004182-RA	AT5G47230.1	N/A	43.629	259	104	7	177	418	59	292	3.87e-51	174
Dm_00007763-RA	AT3G21090.1	N/A	60.949	653	205	5	7	648	76	689	0.0	810
Dm_00007764-RA	AT1G51500.1	N/A	79.661	59	12	0	29	87	19	77	2.90e-26	102
Dm_00012480-RA	AT5G62620.1	N/A	60.174	688	205	9	2	637	11	681	0.0	843
Dm_00007260-RA	AT5G13030.1	N/A	80.292	548	104	2	94	637	84	631	0.0	942
Dm_00007263-RA	AT3G45140.1	N/A	55.030	825	354	7	456	1276	85	896	0.0	941
Dm_00007264-RA	AT3G45140.1	N/A	48.348	333	162	5	68	395	136	463	3.81e-106	333
Dm_00006087-RA	AT5G15610.2	N/A	57.639	432	153	2	1	432	1	402	0.0	524
Dm_00005737-RA	AT1G77280.2	N/A	47.051	797	314	21	32	772	5	749	0.0	600
Dm_00016073-RA	AT3G47370.2	N/A	87.931	116	13	1	1	115	1	116	8.88e-70	205
Dm_00016470-RA	AT5G62350.1	N/A	46.369	179	93	2	25	200	21	199	8.35e-54	171
Dm_00015108-RA	AT1G74350.1	N/A	56.124	743	316	5	116	848	9	751	0.0	831
Dm_00017614-RA	AT4G11610.2	N/A	59.494	1027	381	7	1	1013	2	1007	0.0	1266
Dm_00016891-RA	AT3G12620.1	N/A	71.538	390	94	4	3	391	4	377	0.0	573
Dm_00016062-RA	AT1G34370.2	N/A	55.212	518	175	12	3	501	1	480	4.59e-180	515
Dm_00013627-RA	AT5G19550.1	N/A	86.111	72	10	0	4	75	19	90	1.13e-38	133
Dm_00012756-RA	AT1G70370.2	N/A	58.970	641	231	11	7	633	4	626	0.0	748
Dm_00012316-RA	AT2G42430.1	N/A	54.891	184	62	7	2	171	5	181	1.49e-58	184
Dm_00014749-RA	AT1G14610.1	N/A	72.985	918	214	1	96	1013	85	968	0.0	1457
Dm_00014701-RA	AT2G41010.1	N/A	35.366	246	133	9	13	248	9	238	8.87e-28	106
Dm_00007323-RA	AT1G02130.1	N/A	75.000	160	20	2	18	168	25	173	1.71e-77	233
Dm_00007551-RA	AT4G27090.1	N/A	84.615	130	20	0	1	130	1	130	2.71e-75	221
Dm_00007346-RA	AT3G47060.1	N/A	67.354	824	216	16	12	826	22	801	0.0	988
Dm_00016581-RA	AT5G09660.2	N/A	68.627	306	36	2	4	249	5	310	9.10e-138	404
Dm_00001005-RA	AT4G30790.1	N/A	56.059	1147	464	15	47	1168	13	1144	0.0	1207
Dm_00001016-RA	AT5G20870.1	N/A	60.426	470	179	3	243	705	28	497	0.0	578
Dm_00001027-RA	AT1G19210.1	N/A	71.739	92	26	0	8	99	3	94	1.21e-43	145
Dm_00000772-RA	AT5G03620.2	N/A	45.865	133	58	3	5	128	54	181	6.20e-29	112
Dm_00000779-RA	AT2G36320.1	N/A	50.000	178	68	3	1	174	1	161	8.79e-56	173
Dm_00000791-RA	AT2G27530.2	N/A	82.915	199	31	1	1	196	1	199	6.28e-107	306
Dm_00000215-RA	AT5G17170.1	N/A	57.609	276	92	8	1	256	1	271	5.55e-89	265
Dm_00000219-RA	AT3G03140.1	N/A	33.034	557	288	23	361	866	244	766	7.59e-52	195
Dm_00000248-RA	AT4G17900.1	N/A	56.780	236	65	6	36	269	27	227	5.42e-86	256
Dm_00000243-RA	AT4G27630.2	N/A	74.143	321	49	3	32	328	108	418	5.21e-156	447
Dm_00000239-RA	AT1G64970.1	N/A	65.075	335	114	2	19	350	14	348	1.24e-154	438
Dm_00000240-RA	AT5G16690.2	N/A	51.587	252	107	3	79	323	171	414	4.21e-75	249
Dm_00001113-RA	AT3G07360.1	N/A	54.603	478	194	8	1	473	1	460	1.47e-175	501
Dm_00001271-RA	AT2G41140.1	N/A	79.758	578	114	3	10	586	1	576	0.0	953
Dm_00001282-RA	AT3G12600.1	N/A	66.082	171	58	0	1	171	1	171	2.84e-70	211
Dm_00001294-RA	AT3G57080.1	N/A	60.793	227	84	1	1	227	1	222	2.73e-101	293
Dm_00001296-RA	AT5G14800.1	N/A	71.273	275	77	2	1	273	1	275	1.59e-138	391
Dm_00001295-RA	AT2G41380.1	N/A	60.902	266	100	1	1	262	1	266	6.09e-116	333
Dm_00013803-RA	AT3G13920.1	N/A	91.990	412	33	0	1	412	1	412	0.0	794
Dm_00014387-RA	AT5G14580.1	N/A	62.500	1016	323	13	25	1032	22	987	0.0	1219
Dm_00012606-RA	AT5G49700.1	N/A	37.118	229	129	7	81	305	56	273	6.94e-37	133
Dm_00019309-RA	AT5G43700.1	N/A	52.752	218	65	5	1	218	1	180	2.55e-71	215
Dm_00012773-RA	AT3G05840.2	N/A	77.419	403	65	2	1	377	1	403	0.0	653
Dm_00013069-RA	AT5G13930.1	N/A	69.048	294	90	1	1	293	102	395	3.19e-150	426
Dm_00011438-RA	AT3G28630.2	N/A	53.488	172	70	6	1	172	33	194	8.81e-53	181
Dm_00012054-RA	AT3G22430.1	N/A	35.958	381	160	17	9	371	10	324	1.12e-39	148
