Dm_00007450-RA	AT2G06520.1	N/A	72.368	76	20	1	51	126	42	116	1.30e-25	93.6
Dm_00006298-RA	AT4G33580.1	N/A	61.353	207	49	1	13	188	73	279	9.85e-94	277
Dm_00006814-RA	AT1G08480.1	N/A	64.029	139	50	0	10	148	4	142	2.71e-66	198
Dm_00008297-RA	AT1G14520.1	N/A	63.158	152	47	3	1	143	149	300	1.18e-65	202
Dm_00005994-RA	AT4G17180.1	N/A	57.944	107	39	2	31	136	7	108	9.69e-34	122
Dm_00006402-RA	AT5G61480.1	N/A	61.857	991	336	13	55	1027	67	1033	0.0	1199
Dm_00006718-RA	AT5G67190.1	N/A	76.190	105	21	1	11	115	14	114	1.84e-49	161
Dm_00006994-RA	AT2G32950.1	N/A	59.971	687	229	4	1	659	1	669	0.0	833
Dm_00006809-RA	AT4G00710.2	N/A	71.968	503	121	5	70	570	1	485	0.0	743
Dm_00020781-RA	AT2G30360.1	N/A	60.633	442	147	7	11	447	2	421	0.0	535
Dm_00006627-RA	AT2G07050.1	N/A	72.509	542	107	1	2	501	1	542	0.0	846
Dm_00006628-RA	AT2G07050.2	N/A	69.369	111	34	0	13	123	468	578	1.72e-52	175
Dm_00007319-RA	AT4G30440.1	N/A	84.561	421	62	1	7	427	4	421	0.0	736
Dm_00006634-RA	AT5G64500.1	N/A	55.708	219	52	2	1	176	265	481	1.07e-72	227
Dm_00009560-RA	AT2G29890.1	N/A	55.581	430	186	4	5	432	18	444	3.13e-167	494
Dm_00009378-RA	AT5G43410.1	N/A	61.983	121	36	2	7	127	4	114	2.94e-41	134
Dm_00008869-RA	AT4G37080.2	N/A	42.992	635	235	12	121	671	17	608	3.38e-131	400
Dm_00018637-RA	AT4G30900.1	N/A	65.132	304	63	4	94	377	35	315	1.43e-138	397
Dm_00018606-RA	AT2G19830.2	N/A	81.818	220	31	4	1	218	1	213	1.70e-111	318
Dm_00020965-RA	AT5G19220.1	N/A	61.022	372	85	7	1	366	1	318	2.78e-145	421
Dm_00020742-RA	AT1G59780.2	N/A	34.296	277	128	10	91	314	566	841	5.55e-27	112
Dm_00019937-RA	AT3G23980.1	N/A	48.956	527	210	10	43	536	213	713	5.55e-142	426
Dm_00016105-RA	AT1G30540.1	N/A	69.677	310	87	2	24	332	31	334	7.03e-155	441
Dm_00009964-RA	AT5G08130.7	N/A	34.846	617	233	22	1	573	1	492	1.27e-68	231
Dm_00015395-RA	AT5G62310.1	N/A	62.511	1179	377	24	35	1194	30	1162	0.0	1400
Dm_00015597-RA	AT5G11320.1	N/A	68.510	416	106	3	7	422	5	395	0.0	585
Dm_00002524-RA	AT2G38290.1	N/A	66.122	490	130	3	7	496	4	457	0.0	628
Dm_00003388-RA	AT1G45249.1	N/A	46.914	405	147	14	31	392	21	400	9.86e-86	266
Dm_00019115-RA	AT2G44130.1	N/A	44.857	350	176	5	41	385	19	356	3.20e-96	295
Dm_00019244-RA	AT4G12970.1	N/A	82.000	50	8	1	64	112	53	102	9.19e-25	90.5
Dm_00018885-RA	AT1G78590.1	N/A	59.333	300	112	4	9	301	13	309	1.34e-123	356
Dm_00012853-RA	AT1G09910.1	N/A	52.765	669	270	10	33	697	49	675	0.0	723
Dm_00011592-RA	AT4G02330.1	N/A	57.610	611	208	9	7	606	1	571	0.0	704
Dm_00002788-RA	AT1G64600.1	N/A	58.933	431	139	7	13	416	89	508	1.28e-175	501
Dm_00002352-RA	AT1G27700.1	N/A	47.447	333	123	7	1	332	1	282	2.54e-95	285
Dm_00002987-RA	AT3G16500.1	N/A	61.538	182	62	4	149	328	80	255	3.77e-70	220
Dm_00019455-RA	AT3G28470.1	N/A	80.714	140	27	0	1	140	1	140	7.12e-79	243
Dm_00019521-RA	AT2G45150.1	N/A	67.816	348	100	2	71	418	95	430	1.53e-168	479
Dm_00013182-RA	AT5G08565.1	N/A	77.049	61	14	0	1	61	1	61	1.06e-32	108
Dm_00012415-RA	AT5G23670.1	N/A	76.471	527	86	4	35	561	1	489	0.0	815
Dm_00011639-RA	AT5G64040.1	N/A	62.791	172	59	3	1	169	1	170	2.03e-72	216
Dm_00011704-RA	AT1G08410.1	N/A	60.350	628	201	12	1	620	1	588	0.0	715
Dm_00013441-RA	AT5G03820.1	N/A	64.972	354	118	3	12	360	4	356	5.46e-173	485
Dm_00011906-RA	AT3G01680.1	N/A	42.292	733	367	16	67	779	33	729	0.0	590
Dm_00020747-RA	AT5G38460.1	N/A	62.550	502	181	3	68	562	30	531	0.0	650
Dm_00009442-RA	AT5G59830.1	N/A	49.827	289	130	5	259	546	148	422	2.35e-82	263
Dm_00002208-RA	AT2G26770.2	N/A	69.618	497	147	2	1	497	1	493	0.0	709
Dm_00015997-RA	AT5G49690.1	N/A	41.270	441	237	6	4	443	9	428	1.07e-117	353
Dm_00015245-RA	AT1G49230.1	N/A	53.922	204	72	4	48	247	34	219	1.09e-68	211
Dm_00017844-RA	AT2G23360.1	N/A	46.602	412	159	8	97	483	61	436	9.39e-88	299
Dm_00016737-RA	AT3G26000.1	N/A	39.749	478	228	10	1	450	1	446	4.80e-101	311
Dm_00011787-RA	AT1G21580.1	N/A	42.365	812	421	19	1140	1929	1380	2166	2.73e-168	568
Dm_00010563-RA	AT5G62680.1	N/A	54.717	583	239	7	1	573	29	596	0.0	650
Dm_00010628-RA	AT4G36090.2	N/A	68.898	254	79	0	137	390	117	370	4.44e-132	389
Dm_00008505-RA	AT2G46370.4	N/A	63.527	584	202	6	3	583	11	586	0.0	786
Dm_00015843-RA	AT1G17500.2	N/A	72.922	1215	313	7	1	1211	1	1203	0.0	1850
Dm_00016665-RA	AT4G32360.1	N/A	60.202	495	143	7	1	454	1	482	0.0	577
Dm_00015682-RA	AT3G61050.2	N/A	71.731	520	117	5	1	503	1	507	0.0	711
Dm_00016284-RA	AT4G35900.2	N/A	45.729	199	69	11	101	282	62	238	1.02e-29	113
Dm_00002122-RA	AT1G68390.1	N/A	60.870	299	114	2	111	407	109	406	1.41e-134	392
Dm_00003032-RA	AT4G24175.1	N/A	49.362	235	113	2	77	307	70	302	1.40e-64	206
Dm_00002720-RA	AT1G19310.1	N/A	65.789	190	58	4	30	213	21	209	2.01e-83	251
Dm_00017995-RA	AT1G15390.1	N/A	74.757	206	51	1	83	288	64	268	7.89e-112	324
Dm_00017785-RA	AT4G22190.1	N/A	39.541	392	170	14	3	386	55	387	1.96e-51	177
Dm_00018183-RA	AT5G22110.2	N/A	50.939	479	144	8	71	509	18	445	2.69e-150	439
Dm_00018143-RA	AT1G03350.1	N/A	40.681	499	228	11	1	475	1	455	4.13e-90	283
Dm_00005224-RA	AT5G20680.3	N/A	68.103	348	109	2	166	513	204	549	0.0	540
Dm_00005690-RA	AT5G01410.2	N/A	89.389	311	31	2	1	311	1	309	0.0	564
Dm_00005967-RA	AT1G69870.1	N/A	56.743	571	225	11	7	568	60	617	0.0	645
Dm_00015122-RA	AT2G27110.1	N/A	43.089	123	55	2	60	167	196	318	2.72e-24	105
Dm_00016060-RA	AT5G62090.1	N/A	54.978	462	163	10	321	758	286	726	9.58e-153	469
Dm_00013178-RA	AT3G14470.1	N/A	33.871	496	281	13	35	512	39	505	1.12e-68	253
Dm_00015959-RA	AT5G04870.1	N/A	72.268	613	124	7	1	571	1	609	0.0	884
Dm_00006413-RA	AT1G71040.1	N/A	67.130	575	182	4	14	588	13	580	0.0	809
Dm_00008029-RA	AT5G03530.2	N/A	68.675	166	49	2	1	165	47	210	1.39e-80	238
Dm_00006864-RA	AT3G13550.1	N/A	71.341	164	47	0	19	182	19	182	3.08e-88	256
Dm_00019394-RA	AT2G15220.1	N/A	44.444	207	112	2	23	228	19	223	2.80e-54	174
Dm_00014649-RA	AT3G47600.1	N/A	52.408	353	128	6	1	333	1	333	1.56e-111	327
Dm_00015333-RA	AT4G35310.2	N/A	81.514	568	91	6	9	574	1	556	0.0	936
Dm_00002941-RA	AT3G44160.1	N/A	64.000	325	94	3	99	418	47	353	1.93e-141	408
Dm_00002625-RA	AT5G25280.1	N/A	49.102	167	66	6	54	219	71	219	7.74e-41	139
Dm_00002774-RA	AT1G18390.2	N/A	44.741	637	301	14	10	612	5	624	1.70e-167	494
Dm_00002769-RA	AT3G14470.1	N/A	31.109	1019	601	32	35	1019	39	990	1.53e-114	382
Dm_00003048-RA	AT1G79600.1	N/A	78.503	628	135	0	96	723	75	702	0.0	1028
Dm_00003069-RA	AT4G25500.4	N/A	62.626	297	96	8	1	289	1	290	1.05e-96	294
Dm_00006888-RA	AT4G15560.1	N/A	83.008	665	84	1	50	685	52	716	0.0	1140
Dm_00006661-RA	AT5G66080.1	N/A	67.639	377	112	4	4	372	8	382	0.0	528
Dm_00007507-RA	AT4G13410.2	N/A	39.423	312	109	8	1	312	162	393	2.07e-59	196
Dm_00009269-RA	AT1G72680.1	N/A	69.341	349	106	1	9	357	8	355	0.0	506
Dm_00008914-RA	AT3G18990.1	N/A	31.203	266	149	9	7	253	3	253	1.90e-24	100
Dm_00009598-RA	AT5G60910.1	N/A	90.476	63	6	0	1	63	1	63	9.26e-37	122
Dm_00008890-RA	AT5G43940.1	N/A	92.267	375	29	0	35	409	1	375	0.0	728
Dm_00008271-RA	AT2G30370.3	N/A	68.182	66	20	1	141	206	102	166	1.46e-26	100
Dm_00008647-RA	AT5G49720.1	N/A	75.835	629	123	6	4	628	2	605	0.0	952
Dm_00009030-RA	AT4G12910.1	N/A	48.881	268	96	4	1	243	246	497	1.16e-84	261
Dm_00009244-RA	AT5G05980.1	N/A	54.685	523	161	6	15	533	67	517	0.0	537
Dm_00017236-RA	AT1G55340.1	N/A	48.430	223	86	10	16	228	2	205	1.58e-51	166
Dm_00017741-RA	AT5G49230.2	N/A	40.865	208	79	7	5	188	4	191	2.06e-30	110
Dm_00016785-RA	AT5G18590.1	N/A	59.854	685	230	8	38	713	59	707	0.0	785
Dm_00018045-RA	AT3G61460.1	N/A	63.953	172	46	3	1	169	1	159	3.70e-73	218
Dm_00005607-RA	AT2G21540.1	N/A	59.494	553	198	11	42	588	5	537	0.0	660
Dm_00005037-RA	AT1G30040.1	N/A	56.881	327	120	3	42	368	26	331	1.08e-127	370
Dm_00005088-RA	AT4G21170.1	N/A	37.790	561	339	6	9	563	28	584	2.52e-119	365
Dm_00014890-RA	AT5G02710.1	N/A	47.917	192	69	4	4	194	5	166	5.90e-54	175
Dm_00018859-RA	AT1G18740.1	N/A	52.455	387	167	6	9	386	2	380	2.49e-139	402
Dm_00019143-RA	AT1G21740.1	N/A	43.127	1004	410	30	1	903	1	944	0.0	652
Dm_00017680-RA	AT4G38180.1	N/A	28.967	397	205	12	1	321	313	708	5.77e-40	154
Dm_00004600-RA	AT4G15248.1	N/A	46.847	111	38	2	30	140	28	117	2.72e-28	100
Dm_00019972-RA	AT1G09320.1	N/A	38.281	128	79	0	45	172	221	348	3.66e-29	112
Dm_00013255-RA	AT5G02120.1	N/A	80.328	61	12	0	1	61	50	110	7.69e-31	103
Dm_00017678-RA	AT5G04885.2	N/A	67.773	633	185	4	9	640	29	643	0.0	919
Dm_00007747-RA	AT1G61720.1	N/A	66.549	284	92	2	6	288	11	292	9.48e-133	380
Dm_00007748-RA	AT1G11480.1	N/A	39.048	630	294	26	1	592	1	578	5.85e-91	292
Dm_00007752-RA	AT4G27290.1	N/A	47.643	785	393	8	252	1028	7	781	0.0	739
Dm_00007400-RA	AT5G16850.1	N/A	46.392	97	52	0	45	141	937	1033	9.63e-27	106
Dm_00016243-RA	AT1G21830.1	N/A	36.199	221	109	7	7	217	5	203	3.05e-27	103
Dm_00016894-RA	AT5G42300.1	N/A	86.957	69	9	0	1	69	1	69	2.76e-38	125
Dm_00014825-RA	AT2G38970.1	N/A	27.459	488	270	16	131	569	40	492	3.37e-39	153
Dm_00003129-RA	AT3G56740.1	N/A	65.493	284	96	1	52	333	10	293	1.08e-123	357
Dm_00008346-RA	AT3G29280.2	N/A	63.780	127	30	1	5	131	55	165	7.97e-51	160
Dm_00009672-RA	AT2G43140.1	N/A	54.696	181	60	6	28	196	25	195	1.02e-55	177
Dm_00002700-RA	AT1G01040.1	N/A	72.074	1948	447	24	13	1917	13	1906	0.0	2758
Dm_00002711-RA	AT1G72160.1	N/A	55.365	466	169	4	3	466	61	489	0.0	535
Dm_00002712-RA	AT1G72160.1	N/A	48.195	471	215	7	128	593	42	488	1.18e-142	422
Dm_00002707-RA	AT4G09140.1	N/A	70.041	731	192	6	7	720	4	724	0.0	1038
Dm_00002640-RA	AT1G58340.1	N/A	54.661	236	104	1	21	253	265	500	1.36e-88	273
Dm_00003228-RA	AT2G46500.2	N/A	59.931	579	216	6	1	577	1	565	0.0	707
Dm_00002469-RA	AT2G31140.1	N/A	62.069	203	77	0	1	203	1	203	3.80e-95	276
Dm_00002457-RA	AT1G55570.1	N/A	70.758	554	151	4	11	564	11	553	0.0	808
Dm_00009590-RA	AT3G59350.6	N/A	78.771	358	74	2	15	370	54	411	0.0	561
Dm_00010010-RA	AT3G23490.1	N/A	72.222	162	45	0	2	163	3	164	3.36e-88	255
Dm_00010831-RA	AT3G52910.1	N/A	45.714	245	112	8	4	243	144	372	2.28e-47	161
Dm_00014046-RA	AT3G02380.1	N/A	49.883	427	127	19	2	421	1	347	5.38e-114	338
Dm_00014048-RA	AT3G25140.1	N/A	73.832	107	27	1	141	247	421	526	6.55e-53	179
Dm_00014049-RA	AT3G02350.1	N/A	54.795	73	33	0	20	92	18	90	2.51e-21	87.0
Dm_00010027-RA	AT1G34630.2	N/A	65.782	339	86	2	73	411	53	361	6.39e-149	428
Dm_00010549-RA	AT3G07640.1	N/A	41.294	201	115	3	10	209	1	199	4.84e-46	159
Dm_00003363-RA	AT5G66560.1	N/A	58.357	694	225	11	1	657	1	667	0.0	764
Dm_00003671-RA	AT5G24314.1	N/A	52.294	109	49	2	12	119	50	156	1.49e-32	112
Dm_00003135-RA	AT1G54850.1	N/A	50.000	180	84	3	38	215	26	201	1.62e-58	184
Dm_00003695-RA	AT1G04090.1	N/A	54.355	574	203	8	2	522	4	571	0.0	623
Dm_00010642-RA	AT5G66430.1	N/A	38.095	378	200	9	1	369	1	353	9.90e-73	230
Dm_00010235-RA	AT3G48940.1	N/A	76.923	65	15	0	3	67	111	175	4.42e-28	99.0
Dm_00015981-RA	AT2G28380.1	N/A	44.086	372	134	12	85	418	81	416	3.17e-71	231
Dm_00015842-RA	AT3G19810.1	N/A	47.198	339	145	9	5	333	2	316	9.59e-98	292
Dm_00015490-RA	AT2G46290.1	N/A	74.038	208	38	2	11	216	161	354	1.04e-107	314
Dm_00015807-RA	AT4G13020.7	N/A	73.529	238	63	0	1	238	24	261	1.07e-133	382
Dm_00014477-RA	AT4G00430.1	N/A	86.525	282	36	1	2	281	6	287	0.0	501
Dm_00014807-RA	AT3G47610.1	N/A	50.107	467	133	9	5	464	6	379	3.65e-141	411
Dm_00006407-RA	AT5G52520.1	N/A	78.957	556	100	5	2	553	1	543	0.0	899
Dm_00005796-RA	AT2G41710.1	N/A	52.035	344	136	9	1	334	77	401	1.90e-96	292
Dm_00006369-RA	AT2G25430.1	N/A	68.538	677	175	11	1	663	1	653	0.0	834
Dm_00005811-RA	AT2G17820.1	N/A	65.039	778	223	8	523	1296	48	780	0.0	1013
Dm_00012646-RA	AT5G40160.1	N/A	67.553	188	61	0	1	188	125	312	2.62e-94	277
Dm_00011275-RA	AT2G37080.3	N/A	44.127	630	253	14	69	657	10	581	2.73e-136	412
Dm_00013887-RA	AT1G64060.1	N/A	77.922	616	134	2	21	635	330	944	0.0	1023
Dm_00014376-RA	AT4G35790.2	N/A	62.264	901	251	9	1	856	1	857	0.0	1142
Dm_00014040-RA	AT2G14820.2	N/A	56.239	553	213	9	4	542	44	581	0.0	602
Dm_00015296-RA	AT1G17020.1	N/A	56.160	349	146	5	22	364	11	358	4.79e-143	410
Dm_00009700-RA	AT5G19220.1	N/A	75.676	222	42	1	5	226	313	522	7.27e-122	356
Dm_00009755-RA	AT1G78290.3	N/A	76.080	301	67	3	1	301	1	296	1.10e-172	483
Dm_00005937-RA	AT4G13870.1	N/A	32.796	186	121	2	43	226	95	278	1.41e-24	98.6
Dm_00004855-RA	AT4G38690.1	N/A	75.472	318	78	0	1	318	1	318	0.0	526
Dm_00004852-RA	AT2G21100.2	N/A	60.366	164	63	2	7	169	25	187	2.44e-66	201
Dm_00004882-RA	AT4G34490.2	N/A	66.460	483	148	5	1	476	68	543	0.0	632
Dm_00006122-RA	AT3G09920.4	N/A	66.626	821	247	14	1	803	1	812	0.0	1083
Dm_00019265-RA	AT2G16600.1	N/A	51.587	126	37	2	5	106	4	129	1.43e-39	130
Dm_00013158-RA	AT3G10620.1	N/A	65.445	191	36	1	93	283	56	216	1.79e-87	261
Dm_00010372-RA	AT4G20930.1	N/A	68.362	177	56	0	6	182	40	216	1.79e-86	258
Dm_00013079-RA	AT5G42050.1	N/A	54.670	364	127	6	4	350	6	348	7.71e-114	335
Dm_00012425-RA	AT4G36670.1	N/A	62.346	486	169	3	5	482	8	487	0.0	627
Dm_00014185-RA	AT2G37250.1	N/A	59.327	327	84	4	1	321	1	284	1.24e-127	366
Dm_00016161-RA	AT1G07650.2	N/A	43.692	975	372	21	91	905	35	992	0.0	729
Dm_00016160-RA	AT5G19440.1	N/A	67.384	279	89	2	7	284	2	279	5.55e-141	400
Dm_00011229-RA	AT4G32010.2	N/A	45.268	634	252	12	4	630	5	550	1.80e-177	523
Dm_00011228-RA	AT2G30470.1	N/A	47.291	203	75	5	13	213	572	744	6.73e-42	154
Dm_00010133-RA	AT1G14300.1	N/A	71.711	304	86	0	3	306	19	322	7.05e-157	443
Dm_00010603-RA	AT4G10340.1	N/A	82.042	284	45	3	11	293	2	280	3.41e-148	419
Dm_00010061-RA	AT5G36970.1	N/A	41.577	279	127	5	1	277	1	245	4.24e-67	209
Dm_00011344-RA	AT2G17410.3	N/A	51.273	275	99	7	418	690	484	725	1.04e-59	218
Dm_00011963-RA	AT5G06700.1	N/A	53.734	549	193	11	187	720	101	603	0.0	585
Dm_00012112-RA	AT1G64150.1	N/A	54.245	212	57	5	42	248	91	267	5.63e-57	186
Dm_00012495-RA	AT1G63690.1	N/A	57.651	562	122	7	26	522	25	535	0.0	592
Dm_00011983-RA	AT1G42960.1	N/A	56.051	157	53	3	12	156	13	165	8.37e-57	176
Dm_00011516-RA	AT2G46090.1	N/A	77.287	317	72	0	37	353	47	363	0.0	515
Dm_00011517-RA	AT2G46100.1	N/A	73.224	183	44	1	70	252	56	233	1.88e-100	293
Dm_00012098-RA	AT3G58060.2	N/A	64.078	412	125	6	16	414	8	409	0.0	516
Dm_00012001-RA	AT4G38180.1	N/A	43.491	338	184	4	45	377	133	468	2.15e-94	299
Dm_00018104-RA	AT5G50010.1	N/A	33.884	242	115	10	183	417	105	308	7.99e-23	98.6
Dm_00003659-RA	AT2G23810.1	N/A	60.886	271	100	2	2	266	3	273	6.19e-124	354
Dm_00003425-RA	AT3G43810.1	N/A	100.000	124	0	0	143	266	26	149	1.60e-86	254
Dm_00020519-RA	AT3G27180.1	N/A	66.600	500	147	4	5	503	8	488	0.0	689
Dm_00017245-RA	AT1G21680.1	N/A	36.311	694	346	25	7	665	33	665	1.66e-113	358
Dm_00017819-RA	AT3G02310.1	N/A	48.918	231	63	8	8	225	62	250	1.04e-58	186
Dm_00017826-RA	AT5G02250.1	N/A	66.792	801	258	4	1	793	2	802	0.0	1049
Dm_00016221-RA	AT2G39720.1	N/A	49.171	362	143	9	11	341	3	354	1.05e-94	289
Dm_00013314-RA	AT1G51200.4	N/A	53.591	181	67	4	46	217	1	173	2.42e-56	177
Dm_00013232-RA	AT5G26667.2	N/A	87.342	158	20	0	1	158	22	179	2.31e-101	290
Dm_00013234-RA	AT5G26667.2	N/A	83.425	181	28	1	1	181	1	179	1.52e-108	309
Dm_00011928-RA	AT1G07120.1	N/A	47.194	392	170	3	8	399	14	368	6.97e-110	328
Dm_00005060-RA	AT1G51940.1	N/A	57.511	699	216	13	27	714	21	649	0.0	724
Dm_00016146-RA	AT3G12060.1	N/A	44.105	229	114	8	1	220	313	536	6.58e-59	195
Dm_00016148-RA	AT4G05390.1	N/A	77.937	349	76	1	3	350	30	378	0.0	584
Dm_00016174-RA	AT1G29390.2	N/A	55.769	156	62	1	23	178	35	183	3.74e-54	170
Dm_00004321-RA	AT5G42820.1	N/A	61.270	315	74	5	1	302	1	280	1.07e-118	344
Dm_00008055-RA	AT3G16230.13	N/A	54.237	295	112	5	31	321	47	322	7.16e-105	310
Dm_00008092-RA	AT5G38220.1	N/A	69.944	356	87	3	1	356	1	336	0.0	514
Dm_00007345-RA	AT3G12020.1	N/A	65.856	987	267	14	24	1004	29	951	0.0	1171
Dm_00008787-RA	AT3G48195.1	N/A	46.697	666	315	15	321	973	169	807	3.21e-177	540
Dm_00008484-RA	AT2G26240.1	N/A	64.486	107	38	0	1	107	1	107	7.50e-40	128
Dm_00008555-RA	AT1G22380.1	N/A	55.208	480	202	7	15	491	13	482	0.0	547
Dm_00008626-RA	AT1G28490.1	N/A	43.902	164	65	4	5	167	19	156	7.44e-34	120
Dm_00002298-RA	AT4G18550.1	N/A	56.158	406	160	6	27	426	19	412	1.82e-155	446
Dm_00003274-RA	AT1G70900.1	N/A	64.706	255	75	3	8	262	5	244	1.39e-119	342
Dm_00003014-RA	AT5G42520.2	N/A	59.615	312	99	11	14	304	33	338	8.58e-118	343
Dm_00003012-RA	AT1G75620.1	N/A	60.741	540	186	8	34	567	28	547	0.0	664
Dm_00003016-RA	AT3G47560.4	N/A	58.140	258	80	1	53	282	32	289	2.80e-104	306
Dm_00003259-RA	AT5G61910.4	N/A	67.276	602	170	3	1	602	769	1343	0.0	816
Dm_00003246-RA	AT5G23670.1	N/A	76.471	527	86	4	35	561	1	489	0.0	815
Dm_00003249-RA	AT4G25050.1	N/A	64.286	84	30	0	54	137	51	134	4.01e-32	111
Dm_00003255-RA	AT5G13300.1	N/A	55.025	796	302	14	1	757	42	820	0.0	787
Dm_00017206-RA	AT1G79160.1	N/A	36.410	195	77	8	195	371	74	239	4.72e-23	97.1
Dm_00017397-RA	AT3G52030.2	N/A	54.610	423	187	3	8	428	12	431	7.08e-165	473
Dm_00016390-RA	AT5G10860.1	N/A	75.728	206	41	2	1	197	1	206	4.12e-111	316
Dm_00013993-RA	AT4G14145.1	N/A	81.818	77	14	0	23	99	33	109	1.30e-43	139
Dm_00020595-RA	AT4G31530.1	N/A	67.094	234	48	1	111	315	91	324	2.48e-110	323
Dm_00011828-RA	AT3G22060.1	N/A	40.252	159	92	3	60	217	35	191	1.93e-29	110
Dm_00011829-RA	AT4G05200.1	N/A	41.194	653	297	13	9	602	14	638	2.23e-164	485
Dm_00011799-RA	AT4G21440.1	N/A	61.686	261	64	9	1	239	1	247	1.76e-97	295
Dm_00003448-RA	AT5G66470.2	N/A	72.727	319	67	1	2	320	129	427	1.53e-174	490
Dm_00013924-RA	AT1G78700.1	N/A	62.398	367	90	14	1	362	1	324	2.17e-118	346
Dm_00014334-RA	AT5G54250.4	N/A	69.921	635	173	7	99	720	63	692	0.0	907
Dm_00013410-RA	AT2G17760.1	N/A	50.580	431	192	8	54	482	38	449	3.46e-145	426
Dm_00014080-RA	AT5G38970.1	N/A	62.039	461	169	4	2	460	3	459	0.0	589
Dm_00013853-RA	AT1G22860.1	N/A	54.254	811	327	13	8	798	2	788	0.0	795
Dm_00020217-RA	AT1G13170.1	N/A	70.000	830	199	14	1	805	1	805	0.0	1161
Dm_00017586-RA	AT3G55770.5	N/A	78.610	187	35	1	1	187	1	182	4.13e-109	311
Dm_00005418-RA	AT3G61470.1	N/A	90.278	216	20	1	42	256	37	252	1.74e-146	410
Dm_00004907-RA	AT5G26660.1	N/A	52.190	274	123	3	1	266	1	274	4.18e-90	276
Dm_00005267-RA	AT2G30170.1	N/A	63.241	253	78	1	17	269	59	296	2.42e-119	343
Dm_00005045-RA	AT5G26110.1	N/A	83.482	224	37	0	1	224	1	224	1.96e-139	397
Dm_00007024-RA	AT3G04240.1	N/A	83.045	926	157	0	43	968	52	977	0.0	1663
Dm_00007870-RA	AT3G52990.1	N/A	77.442	563	90	2	1	563	1	526	0.0	903
Dm_00014873-RA	AT2G45960.1	N/A	78.704	324	29	2	11	333	1	285	0.0	504
Dm_00016012-RA	AT3G28450.1	N/A	59.222	591	231	5	9	594	16	601	0.0	713
Dm_00007944-RA	AT3G07950.1	N/A	70.306	229	65	1	5	233	46	271	1.04e-117	338
Dm_00002595-RA	AT1G62400.1	N/A	60.135	296	113	2	27	318	51	345	1.30e-128	374
Dm_00002600-RA	AT3G48000.1	N/A	72.727	572	119	6	1	569	1	538	0.0	862
Dm_00002245-RA	AT4G29890.1	N/A	58.028	436	141	4	11	441	2	400	2.50e-173	494
Dm_00017096-RA	AT4G26270.1	N/A	76.139	461	100	3	6	458	5	463	0.0	736
Dm_00012107-RA	AT3G54210.1	N/A	83.077	130	15	1	12	134	82	211	2.02e-75	223
Dm_00013119-RA	AT4G19600.1	N/A	61.967	305	58	4	16	320	12	258	2.11e-117	363
Dm_00014401-RA	AT5G17460.1	N/A	66.445	301	89	3	24	314	11	309	3.11e-133	381
Dm_00004588-RA	AT5G65670.1	N/A	50.904	332	105	4	34	365	31	304	1.99e-96	290
Dm_00004152-RA	AT3G10300.3	N/A	60.119	336	76	9	26	334	31	335	2.01e-120	350
Dm_00004910-RA	AT5G62840.1	N/A	69.836	305	76	5	23	326	7	296	3.31e-147	416
Dm_00004916-RA	AT1G79040.1	N/A	70.423	142	34	4	1	136	1	140	2.61e-62	187
Dm_00005494-RA	AT5G63810.1	N/A	66.957	690	210	4	319	998	58	739	0.0	967
Dm_00005544-RA	AT4G14990.1	N/A	50.060	839	353	19	1	825	1	787	0.0	717
Dm_00006080-RA	AT2G46225.1	N/A	57.092	282	104	5	2	279	30	298	5.04e-99	292
Dm_00009409-RA	AT5G51600.1	N/A	60.982	387	150	1	1	386	1	387	9.88e-157	458
Dm_00015540-RA	AT1G17280.5	N/A	49.242	132	64	2	101	229	105	236	6.89e-38	132
Dm_00007038-RA	AT2G33280.1	N/A	56.108	483	204	2	84	563	61	538	5.28e-180	518
Dm_00008140-RA	AT4G18010.1	N/A	47.724	637	270	11	8	586	12	643	0.0	537
Dm_00007383-RA	AT5G62530.1	N/A	77.535	503	98	3	43	544	23	511	0.0	829
Dm_00013709-RA	AT3G14050.1	N/A	62.912	728	217	14	1	717	9	694	0.0	810
Dm_00014767-RA	AT4G35920.1	N/A	66.194	423	132	4	189	603	1	420	0.0	579
Dm_00017324-RA	AT5G04920.1	N/A	56.098	410	122	9	3	381	11	393	4.21e-147	424
Dm_00019384-RA	AT3G06483.1	N/A	76.374	364	67	5	1	362	1	347	0.0	562
Dm_00019469-RA	AT2G26000.2	N/A	64.096	415	134	5	1	404	1	411	0.0	558
Dm_00017753-RA	AT2G41990.1	N/A	53.939	165	56	7	1	163	1	147	2.76e-39	135
Dm_00017933-RA	AT2G31210.1	N/A	36.861	548	221	22	1	543	1	428	2.40e-75	245
Dm_00018434-RA	AT3G13340.2	N/A	76.998	413	94	1	26	437	30	442	0.0	683
Dm_00018400-RA	AT4G37990.1	N/A	70.739	352	103	0	9	360	5	356	1.89e-174	489
Dm_00013850-RA	AT2G25430.1	N/A	68.750	672	165	13	1	649	1	650	0.0	834
Dm_00011348-RA	AT1G05230.11	N/A	75.558	761	139	13	32	787	1	719	0.0	1136
Dm_00011202-RA	AT1G78240.2	N/A	65.116	688	206	6	24	708	26	682	0.0	944
Dm_00012216-RA	AT3G17510.1	N/A	69.635	438	115	2	9	428	3	440	0.0	610
Dm_00012896-RA	AT5G22000.2	N/A	47.475	297	126	9	25	314	48	321	3.36e-76	238
Dm_00010536-RA	AT3G59350.6	N/A	76.203	395	89	3	5	394	28	422	0.0	593
Dm_00009481-RA	AT2G24150.1	N/A	64.474	76	27	0	38	113	26	101	1.11e-29	112
Dm_00009482-RA	AT4G30850.2	N/A	68.868	212	65	1	14	224	145	356	1.35e-106	311
Dm_00002504-RA	AT3G15810.1	N/A	56.122	196	72	2	35	230	33	214	4.05e-70	215
Dm_00002856-RA	AT1G59940.1	N/A	52.340	235	86	4	7	232	1	218	7.18e-70	214
Dm_00002275-RA	AT2G17480.1	N/A	55.701	535	195	7	4	528	39	541	0.0	553
Dm_00002107-RA	AT1G08845.2	N/A	70.370	189	55	1	1	188	46	234	2.16e-94	274
Dm_00007827-RA	AT5G56340.1	N/A	50.000	376	139	9	7	351	6	363	1.22e-106	320
Dm_00015042-RA	AT4G40042.1	N/A	72.727	77	21	0	1	77	1	77	2.36e-37	124
Dm_00015803-RA	AT4G11970.2	N/A	52.351	319	125	10	7	314	54	356	4.41e-98	296
Dm_00000571-RA	AT1G54830.3	N/A	62.055	253	56	7	1	253	1	213	1.76e-82	246
Dm_00000621-RA	AT3G05580.1	N/A	85.531	311	43	1	2	312	4	312	0.0	557
Dm_00003747-RA	AT1G07540.1	N/A	46.311	488	180	9	274	747	211	630	6.49e-114	358
Dm_00003743-RA	AT2G29050.1	N/A	69.298	342	105	0	36	377	47	388	0.0	510
Dm_00003749-RA	AT5G59480.5	N/A	55.714	280	122	2	48	327	3	280	3.08e-111	325
Dm_00004170-RA	AT4G32320.1	N/A	55.649	239	56	3	37	227	90	326	1.09e-87	263
Dm_00000441-RA	AT4G27720.1	N/A	87.359	443	56	0	1	443	1	443	0.0	811
Dm_00000455-RA	AT5G24270.2	N/A	65.044	226	65	2	6	226	1	217	1.35e-102	296
Dm_00001261-RA	AT1G42430.1	N/A	72.535	426	86	6	19	443	12	407	0.0	598
Dm_00001251-RA	AT1G76160.1	N/A	74.354	542	133	2	17	557	5	541	0.0	841
Dm_00000623-RA	AT1G15520.1	N/A	67.336	1445	448	3	1	1443	1	1423	0.0	2081
Dm_00000622-RA	AT2G25605.1	N/A	88.158	152	18	0	30	181	49	200	1.84e-97	280
Dm_00017239-RA	AT3G07950.1	N/A	67.986	278	82	2	1	278	1	271	1.01e-129	371
Dm_00011905-RA	AT4G38180.1	N/A	32.312	359	156	11	58	345	59	401	1.90e-44	167
Dm_00011681-RA	AT1G01860.1	N/A	62.805	328	118	1	16	343	19	342	6.41e-148	422
Dm_00012960-RA	AT4G17170.1	N/A	79.907	214	30	2	48	255	4	210	4.49e-121	344
Dm_00012699-RA	AT1G35180.1	N/A	62.069	232	83	3	1	229	1	230	1.85e-103	299
Dm_00017189-RA	AT3G23050.2	N/A	58.140	215	60	7	14	213	11	210	2.56e-71	216
Dm_00017039-RA	AT4G00720.1	N/A	83.651	367	59	1	38	403	96	462	0.0	662
Dm_00001634-RA	AT3G05700.1	N/A	45.000	220	83	3	1	183	1	219	5.35e-58	181
Dm_00001628-RA	AT3G58650.1	N/A	30.430	953	472	37	6	915	5	809	7.38e-79	273
Dm_00001975-RA	AT5G16510.2	N/A	67.630	346	110	1	1	346	1	344	0.0	515
Dm_00001980-RA	AT3G47860.1	N/A	63.175	315	108	5	18	328	43	353	2.45e-138	396
Dm_00002185-RA	AT3G29180.1	N/A	68.592	277	86	1	138	413	228	504	6.24e-143	417
Dm_00001540-RA	AT3G23820.1	N/A	74.004	477	96	3	1	469	3	459	0.0	713
Dm_00001545-RA	AT2G18400.1	N/A	84.946	93	14	0	1	93	1	93	3.45e-55	167
Dm_00004628-RA	AT1G13580.2	N/A	72.555	317	78	2	1	317	1	308	3.68e-169	472
Dm_00004619-RA	AT1G13560.1	N/A	89.130	46	5	0	37	82	1	46	2.20e-24	94.4
Dm_00006036-RA	AT5G54860.1	N/A	65.726	496	164	2	1	496	1	490	0.0	662
Dm_00011260-RA	AT4G12830.1	N/A	67.918	293	67	2	11	277	89	380	2.19e-141	403
Dm_00011551-RA	AT2G03800.2	N/A	52.482	423	93	5	1	422	45	360	2.23e-144	416
Dm_00019784-RA	AT1G33260.2	N/A	52.830	318	125	8	54	350	28	341	8.90e-106	315
Dm_00019634-RA	AT5G57020.1	N/A	79.518	415	85	0	134	548	20	434	0.0	716
Dm_00004796-RA	AT1G02850.1	N/A	45.972	211	72	2	40	211	263	470	6.11e-57	187
Dm_00004972-RA	AT5G42400.8	N/A	61.639	305	80	6	1021	1317	1107	1382	8.46e-102	357
Dm_00001225-RA	AT1G04760.2	N/A	78.082	219	40	1	1	211	1	219	8.38e-125	352
Dm_00002331-RA	AT5G57560.1	N/A	62.338	308	91	3	1	308	1	283	1.01e-143	406
Dm_00003897-RA	AT3G49950.1	N/A	54.520	354	131	6	55	407	22	346	1.42e-124	367
Dm_00003595-RA	AT4G26690.1	N/A	54.545	726	318	5	6	729	44	759	0.0	770
Dm_00020324-RA	AT3G25400.1	N/A	61.864	118	45	0	2	119	5	122	3.96e-48	151
Dm_00001445-RA	AT1G60900.1	N/A	66.940	366	95	3	112	451	222	587	1.76e-170	492
Dm_00001447-RA	AT2G47960.1	N/A	65.127	433	139	5	36	458	6	436	0.0	560
Dm_00001453-RA	AT2G20760.1	N/A	69.333	150	46	0	130	279	90	239	3.65e-65	209
Dm_00002083-RA	AT5G47380.5	N/A	53.747	467	196	7	47	495	78	542	6.37e-170	490
Dm_00002147-RA	AT5G08400.2	N/A	68.379	253	55	2	70	298	49	300	1.44e-125	360
Dm_00002146-RA	AT5G08380.1	N/A	78.261	322	69	1	2	323	76	396	0.0	537
Dm_00002143-RA	AT5G08565.1	N/A	77.049	61	14	0	1	61	1	61	1.06e-32	108
Dm_00002164-RA	AT5G25170.1	N/A	62.946	224	74	3	1	221	1	218	4.90e-98	285
Dm_00002166-RA	AT2G25220.2	N/A	59.333	450	152	9	36	474	7	436	8.34e-171	488
Dm_00009689-RA	AT3G50120.1	N/A	42.927	410	163	13	84	447	103	487	1.78e-96	300
Dm_00007053-RA	AT4G40050.1	N/A	59.046	608	221	6	40	643	5	588	0.0	717
Dm_00008101-RA	AT5G61250.3	N/A	52.277	505	221	5	50	536	37	539	0.0	551
Dm_00013526-RA	AT4G34360.1	N/A	68.493	73	22	1	85	157	177	248	1.09e-28	107
Dm_00014364-RA	AT3G26085.3	N/A	50.000	274	118	5	32	289	38	308	8.46e-83	252
Dm_00011873-RA	AT1G10930.1	N/A	60.017	1183	374	27	1	1159	81	1188	0.0	1299
Dm_00000481-RA	AT1G08125.1	N/A	57.764	322	115	5	2	322	5	306	1.14e-121	354
Dm_00000488-RA	AT3G57120.1	N/A	50.866	462	190	9	1	446	16	456	5.67e-145	422
Dm_00000489-RA	AT3G28150.1	N/A	45.874	412	185	13	37	443	35	413	6.45e-111	333
Dm_00015083-RA	AT1G48320.1	N/A	65.035	143	50	0	20	162	8	150	4.33e-71	211
Dm_00013162-RA	AT4G23060.1	N/A	54.615	130	39	8	244	363	361	480	2.28e-25	107
Dm_00015465-RA	AT2G43945.1	N/A	70.270	148	43	1	22	169	79	225	1.21e-67	207
Dm_00013870-RA	AT5G40950.1	N/A	66.845	187	51	5	3	182	4	186	1.87e-73	220
Dm_00014449-RA	AT5G61350.1	N/A	58.283	827	305	17	45	854	24	827	0.0	927
Dm_00013880-RA	AT1G61380.1	N/A	47.289	793	379	11	34	799	25	805	0.0	712
Dm_00014385-RA	AT4G14240.1	N/A	73.643	387	86	4	31	417	91	461	0.0	517
Dm_00014094-RA	AT3G58760.1	N/A	57.172	488	165	4	1	471	3	463	0.0	553
Dm_00012924-RA	AT5G64410.1	N/A	78.133	375	82	0	1	375	354	728	0.0	639
Dm_00012418-RA	AT3G21190.1	N/A	58.195	421	168	5	2	415	3	422	3.62e-179	506
Dm_00009226-RA	AT1G53000.1	N/A	80.370	270	47	1	25	288	12	281	1.97e-159	446
Dm_00000057-RA	AT2G35980.1	N/A	50.505	198	86	4	1	198	1	186	9.38e-62	199
Dm_00000070-RA	AT5G06260.1	N/A	58.726	424	168	6	43	461	1	422	1.08e-179	509
Dm_00001103-RA	AT2G32260.1	N/A	76.451	293	55	5	26	310	28	314	1.10e-159	449
Dm_00001524-RA	AT3G07680.1	N/A	65.686	204	69	1	7	209	5	208	2.10e-99	287
Dm_00001924-RA	AT4G21450.1	N/A	60.000	300	77	4	1	262	1	295	9.21e-120	344
Dm_00001600-RA	AT2G01170.1	N/A	71.368	475	136	0	11	485	13	487	0.0	672
Dm_00001614-RA	AT1G25375.1	N/A	55.696	474	202	3	1	468	1	472	0.0	535
Dm_00002132-RA	AT5G55050.1	N/A	36.444	225	128	5	1	222	146	358	1.01e-47	161
Dm_00010185-RA	AT1G47550.1	N/A	78.773	603	120	6	31	627	81	681	0.0	957
Dm_00009619-RA	AT2G26560.1	N/A	60.000	380	149	1	1	377	3	382	2.64e-169	479
Dm_00012284-RA	AT3G04020.2	N/A	47.280	239	116	5	10	239	2	239	1.47e-64	201
Dm_00001192-RA	AT3G10290.1	N/A	76.119	335	79	1	14	347	19	353	0.0	519
Dm_00001189-RA	AT5G04170.1	N/A	68.050	241	54	4	5	227	119	354	3.06e-109	318
Dm_00000010-RA	AT3G51550.1	N/A	68.018	888	258	10	57	934	24	895	0.0	1204
Dm_00000016-RA	AT1G06840.1	N/A	65.659	364	112	5	150	512	602	953	3.09e-153	462
Dm_00000025-RA	AT1G29690.1	N/A	53.984	615	190	9	4	592	14	561	0.0	638
Dm_00000019-RA	AT5G04930.1	N/A	56.757	1110	398	11	134	1222	40	1088	0.0	1251
Dm_00000036-RA	AT5G58380.1	N/A	64.615	455	146	4	1	444	1	451	0.0	600
Dm_00000046-RA	AT3G08840.7	N/A	57.192	876	266	12	2	874	142	911	0.0	919
Dm_00017655-RA	AT3G51690.1	N/A	39.326	178	103	3	918	1094	96	269	7.16e-33	130
Dm_00017582-RA	AT3G24315.1	N/A	62.373	295	106	3	1	292	1	293	3.10e-123	354
Dm_00014734-RA	AT1G06470.4	N/A	58.394	411	120	5	92	463	11	409	4.51e-157	451
Dm_00016472-RA	AT4G24660.1	N/A	48.611	216	69	4	74	289	46	219	7.66e-60	190
Dm_00003868-RA	AT2G27470.1	N/A	72.222	90	25	0	11	100	6	95	2.37e-42	142
Dm_00003378-RA	AT2G36880.1	N/A	90.933	386	35	0	1	386	1	386	0.0	718
Dm_00001777-RA	AT5G03730.1	N/A	57.909	727	233	15	2	687	1	695	0.0	718
Dm_00001786-RA	AT3G09970.1	N/A	69.408	304	88	2	17	320	4	302	2.46e-163	457
Dm_00001886-RA	AT3G13220.1	N/A	71.676	692	181	5	1	684	1	685	0.0	1004
Dm_00001894-RA	AT5G56040.2	N/A	63.559	1051	346	11	47	1081	27	1056	0.0	1307
Dm_00001307-RA	AT4G23660.1	N/A	70.320	219	41	1	54	272	193	387	1.46e-86	265
Dm_00005956-RA	AT3G11760.1	N/A	57.769	753	233	19	1	727	1	694	0.0	779
Dm_00005957-RA	AT5G06470.1	N/A	54.118	170	68	4	27	191	74	238	1.48e-56	179
Dm_00005463-RA	AT4G22310.1	N/A	76.623	77	18	0	6	82	18	94	8.98e-43	134
Dm_00009575-RA	AT1G30300.3	N/A	80.303	198	39	0	41	238	109	306	1.55e-118	342
Dm_00009642-RA	AT3G15470.1	N/A	54.752	968	303	26	1	918	1	883	0.0	880
Dm_00004610-RA	AT3G23330.2	N/A	32.854	417	257	6	102	518	96	489	4.92e-76	253
Dm_00003994-RA	AT3G05625.1	N/A	59.504	242	54	6	21	226	12	245	4.11e-90	266
Dm_00005052-RA	AT1G15520.1	N/A	62.095	1451	490	11	50	1468	1	1423	0.0	1866
Dm_00005049-RA	AT1G15520.2	N/A	63.311	586	187	6	149	731	287	847	0.0	769
Dm_00004691-RA	AT5G43700.1	N/A	58.427	178	68	2	14	189	11	184	4.60e-74	221
Dm_00005444-RA	AT3G15470.1	N/A	57.308	951	303	19	39	959	6	883	0.0	934
Dm_00001649-RA	AT4G02630.1	N/A	62.477	541	150	11	1	537	1	492	0.0	613
Dm_00001658-RA	AT3G57870.1	N/A	77.358	159	34	1	134	290	1	159	5.43e-89	262
Dm_00001661-RA	AT3G19320.1	N/A	44.762	105	56	1	22	126	317	419	3.34e-23	94.0
Dm_00020718-RA	AT1G25390.2	N/A	57.862	159	58	3	56	212	227	378	2.11e-51	175
Dm_00019657-RA	AT5G18840.1	N/A	59.848	528	143	6	1	509	1	478	0.0	601
Dm_00019727-RA	AT5G25360.3	N/A	58.170	153	47	3	12	150	67	216	8.89e-52	164
Dm_00017602-RA	AT1G08760.1	N/A	48.876	178	76	4	4	171	2	174	5.93e-42	163
Dm_00014167-RA	AT4G18060.1	N/A	70.940	351	98	2	104	450	1	351	0.0	527
Dm_00008267-RA	AT4G03420.1	N/A	64.000	350	80	10	2	349	1	306	2.19e-140	401
Dm_00007877-RA	AT3G12630.1	N/A	54.444	180	56	7	1	174	1	160	2.57e-48	159
Dm_00007814-RA	AT2G02960.4	N/A	75.000	220	50	3	51	268	33	249	1.11e-105	308
Dm_00021132-RA	AT2G21100.2	N/A	60.366	164	63	2	7	169	25	187	2.44e-66	201
Dm_00021115-RA	AT2G01170.1	N/A	76.295	502	118	1	8	509	14	514	0.0	738
Dm_00010290-RA	AT5G09380.2	N/A	30.362	359	142	14	14	363	8	267	9.23e-32	121
Dm_00010097-RA	AT1G21320.5	N/A	54.680	203	84	2	14	211	1	200	1.37e-66	204
Dm_00001566-RA	AT3G08710.1	N/A	72.727	121	33	0	66	186	13	133	5.62e-64	194
Dm_00001582-RA	AT2G38500.1	N/A	43.038	316	169	5	21	331	28	337	7.09e-69	220
Dm_00001576-RA	AT2G38540.1	N/A	42.373	118	66	1	1	118	1	116	4.66e-24	93.2
Dm_00001424-RA	AT1G71400.1	N/A	30.659	698	361	16	7	609	15	684	3.85e-74	265
Dm_00001476-RA	AT1G32860.1	N/A	55.982	443	167	6	105	537	1	425	2.94e-165	476
Dm_00001492-RA	AT4G17560.1	N/A	51.542	227	94	6	9	232	10	223	4.65e-62	194
Dm_00018876-RA	AT1G30380.1	N/A	89.189	74	8	0	1	74	57	130	1.41e-41	132
Dm_00017036-RA	AT5G47810.1	N/A	73.193	429	111	2	40	467	13	438	0.0	659
Dm_00017037-RA	AT3G01650.2	N/A	57.921	404	112	6	18	420	143	489	6.68e-151	437
Dm_00018075-RA	AT5G17530.4	N/A	69.773	440	124	6	70	504	1	436	0.0	608
Dm_00013919-RA	AT2G30140.2	N/A	44.595	296	157	3	58	351	163	453	3.22e-80	252
Dm_00014241-RA	AT1G50180.1	N/A	33.333	279	159	5	18	276	94	365	4.49e-43	160
Dm_00006270-RA	AT1G34420.1	N/A	50.811	986	435	16	1	966	8	963	0.0	854
Dm_00007187-RA	AT5G35390.1	N/A	51.750	657	274	16	41	682	27	655	0.0	649
Dm_00018589-RA	AT4G37640.1	N/A	81.675	1015	182	4	1	1012	1	1014	0.0	1692
Dm_00007547-RA	AT1G76490.1	N/A	69.551	601	157	8	1	594	51	632	0.0	842
Dm_00007194-RA	AT5G03040.2	N/A	47.475	495	197	17	1	477	1	450	1.17e-113	344
Dm_00006742-RA	AT1G68580.2	N/A	37.802	746	340	21	22	750	10	648	2.57e-134	412
Dm_00006703-RA	AT5G33370.1	N/A	71.549	355	100	1	9	363	11	364	0.0	546
Dm_00006702-RA	AT2G20260.1	N/A	53.378	148	58	2	6	147	3	145	1.02e-40	133
Dm_00021013-RA	AT1G10120.1	N/A	45.038	262	104	9	195	454	137	360	5.54e-50	175
Dm_00007174-RA	AT3G55830.1	N/A	49.524	315	133	4	44	335	23	334	2.44e-106	314
Dm_00006724-RA	AT5G01010.1	N/A	66.851	362	118	2	1	360	1	362	7.21e-177	499
Dm_00013229-RA	AT4G28706.1	N/A	67.697	356	103	2	51	398	50	401	6.58e-173	493
Dm_00001339-RA	AT1G08190.1	N/A	71.230	935	237	8	39	942	42	975	0.0	1366
Dm_00002240-RA	AT4G35750.1	N/A	67.692	195	62	1	12	206	9	202	3.22e-98	283
Dm_00001994-RA	AT1G69580.2	N/A	45.946	222	84	4	6	213	25	224	6.24e-49	167
Dm_00002002-RA	AT5G39785.1	N/A	42.040	402	214	10	589	972	206	606	7.78e-93	307
Dm_00011426-RA	AT2G45700.1	N/A	54.502	633	227	14	59	663	118	717	0.0	630
Dm_00020120-RA	AT1G66370.1	N/A	73.077	78	21	0	33	110	7	84	1.53e-38	130
Dm_00019827-RA	AT4G32690.1	N/A	76.301	173	35	1	1	167	1	173	5.23e-96	275
Dm_00019699-RA	AT5G55000.2	N/A	72.449	196	50	2	3	198	5	196	1.02e-100	295
Dm_00018136-RA	AT2G32970.4	N/A	48.356	730	269	14	28	727	20	671	0.0	645
Dm_00000758-RA	AT4G25810.1	N/A	58.033	305	106	4	1	305	1	283	4.94e-127	364
Dm_00000761-RA	AT5G57610.1	N/A	49.906	1060	419	27	59	1083	18	1000	0.0	881
Dm_00000184-RA	AT3G49430.7	N/A	68.889	225	32	3	1	213	1	199	1.20e-105	310
Dm_00000211-RA	AT5G17165.1	N/A	47.959	98	39	2	9	104	28	115	3.43e-25	91.7
Dm_00001737-RA	AT3G18940.1	N/A	62.403	258	95	1	1	258	1	256	6.24e-111	333
Dm_00001740-RA	AT2G16050.1	N/A	72.653	245	59	3	1	240	1	242	5.76e-133	374
Dm_00001370-RA	AT2G27600.1	N/A	72.340	423	37	4	1	344	1	422	0.0	578
Dm_00001361-RA	AT1G10200.1	N/A	82.418	91	16	0	5	95	4	94	1.96e-52	164
Dm_00001864-RA	AT4G34240.4	N/A	60.461	521	183	2	44	564	36	533	0.0	622
Dm_00020092-RA	AT4G38180.1	N/A	36.038	419	238	5	1	400	291	698	1.75e-81	273
Dm_00020365-RA	AT1G19310.1	N/A	65.789	190	58	4	30	213	21	209	2.01e-83	251
Dm_00016992-RA	AT4G05520.1	N/A	66.003	603	140	7	28	629	6	544	0.0	786
Dm_00018915-RA	AT5G53190.1	N/A	61.792	212	75	1	30	235	26	237	1.73e-88	262
Dm_00018847-RA	AT1G09645.1	N/A	66.250	80	26	1	118	197	28	106	2.30e-22	87.4
Dm_00005782-RA	AT1G04250.1	N/A	44.017	234	92	8	1	210	7	225	2.24e-51	166
Dm_00005780-RA	AT1G80350.1	N/A	75.752	565	90	6	1	560	1	523	0.0	853
Dm_00004900-RA	AT3G04380.2	N/A	57.560	377	131	4	333	705	86	437	1.76e-157	463
Dm_00006526-RA	AT5G16390.2	N/A	49.632	272	101	5	15	284	14	251	3.28e-62	197
Dm_00006523-RA	AT3G62470.1	N/A	65.243	515	171	3	192	706	89	595	0.0	714
Dm_00021116-RA	AT1G48910.1	N/A	50.990	202	95	1	16	213	2	203	5.70e-73	226
Dm_00003818-RA	AT5G61060.1	N/A	68.889	270	84	0	13	282	23	292	1.62e-141	414
Dm_00004358-RA	AT1G48030.2	N/A	83.594	384	63	0	1	384	124	507	0.0	662
Dm_00004858-RA	AT5G44250.1	N/A	57.193	285	109	2	1	272	1	285	5.78e-113	336
Dm_00004667-RA	AT5G54290.1	N/A	73.764	263	32	1	56	318	89	314	3.38e-118	345
Dm_00004670-RA	AT5G54310.1	N/A	52.236	492	190	17	12	485	18	482	1.75e-141	415
Dm_00007372-RA	AT3G51980.1	N/A	57.672	378	151	4	12	388	11	380	2.27e-148	427
Dm_00007552-RA	AT1G34750.1	N/A	72.243	263	72	1	5	266	20	282	3.07e-139	393
Dm_00001035-RA	AT4G13360.1	N/A	71.827	394	108	1	42	435	31	421	0.0	597
Dm_00001056-RA	AT5G20140.2	N/A	72.293	314	86	1	60	372	51	364	2.29e-176	496
Dm_00000953-RA	AT5G23720.1	N/A	60.812	911	316	12	21	900	16	916	0.0	1068
Dm_00000976-RA	AT5G63540.1	N/A	43.448	435	201	10	66	489	43	443	9.91e-94	301
Dm_00005754-RA	AT5G16280.2	N/A	44.022	184	84	5	3	182	1101	1269	2.91e-39	144
Dm_00006224-RA	AT5G58560.1	N/A	56.338	284	108	2	27	310	40	307	9.43e-110	321
Dm_00006394-RA	AT4G18820.1	N/A	56.258	759	271	19	6	741	18	738	0.0	756
Dm_00006177-RA	AT5G54470.1	N/A	79.167	72	15	0	5	76	6	77	1.31e-37	130
Dm_00002133-RA	AT3G20475.1	N/A	57.761	902	187	12	24	839	12	805	0.0	968
Dm_00001393-RA	AT5G03940.1	N/A	73.088	353	81	4	1	351	1	341	1.01e-170	492
Dm_00020676-RA	AT4G14000.1	N/A	53.546	282	93	6	12	278	6	264	2.85e-83	252
Dm_00014591-RA	AT2G25800.1	N/A	66.824	636	170	11	1	617	1	614	0.0	804
Dm_00013741-RA	AT3G23070.1	N/A	44.348	345	144	11	6	342	5	309	2.16e-68	236
Dm_00020688-RA	AT2G30900.2	N/A	50.000	100	48	2	157	255	43	141	2.50e-33	123
Dm_00003487-RA	AT4G34260.1	N/A	62.791	817	280	10	31	845	49	843	0.0	1060
Dm_00004428-RA	AT4G30340.1	N/A	67.234	470	149	3	15	479	23	492	0.0	672
Dm_00018442-RA	AT3G20190.1	N/A	48.062	645	314	8	12	641	10	648	0.0	581
Dm_00020699-RA	AT5G27560.4	N/A	68.667	300	80	3	54	339	40	339	5.99e-140	407
Dm_00011342-RA	AT1G30440.1	N/A	65.574	671	190	14	1	647	4	657	0.0	838
Dm_00011159-RA	AT5G05170.1	N/A	77.809	1068	217	7	13	1068	6	1065	0.0	1707
Dm_00010850-RA	AT1G47330.1	N/A	68.537	499	123	6	1	468	1	496	0.0	666
Dm_00010360-RA	AT2G29110.2	N/A	42.748	917	463	17	8	891	21	908	0.0	702
Dm_00011289-RA	AT1G69040.2	N/A	73.536	461	109	6	1	454	1	455	0.0	689
Dm_00000532-RA	AT3G05090.1	N/A	69.412	765	220	4	1	763	1	753	0.0	1080
Dm_00000565-RA	AT3G05250.1	N/A	44.961	258	104	2	24	278	17	239	1.18e-78	241
Dm_00000558-RA	AT1G54690.1	N/A	91.852	135	10	1	6	139	8	142	1.49e-85	246
Dm_00000560-RA	AT3G21510.1	N/A	62.791	129	48	0	6	134	7	135	1.04e-49	156
Dm_00016376-RA	AT1G71400.1	N/A	32.070	633	322	18	7	562	15	616	3.02e-70	244
Dm_00006781-RA	AT1G26750.1	N/A	48.947	190	96	1	1	190	1	189	1.83e-55	174
Dm_00006760-RA	AT1G31070.2	N/A	71.852	270	60	4	2	255	152	421	4.49e-138	398
Dm_00000330-RA	AT4G18372.1	N/A	68.478	92	24	2	44	135	24	110	2.14e-40	131
Dm_00000339-RA	AT2G34560.2	N/A	70.822	353	67	3	39	387	72	392	2.84e-179	504
Dm_00000356-RA	AT2G34410.1	N/A	75.370	540	128	3	6	545	6	540	0.0	860
Dm_00000369-RA	AT5G08070.2	N/A	51.176	170	75	4	51	218	10	173	3.17e-44	154
Dm_00018745-RA	AT5G26760.2	N/A	40.426	705	357	14	10	658	6	703	2.83e-138	422
Dm_00009414-RA	AT1G75840.1	N/A	96.067	178	7	0	2	179	1	178	4.54e-128	358
Dm_00004268-RA	AT3G54440.1	N/A	61.005	836	284	4	50	854	282	1106	0.0	1053
Dm_00004204-RA	AT1G01225.1	N/A	69.349	261	50	3	1	257	1	235	8.92e-122	348
Dm_00003830-RA	AT4G12080.1	N/A	47.331	281	111	5	10	257	21	297	2.23e-73	231
Dm_00019313-RA	AT5G40330.1	N/A	57.576	132	56	0	26	157	1	132	3.02e-53	171
Dm_00013971-RA	AT5G47120.1	N/A	66.239	234	76	2	1	234	1	231	6.00e-100	291
Dm_00004102-RA	AT3G60820.1	N/A	79.913	229	40	1	1	229	1	223	1.98e-138	387
Dm_00004480-RA	AT2G26770.2	N/A	56.977	516	190	2	1	516	1	484	0.0	587
Dm_00004348-RA	AT5G66770.1	N/A	53.443	610	236	13	1	588	1	584	0.0	553
Dm_00004025-RA	AT1G10120.1	N/A	40.189	423	168	18	4	417	6	352	2.78e-68	221
Dm_00004027-RA	AT3G30390.2	N/A	59.815	433	169	3	15	446	24	452	0.0	532
Dm_00004120-RA	AT4G26640.2	N/A	48.759	564	234	14	116	670	36	553	1.09e-156	464
Dm_00011452-RA	AT5G06390.1	N/A	70.852	446	115	5	7	452	5	435	0.0	586
Dm_00011898-RA	AT5G06560.1	N/A	51.709	468	201	9	14	465	12	470	6.12e-148	434
Dm_00012445-RA	AT1G10870.1	N/A	58.450	787	292	9	53	834	17	773	0.0	880
Dm_00012847-RA	AT1G72160.1	N/A	56.017	482	163	4	2	478	53	490	0.0	558
Dm_00012437-RA	AT5G13550.1	N/A	69.419	654	177	3	3	637	1	650	0.0	913
Dm_00011812-RA	AT1G04560.1	N/A	72.626	179	47	1	3	181	4	180	8.48e-92	266
Dm_00004265-RA	AT4G22760.1	N/A	48.750	560	286	1	1	559	1	560	0.0	551
Dm_00004489-RA	AT1G65480.2	N/A	74.713	174	44	0	1	174	45	218	9.26e-99	284
Dm_00000266-RA	AT5G45290.1	N/A	52.222	90	34	3	356	439	439	525	2.87e-23	102
Dm_00000278-RA	AT1G32583.1	N/A	60.909	110	40	1	6	115	71	177	1.27e-44	145
Dm_00000283-RA	AT5G50720.1	N/A	71.930	114	32	0	1	114	1	114	1.14e-54	167
Dm_00000287-RA	AT5G63520.1	N/A	34.180	512	233	10	37	461	33	527	4.52e-84	268
Dm_00000521-RA	AT3G22760.2	N/A	46.690	287	124	10	3	279	216	483	8.79e-67	216
Dm_00015080-RA	AT2G06530.2	N/A	86.765	204	26	1	1	203	1	204	3.08e-113	322
Dm_00000134-RA	AT1G76160.1	N/A	79.633	545	107	2	1	545	1	541	0.0	899
Dm_00000135-RA	AT1G20430.1	N/A	63.736	91	33	0	25	115	26	116	5.90e-37	124
Dm_00000167-RA	AT1G76490.1	N/A	69.551	601	157	8	1	594	51	632	0.0	842
Dm_00007361-RA	AT5G16710.1	N/A	74.419	172	43	1	15	186	67	237	5.08e-97	283
Dm_00007701-RA	AT1G12360.1	N/A	73.485	660	135	7	20	675	43	666	0.0	994
Dm_00008218-RA	AT5G65220.1	N/A	53.165	158	72	2	10	167	3	158	7.78e-46	148
Dm_00005640-RA	AT5G19440.1	N/A	75.806	310	75	0	146	455	2	311	1.55e-177	510
Dm_00006317-RA	AT1G47890.1	N/A	36.798	1068	564	17	9	1068	53	1017	7.05e-167	518
Dm_00013242-RA	AT5G40280.1	N/A	51.919	495	170	7	8	496	46	478	9.16e-165	475
Dm_00013952-RA	AT3G47550.6	N/A	44.622	251	112	6	1	228	1	247	3.77e-58	186
Dm_00005773-RA	AT3G45780.1	N/A	68.848	1024	275	18	1	1008	1	996	0.0	1359
Dm_00005369-RA	AT2G32850.2	N/A	55.326	629	217	13	53	647	1	599	0.0	635
Dm_00000716-RA	AT4G18425.1	N/A	60.000	215	81	3	3	215	1	212	1.05e-88	260
Dm_00000713-RA	AT1G28480.1	N/A	50.394	127	41	2	61	187	33	137	2.61e-35	121
Dm_00000889-RA	AT4G17370.1	N/A	75.068	365	89	1	3	367	6	368	0.0	578
Dm_00013105-RA	AT5G54510.1	N/A	74.183	612	143	3	37	648	16	612	0.0	953
Dm_00013683-RA	AT2G31170.1	N/A	57.252	524	170	6	6	511	64	551	0.0	595
Dm_00015938-RA	AT5G53940.1	N/A	57.857	140	47	4	1	139	1	129	5.11e-49	154
Dm_00016324-RA	AT4G31890.3	N/A	53.947	532	205	12	1	520	1	504	6.88e-166	481
Dm_00012659-RA	AT1G70210.1	N/A	52.059	340	145	10	1	334	12	339	1.40e-102	305
Dm_00005736-RA	AT4G30770.1	N/A	37.736	159	66	4	1	128	1	157	2.94e-22	86.3
Dm_00017539-RA	AT3G26700.3	N/A	54.270	363	120	4	29	346	18	379	2.77e-126	367
Dm_00013498-RA	AT5G52510.1	N/A	43.131	677	290	24	46	698	35	640	2.97e-125	386
Dm_00014701-RA	AT2G41010.1	N/A	35.366	246	133	9	13	248	9	238	8.87e-28	106
Dm_00014841-RA	AT5G17000.1	N/A	63.798	337	93	2	8	315	3	339	2.35e-150	438
Dm_00013061-RA	AT5G40250.1	N/A	47.273	385	140	13	1	370	1	337	1.34e-96	293
Dm_00005864-RA	AT3G22060.1	N/A	41.837	196	111	3	32	227	43	235	2.93e-45	151
Dm_00015320-RA	AT1G09890.4	N/A	59.135	624	231	7	22	625	14	633	0.0	759
Dm_00015780-RA	AT5G22580.1	N/A	58.416	101	42	0	4	104	6	106	3.62e-39	128
Dm_00015740-RA	AT5G10620.2	N/A	67.073	82	27	0	18	99	26	107	7.20e-34	116
Dm_00013668-RA	AT1G66150.1	N/A	72.964	921	238	6	40	955	27	941	0.0	1349
Dm_00016380-RA	AT5G19650.1	N/A	67.692	65	21	0	271	335	155	219	2.33e-24	99.4
Dm_00001003-RA	AT2G24100.1	N/A	48.694	536	169	14	24	546	23	465	1.02e-149	438
Dm_00001016-RA	AT5G20870.1	N/A	60.426	470	179	3	243	705	28	497	0.0	578
Dm_00000243-RA	AT4G27630.2	N/A	74.143	321	49	3	32	328	108	418	5.21e-156	447
Dm_00000249-RA	AT1G32360.1	N/A	50.000	400	129	12	18	373	12	384	5.29e-107	319
Dm_00001114-RA	AT3G07370.1	N/A	66.316	285	84	1	8	292	4	276	7.06e-139	393
Dm_00001132-RA	AT4G12420.2	N/A	69.259	553	117	3	6	508	5	554	0.0	787
Dm_00001294-RA	AT3G57080.1	N/A	60.793	227	84	1	1	227	1	222	2.73e-101	293
Dm_00001296-RA	AT5G14800.1	N/A	71.273	275	77	2	1	273	1	275	1.59e-138	391
Dm_00015144-RA	AT1G58060.1	N/A	46.781	233	88	3	1	232	1	198	1.70e-55	192
Dm_00012605-RA	AT3G13610.1	N/A	49.014	355	176	5	3	356	11	361	1.42e-125	365
Dm_00019309-RA	AT5G43700.1	N/A	52.752	218	65	5	1	218	1	180	2.55e-71	215
Dm_00011632-RA	AT2G26280.3	N/A	58.520	581	213	12	35	601	1	567	0.0	631
Dm_00012759-RA	AT2G42200.1	N/A	40.181	331	134	12	117	417	72	368	7.21e-53	181
