Dm_00007789-RA	AT1G68650.1	N/A	70.854	199	46	2	1	187	30	228	1.28e-98	285
Dm_00007096-RA	AT4G39260.3	N/A	78.889	90	19	0	4	93	2	91	3.22e-48	151
Dm_00007087-RA	AT1G79840.1	N/A	59.618	681	218	9	28	702	117	746	0.0	830
Dm_00006960-RA	AT5G42520.2	N/A	60.000	345	111	10	1	326	1	337	1.57e-125	365
Dm_00006957-RA	AT4G24160.1	N/A	81.843	369	65	2	23	389	47	415	0.0	639
Dm_00007009-RA	AT5G07270.1	N/A	66.848	552	141	9	1	549	1	513	0.0	718
Dm_00007458-RA	AT2G02590.1	N/A	57.547	318	109	6	11	323	23	319	6.30e-105	310
Dm_00007459-RA	AT3G01470.1	N/A	54.362	149	62	3	57	204	67	210	4.18e-43	150
Dm_00006518-RA	AT4G03390.2	N/A	80.342	117	23	0	1	117	649	765	7.75e-60	200
Dm_00006335-RA	AT4G31480.5	N/A	82.929	949	161	1	1	949	1	948	0.0	1635
Dm_00006106-RA	AT4G33430.1	N/A	83.398	518	67	5	1	499	98	615	0.0	835
Dm_00007933-RA	AT4G16660.1	N/A	53.776	874	354	10	20	875	22	863	0.0	907
Dm_00006597-RA	AT5G67500.3	N/A	61.775	293	95	1	1	293	1	276	1.48e-131	374
Dm_00006973-RA	AT5G21990.1	N/A	55.161	591	213	8	1	577	1	553	0.0	632
Dm_00009074-RA	AT3G54470.1	N/A	76.955	486	101	2	5	490	1	475	0.0	775
Dm_00009541-RA	AT4G31750.2	N/A	91.051	257	18	1	11	267	27	278	4.70e-171	475
Dm_00009212-RA	AT3G59600.1	N/A	47.368	76	40	0	8	83	27	102	4.02e-24	89.7
Dm_00011397-RA	AT5G58060.1	N/A	83.422	187	31	0	1	187	1	187	6.98e-117	330
Dm_00015528-RA	AT5G19650.1	N/A	70.149	67	20	0	278	344	155	221	1.72e-25	102
Dm_00017310-RA	AT5G53670.1	N/A	37.908	153	79	4	29	165	80	232	5.65e-21	89.0
Dm_00018376-RA	AT1G48880.1	N/A	60.422	379	145	3	44	422	71	444	2.96e-165	472
Dm_00009163-RA	AT5G42810.1	N/A	58.891	433	172	2	1	430	1	430	0.0	521
Dm_00008441-RA	AT4G19420.2	N/A	63.962	419	120	3	6	424	4	391	0.0	565
Dm_00009382-RA	AT1G02520.2	N/A	71.371	1247	348	4	42	1286	39	1278	0.0	1808
Dm_00008781-RA	AT2G26800.1	N/A	67.126	435	109	7	1	403	1	433	0.0	571
Dm_00008784-RA	AT5G12260.1	N/A	49.459	647	286	13	29	669	13	624	0.0	587
Dm_00020852-RA	AT1G55340.1	N/A	56.542	214	73	8	4	208	3	205	2.90e-67	205
Dm_00019310-RA	AT4G13710.1	N/A	71.076	446	111	5	74	518	42	470	0.0	672
Dm_00021089-RA	AT1G48000.1	N/A	71.779	163	46	0	11	173	9	171	5.93e-85	257
Dm_00018445-RA	AT4G13420.1	N/A	50.759	593	246	6	1	551	197	785	0.0	601
Dm_00018273-RA	AT3G53520.1	N/A	80.306	457	65	4	1	454	1	435	0.0	723
Dm_00007238-RA	AT4G34810.1	N/A	55.340	103	37	3	78	172	15	116	4.23e-30	107
Dm_00009387-RA	AT5G45420.2	N/A	45.977	348	145	8	1	344	1	309	2.13e-72	228
Dm_00007527-RA	AT3G21295.3	N/A	34.383	413	193	11	6	368	65	449	1.24e-49	180
Dm_00008607-RA	AT1G75760.2	N/A	82.609	115	20	0	23	137	142	256	9.52e-71	214
Dm_00008321-RA	AT2G44200.1	N/A	70.811	185	34	4	1	181	1	169	2.44e-75	248
Dm_00008322-RA	AT2G26250.1	N/A	74.322	553	133	5	1	547	1	550	0.0	870
Dm_00007159-RA	AT5G08160.1	N/A	75.824	182	33	2	4	174	165	346	1.91e-101	296
Dm_00018646-RA	AT2G16800.1	N/A	61.779	416	94	13	1	395	1	372	1.55e-147	423
Dm_00019522-RA	AT3G18280.1	N/A	48.837	86	44	0	14	99	11	96	9.37e-25	89.7
Dm_00015394-RA	AT3G05230.1	N/A	72.785	158	41	1	1	158	1	156	6.27e-85	246
Dm_00014761-RA	AT1G17710.1	N/A	68.936	235	68	2	4	234	7	240	5.36e-119	342
Dm_00013717-RA	AT5G65650.1	N/A	67.708	96	29	1	1	94	86	181	5.37e-40	130
Dm_00015375-RA	AT1G64940.1	N/A	48.496	532	247	10	1	529	1	508	4.59e-169	488
Dm_00014836-RA	AT3G22680.1	N/A	63.115	122	45	0	126	247	41	162	3.28e-54	172
Dm_00002521-RA	AT5G07610.1	N/A	32.603	411	235	13	15	404	31	420	1.51e-45	164
Dm_00002810-RA	AT2G02870.3	N/A	61.707	457	153	9	1	437	1	455	0.0	525
Dm_00003403-RA	AT2G23350.1	N/A	66.667	369	97	9	1	357	308	662	1.55e-158	460
Dm_00003170-RA	AT2G03530.1	N/A	74.623	398	94	2	411	801	1	398	0.0	580
Dm_00017930-RA	AT5G09280.1	N/A	62.692	260	97	0	68	327	1	260	2.35e-127	369
Dm_00012179-RA	AT1G19910.1	N/A	95.758	165	7	0	1	165	1	165	8.17e-109	307
Dm_00013135-RA	AT2G42260.2	N/A	40.856	257	127	9	23	259	1	252	4.44e-39	137
Dm_00012010-RA	AT4G05120.2	N/A	63.855	415	143	3	1	409	1	414	0.0	541
Dm_00013418-RA	AT5G47720.2	N/A	76.382	398	80	1	50	433	5	402	0.0	632
Dm_00002801-RA	AT2G44310.1	N/A	35.971	139	85	2	2	138	3	139	2.19e-21	85.5
Dm_00002564-RA	AT4G13940.1	N/A	90.103	485	48	0	1	485	1	485	0.0	915
Dm_00002572-RA	AT2G32760.1	N/A	51.685	356	151	2	15	370	17	351	7.43e-126	366
Dm_00002365-RA	AT2G31670.1	N/A	43.580	257	129	8	4	247	2	255	1.69e-69	215
Dm_00002991-RA	AT3G12490.2	N/A	61.905	231	84	3	17	247	6	232	1.33e-94	278
Dm_00019591-RA	AT4G21160.4	N/A	75.529	331	73	2	7	330	8	337	0.0	537
Dm_00020768-RA	AT2G32560.1	N/A	55.443	395	146	5	6	398	5	371	9.19e-150	429
Dm_00021040-RA	AT5G65710.1	N/A	53.605	957	397	15	35	965	25	960	0.0	944
Dm_00020851-RA	AT3G56860.10	N/A	59.447	434	136	11	94	510	68	478	6.54e-153	445
Dm_00010071-RA	AT4G12770.1	N/A	46.830	978	381	31	1	938	1	879	0.0	547
Dm_00008358-RA	AT1G17370.1	N/A	72.886	402	95	5	27	420	24	419	0.0	585
Dm_00008761-RA	AT1G08200.1	N/A	84.319	389	42	2	3	373	2	389	0.0	689
Dm_00015998-RA	AT4G23490.1	N/A	46.351	507	230	7	5	491	37	521	5.75e-168	485
Dm_00016103-RA	AT2G29540.1	N/A	62.766	94	35	0	1	94	1	94	1.08e-39	129
Dm_00015523-RA	AT2G28630.1	N/A	66.017	462	147	4	23	478	19	476	0.0	639
Dm_00013652-RA	AT3G61960.1	N/A	44.778	632	247	16	13	552	5	626	6.61e-168	491
Dm_00017962-RA	AT2G46000.1	N/A	49.738	191	88	4	29	218	25	208	9.92e-52	166
Dm_00009428-RA	AT1G04220.1	N/A	71.313	495	127	5	20	499	28	522	0.0	746
Dm_00015914-RA	AT5G23240.1	N/A	50.109	457	182	7	8	457	42	459	6.83e-145	422
Dm_00015486-RA	AT5G02070.1	N/A	53.595	612	265	8	33	630	43	649	0.0	657
Dm_00015417-RA	AT1G14360.1	N/A	80.303	330	53	2	1	318	1	330	0.0	527
Dm_00016385-RA	AT5G44790.1	N/A	71.823	1015	260	9	1	1003	1	1001	0.0	1449
Dm_00003030-RA	AT4G24190.1	N/A	82.750	800	119	4	20	819	20	800	0.0	1269
Dm_00003037-RA	AT4G34860.3	N/A	75.000	568	128	5	6	569	13	570	0.0	886
Dm_00002831-RA	AT1G15100.1	N/A	48.851	174	67	3	1	173	1	153	1.44e-47	152
Dm_00002729-RA	AT4G36660.1	N/A	56.818	132	52	3	31	162	25	151	1.51e-45	148
Dm_00002735-RA	AT1G75210.3	N/A	82.540	63	11	0	10	72	475	537	8.54e-33	118
Dm_00016832-RA	AT4G27270.1	N/A	82.673	202	34	1	1	202	1	201	8.65e-121	341
Dm_00016831-RA	AT5G54500.1	N/A	84.422	199	31	0	4	202	3	201	7.32e-124	348
Dm_00017412-RA	AT3G14067.1	N/A	63.043	782	271	7	4	780	1	769	0.0	955
Dm_00017137-RA	AT4G30960.1	N/A	75.529	425	103	1	10	433	15	439	0.0	639
Dm_00006280-RA	AT2G26980.3	N/A	46.697	439	98	11	1	326	1	416	3.53e-109	325
Dm_00005177-RA	AT5G50130.1	N/A	64.832	327	105	3	1	318	1	326	3.98e-155	438
Dm_00005692-RA	AT5G01450.1	N/A	36.264	273	138	9	20	290	186	424	1.86e-43	155
Dm_00015353-RA	AT2G06255.1	N/A	66.055	109	33	2	1	108	1	106	1.48e-43	138
Dm_00018724-RA	AT2G39770.2	N/A	90.000	360	36	0	1	360	1	360	0.0	675
Dm_00006410-RA	AT1G71010.1	N/A	47.138	1782	691	37	1	1701	1	1612	0.0	1412
Dm_00006331-RA	AT3G07565.1	N/A	47.186	231	77	7	1	196	1	221	1.05e-57	182
Dm_00019218-RA	AT1G04430.2	N/A	76.236	627	134	6	1	617	2	623	0.0	1006
Dm_00019040-RA	AT2G39705.1	N/A	64.474	76	17	3	20	86	13	87	1.73e-24	88.2
Dm_00014426-RA	AT1G53830.1	N/A	43.119	545	275	11	67	592	55	583	4.64e-142	424
Dm_00002623-RA	AT1G80510.1	N/A	68.916	489	141	5	15	500	9	489	0.0	628
Dm_00002633-RA	AT1G80570.3	N/A	69.807	467	141	0	114	580	1	467	0.0	676
Dm_00002777-RA	AT1G68360.1	N/A	38.783	263	108	11	1	231	1	242	3.12e-33	120
Dm_00003043-RA	AT5G42820.1	N/A	72.391	297	63	4	1	294	1	281	3.38e-126	361
Dm_00006283-RA	AT2G27030.3	N/A	84.492	187	23	1	1	187	1	181	4.55e-109	310
Dm_00009945-RA	AT4G24040.1	N/A	57.734	556	227	5	44	591	71	626	0.0	657
Dm_00008230-RA	AT5G54840.1	N/A	59.044	293	110	5	4	295	3	286	3.26e-113	328
Dm_00008879-RA	AT2G47590.1	N/A	61.638	464	149	9	1	456	1	443	0.0	530
Dm_00018529-RA	AT1G63000.1	N/A	83.784	296	47	1	4	298	2	297	0.0	526
Dm_00016901-RA	AT1G32240.2	N/A	85.897	78	11	0	283	360	187	264	7.60e-39	142
Dm_00019182-RA	AT1G59640.1	N/A	52.041	294	108	9	4	294	1	264	1.48e-81	247
Dm_00019319-RA	AT4G23690.1	N/A	59.236	157	56	2	50	205	38	187	5.25e-62	191
Dm_00016090-RA	AT4G38620.1	N/A	62.348	247	71	5	2	243	1	230	6.19e-100	292
Dm_00018484-RA	AT3G20430.1	N/A	46.032	189	76	4	60	225	1	186	1.40e-47	159
Dm_00004547-RA	AT3G12110.1	N/A	96.286	377	14	0	1	377	1	377	0.0	766
Dm_00005606-RA	AT2G21520.2	N/A	62.680	694	163	9	1	684	17	624	0.0	838
Dm_00016606-RA	AT5G46800.1	N/A	74.667	300	72	2	1	296	1	300	1.77e-162	454
Dm_00009148-RA	AT1G02130.1	N/A	86.935	199	25	1	1	198	1	199	6.44e-133	371
Dm_00010303-RA	AT1G53920.1	N/A	41.860	344	182	7	52	381	45	384	1.21e-93	285
Dm_00019230-RA	AT3G29100.3	N/A	71.628	215	61	0	1	215	1	215	6.74e-115	327
Dm_00019254-RA	AT5G05580.1	N/A	72.748	444	105	4	1	442	1	430	0.0	674
Dm_00019032-RA	AT4G02340.1	N/A	62.025	316	115	2	58	369	2	316	7.44e-153	433
Dm_00004602-RA	AT3G21865.1	N/A	59.786	281	84	4	1	252	1	281	3.00e-107	311
Dm_00005912-RA	AT3G24090.1	N/A	82.617	512	85	3	4	513	168	677	0.0	851
Dm_00005920-RA	AT3G12400.1	N/A	57.882	406	153	4	11	413	6	396	1.03e-155	446
Dm_00005144-RA	AT2G28780.1	N/A	37.388	781	456	11	5	774	6	764	9.18e-166	503
Dm_00006000-RA	AT2G16600.1	N/A	84.118	170	27	0	2	171	3	172	8.39e-110	310
Dm_00019918-RA	AT3G47080.1	N/A	39.084	371	166	12	119	466	173	506	5.39e-77	250
Dm_00018379-RA	AT5G52570.1	N/A	70.485	227	67	0	36	262	30	256	2.01e-117	339
Dm_00012955-RA	AT3G61460.1	N/A	61.932	176	54	3	1	176	1	163	1.35e-74	222
Dm_00019981-RA	AT2G34770.1	N/A	61.290	155	60	0	20	174	77	231	1.87e-70	213
Dm_00015011-RA	AT5G54160.1	N/A	49.046	367	179	5	1	365	1	361	4.68e-123	359
Dm_00013459-RA	AT2G42990.1	N/A	59.639	332	128	2	27	352	13	344	2.15e-148	423
Dm_00013460-RA	AT2G32900.1	N/A	51.962	739	288	11	1	677	4	737	0.0	693
Dm_00016951-RA	AT4G34200.1	N/A	84.743	544	83	0	84	627	60	603	0.0	941
Dm_00016966-RA	AT1G11905.2	N/A	63.830	94	34	0	1	94	1	94	1.69e-39	130
Dm_00013849-RA	AT5G01520.1	N/A	40.217	276	125	2	74	349	2	237	2.07e-68	215
Dm_00015701-RA	AT5G07900.1	N/A	27.778	306	219	2	65	369	95	399	1.54e-42	154
Dm_00003311-RA	AT3G53740.2	N/A	80.909	110	21	0	27	136	1	110	1.37e-57	174
Dm_00002447-RA	AT3G62600.1	N/A	82.456	342	54	3	13	349	6	346	0.0	559
Dm_00003356-RA	AT5G66600.1	N/A	53.492	630	241	19	65	669	12	614	0.0	573
Dm_00011105-RA	AT3G02100.1	N/A	36.933	463	267	7	18	470	13	460	1.10e-102	315
Dm_00002440-RA	AT2G26560.1	N/A	64.688	320	110	1	9	325	10	329	5.22e-157	445
Dm_00002439-RA	AT2G26560.1	N/A	59.030	371	148	1	33	399	10	380	1.34e-161	460
Dm_00002646-RA	AT4G36990.1	N/A	52.688	279	114	5	2	280	6	266	3.64e-79	242
Dm_00002654-RA	AT4G36950.1	N/A	47.826	368	157	9	3	368	2	336	1.65e-103	308
Dm_00009466-RA	AT5G15880.1	N/A	52.422	351	157	5	75	418	1	348	1.94e-111	331
Dm_00016374-RA	AT2G23970.1	N/A	42.361	144	72	4	1	135	106	247	6.95e-35	121
Dm_00015073-RA	AT5G44370.1	N/A	64.322	398	82	2	44	391	26	413	4.36e-174	493
Dm_00014806-RA	AT1G01630.1	N/A	57.085	247	101	3	3	247	11	254	3.38e-100	292
Dm_00010557-RA	AT5G47550.1	N/A	50.000	86	43	0	39	124	28	113	7.57e-26	94.4
Dm_00009880-RA	AT2G13650.1	N/A	76.803	319	71	2	58	375	1	317	1.41e-167	471
Dm_00003620-RA	AT3G15880.4	N/A	73.702	1156	277	9	1	1150	1	1135	0.0	1774
Dm_00003326-RA	AT5G07900.1	N/A	28.529	340	226	9	39	372	73	401	7.65e-41	149
Dm_00003674-RA	AT5G42020.1	N/A	90.491	652	60	1	37	686	17	668	0.0	1200
Dm_00002956-RA	AT1G63700.2	N/A	58.243	922	332	26	1	909	1	882	0.0	860
Dm_00010980-RA	AT2G40540.5	N/A	46.491	798	311	21	36	735	15	794	0.0	599
Dm_00009870-RA	AT3G23230.1	N/A	51.079	139	45	3	25	162	17	133	4.25e-34	117
Dm_00010623-RA	AT2G31260.1	N/A	57.687	683	218	19	1	648	205	851	0.0	692
Dm_00011243-RA	AT1G04820.1	N/A	96.322	435	16	0	1	435	1	435	0.0	852
Dm_00014356-RA	AT2G04690.1	N/A	58.376	197	63	3	26	222	23	200	7.05e-78	233
Dm_00013345-RA	AT3G03550.1	N/A	45.933	209	108	4	1	206	1	207	2.70e-57	187
Dm_00014263-RA	AT1G72510.2	N/A	51.479	169	65	4	2	165	9	165	1.07e-53	168
Dm_00004749-RA	AT2G24520.4	N/A	81.167	600	110	2	85	684	92	688	0.0	1003
Dm_00006897-RA	AT4G22030.1	N/A	48.596	463	190	12	1	460	1	418	1.46e-129	381
Dm_00014704-RA	AT2G27990.1	N/A	47.445	274	130	3	280	553	252	511	5.88e-69	235
Dm_00015645-RA	AT3G57990.1	N/A	51.299	308	123	9	1	303	1	286	1.77e-89	273
Dm_00013023-RA	AT1G04980.1	N/A	72.727	341	82	2	5	334	107	447	0.0	511
Dm_00013862-RA	AT1G08370.1	N/A	57.500	360	123	7	1	341	1	349	5.26e-118	345
Dm_00011109-RA	AT5G03300.1	N/A	82.840	338	58	0	4	341	8	345	0.0	601
Dm_00009360-RA	AT4G19030.1	N/A	65.254	236	73	2	1	227	57	292	4.80e-107	310
Dm_00003088-RA	AT3G54850.1	N/A	57.508	626	250	6	36	652	12	630	0.0	659
Dm_00002665-RA	AT5G55850.3	N/A	49.550	111	21	2	8	118	3	78	1.31e-26	94.7
Dm_00012383-RA	AT3G25770.1	N/A	69.663	178	52	1	84	261	77	252	5.31e-88	262
Dm_00011924-RA	AT1G80840.1	N/A	43.695	341	140	12	3	338	5	298	1.27e-71	224
Dm_00010095-RA	AT4G25480.1	N/A	53.333	240	87	5	25	263	1	216	1.94e-67	208
Dm_00013250-RA	AT4G26210.2	N/A	75.806	62	15	0	12	73	60	121	3.64e-31	105
Dm_00006186-RA	AT4G13420.1	N/A	59.642	783	290	6	4	762	5	785	0.0	952
Dm_00006182-RA	AT1G47830.1	N/A	96.094	128	5	0	3	130	2	129	8.36e-88	251
Dm_00004752-RA	AT3G47640.2	N/A	39.827	231	102	9	20	225	22	240	2.03e-33	120
Dm_00005624-RA	AT5G17510.1	N/A	72.581	248	60	4	108	353	128	369	9.91e-116	340
Dm_00019043-RA	AT5G09690.1	N/A	71.901	363	90	4	12	370	4	358	1.12e-178	502
Dm_00019015-RA	AT3G25030.2	N/A	32.948	346	111	11	52	394	23	250	1.24e-39	142
Dm_00014468-RA	AT2G46620.1	N/A	57.645	484	181	7	20	489	12	485	0.0	547
Dm_00013612-RA	AT4G39050.1	N/A	60.317	1197	268	19	35	1221	28	1027	0.0	1259
Dm_00014799-RA	AT4G39980.1	N/A	76.527	524	114	2	4	524	7	524	0.0	842
Dm_00016214-RA	AT1G02065.2	N/A	65.455	55	19	0	73	127	180	234	8.85e-22	87.4
Dm_00008018-RA	AT5G07350.2	N/A	65.973	961	280	10	10	962	8	929	0.0	1242
Dm_00010742-RA	AT1G23870.1	N/A	67.460	882	265	4	1	876	1	866	0.0	1244
Dm_00010262-RA	AT3G50360.1	N/A	54.082	196	38	3	4	199	5	148	1.73e-57	181
Dm_00018342-RA	AT1G22020.1	N/A	65.865	624	182	6	6	627	5	599	0.0	826
Dm_00018443-RA	AT3G01120.1	N/A	71.625	437	88	4	141	574	160	563	0.0	643
Dm_00002849-RA	AT1G65880.1	N/A	55.825	206	73	6	1	199	80	274	6.24e-68	218
Dm_00003424-RA	AT5G05080.1	N/A	68.651	252	74	3	13	261	2	251	1.17e-115	332
Dm_00003432-RA	AT3G56860.10	N/A	60.880	409	129	10	109	501	85	478	3.82e-151	440
Dm_00003312-RA	AT1G25450.1	N/A	56.795	493	207	4	12	503	5	492	0.0	598
Dm_00020714-RA	AT3G30841.2	N/A	79.346	489	96	2	8	494	9	494	0.0	803
Dm_00017986-RA	AT2G46690.1	N/A	62.037	108	27	5	47	145	18	120	5.19e-35	118
Dm_00020602-RA	AT4G26060.1	N/A	68.235	85	27	0	3	87	45	129	6.92e-41	131
Dm_00007377-RA	AT5G19450.2	N/A	80.699	544	88	3	1	539	1	532	0.0	909
Dm_00008304-RA	AT3G60540.2	N/A	68.919	74	22	1	3	75	2	75	2.76e-25	91.7
Dm_00017294-RA	AT1G27330.1	N/A	75.472	53	13	0	11	63	1	53	1.69e-24	87.8
Dm_00012643-RA	AT5G13110.1	N/A	80.374	535	101	2	69	600	59	592	0.0	909
Dm_00005061-RA	AT3G21360.1	N/A	59.878	329	131	1	207	534	2	330	2.66e-142	413
Dm_00005067-RA	AT4G22590.1	N/A	67.089	395	98	6	1	393	1	365	0.0	518
Dm_00015797-RA	AT5G64210.1	N/A	75.984	254	59	1	80	331	81	334	6.88e-145	413
Dm_00016173-RA	AT1G29380.3	N/A	71.429	84	24	0	106	189	148	231	9.53e-37	132
Dm_00014796-RA	AT2G36460.1	N/A	85.143	350	51	1	10	358	9	358	0.0	606
Dm_00005123-RA	AT1G19180.2	N/A	39.759	166	54	5	48	201	55	186	1.66e-24	95.9
Dm_00005393-RA	AT4G35360.1	N/A	85.519	366	52	1	1	366	1	365	0.0	647
Dm_00004773-RA	AT3G46010.2	N/A	85.401	137	20	0	1	137	13	149	9.58e-88	252
Dm_00008053-RA	AT2G34250.2	N/A	86.737	475	46	2	180	637	1	475	0.0	823
Dm_00008471-RA	AT3G49750.1	N/A	69.048	252	76	1	38	287	23	274	1.47e-125	359
Dm_00008472-RA	AT4G37750.1	N/A	51.901	526	157	15	1	489	1	467	2.10e-151	450
Dm_00008109-RA	AT1G35620.1	N/A	59.662	414	163	3	34	444	27	439	0.0	516
Dm_00002296-RA	AT2G34060.1	N/A	55.807	353	135	6	9	361	11	342	1.74e-133	385
Dm_00002307-RA	AT3G58670.4	N/A	60.185	108	43	0	5	112	92	199	2.62e-44	143
Dm_00003266-RA	AT5G61790.1	N/A	69.981	533	151	2	11	541	5	530	0.0	761
Dm_00003915-RA	AT3G07810.2	N/A	61.538	507	151	12	26	503	1	492	0.0	541
Dm_00017659-RA	AT1G22440.1	N/A	54.366	355	113	6	2	314	3	350	2.49e-125	363
Dm_00017518-RA	AT2G43235.1	N/A	42.894	387	179	8	61	420	64	435	9.47e-86	268
Dm_00012207-RA	AT3G62600.1	N/A	84.424	321	48	2	1	320	25	344	0.0	538
Dm_00017241-RA	AT5G06860.1	N/A	46.624	311	160	5	29	336	21	328	1.14e-90	275
Dm_00015203-RA	AT4G36010.1	N/A	60.000	235	85	2	28	256	20	251	1.51e-98	290
Dm_00012152-RA	AT2G41410.1	N/A	38.462	234	117	5	1	232	1	209	1.66e-41	141
Dm_00010364-RA	AT5G06860.1	N/A	47.883	307	153	7	38	340	25	328	2.71e-86	263
Dm_00011733-RA	AT1G67060.1	N/A	79.070	172	35	1	2	173	64	234	1.74e-93	271
Dm_00020129-RA	AT4G25950.1	N/A	50.000	108	52	1	56	163	1	106	5.58e-31	108
Dm_00019849-RA	AT3G62410.1	N/A	66.667	87	26	2	52	135	45	131	1.66e-34	117
Dm_00004960-RA	AT2G16430.2	N/A	70.323	465	135	1	19	483	7	468	0.0	716
Dm_00004530-RA	AT4G21705.1	N/A	54.863	401	173	3	9	401	3	403	1.53e-151	438
Dm_00004903-RA	AT5G64030.1	N/A	57.381	840	282	11	1	777	1	827	0.0	961
Dm_00005055-RA	AT2G46080.1	N/A	51.807	332	160	0	27	358	1	332	1.20e-122	358
Dm_00005168-RA	AT4G04470.2	N/A	71.598	169	46	1	43	209	1	169	3.03e-82	244
Dm_00006808-RA	AT5G23960.2	N/A	39.098	532	301	7	539	1058	7	527	4.74e-122	385
Dm_00006561-RA	AT3G13790.5	N/A	64.466	515	175	4	1	508	1	514	0.0	684
Dm_00007046-RA	AT2G18840.1	N/A	73.443	305	50	3	5	302	1	281	1.08e-134	383
Dm_00007049-RA	AT5G57500.1	N/A	70.382	314	74	6	48	361	23	317	7.99e-160	451
Dm_00007048-RA	AT5G57500.1	N/A	67.647	306	82	4	23	322	23	317	3.21e-151	427
Dm_00015826-RA	AT1G59740.1	N/A	70.598	585	141	8	2	569	3	573	0.0	834
Dm_00014774-RA	AT4G17070.1	N/A	59.941	337	135	0	1	337	1	337	5.98e-155	438
Dm_00016143-RA	AT3G09560.4	N/A	62.648	423	115	6	544	931	490	904	3.15e-178	540
Dm_00005041-RA	AT3G28730.1	N/A	67.344	640	197	6	107	734	6	645	0.0	806
Dm_00019507-RA	AT4G27500.2	N/A	47.390	479	226	7	36	502	25	489	1.83e-133	402
Dm_00017863-RA	AT1G08280.1	N/A	50.483	414	182	6	43	449	1	398	2.85e-137	400
Dm_00019606-RA	AT4G00830.6	N/A	63.279	433	146	6	51	475	68	495	0.0	549
Dm_00017891-RA	AT4G14950.1	N/A	70.277	397	117	1	22	417	17	413	0.0	589
Dm_00018882-RA	AT5G09850.2	N/A	43.836	365	127	13	1	310	1	342	1.80e-74	233
Dm_00009664-RA	AT2G39760.3	N/A	62.963	351	102	3	17	364	14	339	5.77e-157	445
Dm_00009455-RA	AT1G67310.1	N/A	57.877	584	237	7	273	848	402	984	0.0	630
Dm_00015689-RA	AT3G22170.1	N/A	28.302	212	135	2	1	199	452	659	5.37e-27	107
Dm_00013425-RA	AT1G80350.1	N/A	80.038	526	96	6	1	520	1	523	0.0	854
Dm_00014571-RA	AT1G31910.1	N/A	66.734	493	157	3	1	490	13	501	0.0	642
Dm_00014550-RA	AT1G67730.1	N/A	60.515	233	75	2	157	389	30	245	4.38e-96	293
Dm_00004586-RA	AT2G35840.4	N/A	70.991	424	120	1	1	424	1	421	0.0	634
Dm_00004146-RA	AT2G41510.2	N/A	58.456	544	182	4	14	515	63	604	0.0	654
Dm_00004787-RA	AT5G16120.3	N/A	61.538	325	101	4	1	302	1	324	4.40e-146	415
Dm_00006197-RA	AT5G58900.1	N/A	60.084	238	74	5	5	242	1	217	5.55e-90	271
Dm_00004377-RA	AT2G17020.1	N/A	58.158	619	254	3	12	626	19	636	0.0	692
Dm_00010992-RA	AT4G17900.1	N/A	64.490	245	66	5	19	260	1	227	4.13e-110	317
Dm_00010178-RA	AT3G45140.1	N/A	56.242	825	342	9	21	839	85	896	0.0	954
Dm_00010841-RA	AT2G38940.1	N/A	77.570	535	118	1	1	535	1	533	0.0	865
Dm_00012859-RA	AT4G10170.2	N/A	44.599	287	123	9	1	285	1	253	3.17e-71	220
Dm_00013087-RA	AT5G18610.3	N/A	74.414	512	80	7	1	503	42	511	0.0	712
Dm_00010298-RA	AT2G16595.1	N/A	56.000	125	46	1	10	125	118	242	2.11e-43	143
Dm_00015400-RA	AT5G50960.1	N/A	78.324	346	74	1	8	352	3	348	0.0	570
Dm_00015541-RA	AT1G53820.1	N/A	39.871	311	148	7	2	287	8	304	2.14e-58	190
Dm_00015195-RA	AT1G10370.1	N/A	57.325	157	65	2	28	184	73	227	2.76e-56	178
Dm_00007468-RA	AT2G37260.1	N/A	45.798	476	176	16	1	461	1	409	9.23e-105	319
Dm_00007471-RA	AT2G37250.1	N/A	56.122	98	21	1	42	117	33	130	3.02e-27	107
Dm_00007558-RA	AT4G31140.1	N/A	59.420	483	186	4	5	482	6	483	0.0	609
Dm_00005311-RA	AT3G19270.2	N/A	66.667	465	152	2	10	474	6	467	0.0	660
Dm_00008040-RA	AT1G56580.1	N/A	57.857	140	58	1	1	139	1	140	9.37e-51	163
Dm_00008372-RA	AT1G10670.4	N/A	87.234	423	54	0	1	423	1	423	0.0	773
Dm_00007037-RA	AT4G21200.1	N/A	60.465	344	124	4	8	350	2	334	2.25e-149	424
Dm_00006785-RA	AT1G26580.3	N/A	37.028	424	224	9	99	489	12	425	1.31e-70	231
Dm_00006892-RA	AT4G22190.1	N/A	45.963	322	116	15	3	294	55	348	6.86e-52	176
Dm_00006308-RA	AT1G24130.1	N/A	48.387	465	186	12	1	464	1	412	9.28e-130	382
Dm_00007769-RA	AT1G01050.2	N/A	80.383	209	32	2	19	226	12	212	3.21e-125	353
Dm_00013703-RA	AT1G79250.2	N/A	73.836	451	87	6	523	947	110	555	0.0	673
Dm_00017809-RA	AT3G14690.1	N/A	47.180	532	239	4	7	536	20	511	0.0	531
Dm_00018174-RA	AT4G15470.1	N/A	70.286	175	36	1	189	363	98	256	7.92e-80	245
Dm_00016578-RA	AT1G72470.1	N/A	51.487	639	274	11	2	625	11	628	0.0	582
Dm_00018737-RA	AT5G60390.1	N/A	94.655	449	24	0	1	449	1	449	0.0	884
Dm_00018373-RA	AT2G04865.2	N/A	39.103	156	81	2	23	165	148	302	7.25e-26	103
Dm_00018458-RA	AT2G23770.1	N/A	31.646	632	365	19	7	608	5	599	3.01e-73	247
Dm_00016614-RA	AT5G01620.1	N/A	60.566	459	146	9	11	451	8	449	0.0	567
Dm_00014728-RA	AT5G56450.1	N/A	71.359	206	58	1	21	225	121	326	7.97e-110	319
Dm_00010416-RA	AT1G65880.1	N/A	71.212	66	19	0	1	66	1	66	3.73e-24	96.3
Dm_00011353-RA	AT1G05200.6	N/A	62.870	878	315	6	74	943	58	932	0.0	1149
Dm_00013414-RA	AT5G52400.1	N/A	54.935	537	207	9	38	572	16	519	0.0	599
Dm_00011174-RA	AT3G10220.1	N/A	73.750	240	63	0	3	242	4	243	2.84e-135	380
Dm_00013328-RA	AT2G02850.1	N/A	58.268	127	50	2	4	128	3	128	1.31e-49	154
Dm_00012983-RA	AT4G08330.1	N/A	58.871	124	48	2	22	145	40	160	1.44e-45	147
Dm_00014173-RA	AT2G37550.2	N/A	61.123	481	133	12	3	460	2	451	0.0	539
Dm_00012409-RA	AT3G57040.1	N/A	50.000	170	58	3	44	212	6	149	5.68e-48	159
Dm_00011371-RA	AT5G23530.1	N/A	52.907	344	145	6	1	342	1	329	7.21e-130	375
Dm_00009141-RA	AT3G13570.1	N/A	68.205	195	56	3	3	197	1	189	3.75e-72	219
Dm_00002510-RA	AT1G15320.2	N/A	54.622	238	100	2	26	261	53	284	7.19e-85	255
Dm_00002588-RA	AT3G63220.1	N/A	64.740	346	121	1	17	362	1	345	9.91e-165	465
Dm_00002105-RA	AT3G06350.1	N/A	62.764	521	179	2	12	517	83	603	0.0	647
Dm_00007428-RA	AT4G38630.1	N/A	64.677	402	117	8	1	399	7	386	3.37e-170	481
Dm_00008155-RA	AT3G12110.1	N/A	97.878	377	8	0	1	377	1	377	0.0	773
Dm_00011091-RA	AT2G24360.1	N/A	83.784	111	18	0	1	111	301	411	3.23e-67	207
Dm_00009785-RA	AT1G30700.1	N/A	56.957	539	215	9	8	544	4	527	0.0	592
Dm_00009475-RA	AT1G76990.4	N/A	66.807	476	123	4	47	515	6	453	0.0	649
Dm_00015772-RA	AT1G62640.1	N/A	70.674	341	89	2	17	346	64	404	1.36e-178	501
Dm_00015170-RA	AT3G63290.1	N/A	51.493	402	162	10	42	436	28	403	5.52e-121	358
Dm_00000842-RA	AT4G27070.1	N/A	73.876	467	98	3	26	491	32	475	0.0	696
Dm_00000573-RA	AT5G27450.3	N/A	68.394	386	111	6	1	383	1	378	0.0	522
Dm_00000575-RA	AT5G27490.1	N/A	78.292	281	53	2	48	321	3	282	4.90e-162	453
Dm_00000603-RA	AT5G47910.1	N/A	61.356	929	320	16	16	930	18	921	0.0	1164
Dm_00001140-RA	AT1G47530.1	N/A	75.385	455	112	0	2	456	13	467	0.0	689
Dm_00001144-RA	AT4G36830.1	N/A	53.623	276	113	5	11	283	6	269	3.53e-91	273
Dm_00003812-RA	AT1G33420.2	N/A	46.813	455	208	10	290	736	119	547	1.40e-132	406
Dm_00003412-RA	AT1G44170.2	N/A	63.065	509	159	1	4	512	3	482	0.0	674
Dm_00003373-RA	AT4G38430.1	N/A	57.348	626	188	17	1	625	1	548	0.0	640
Dm_00003372-RA	AT4G38470.2	N/A	67.951	571	143	5	13	573	7	547	0.0	766
Dm_00000436-RA	AT5G13930.1	N/A	66.838	389	128	1	11	398	7	395	0.0	563
Dm_00017238-RA	AT2G16800.1	N/A	61.779	416	94	13	1	395	1	372	1.55e-147	423
Dm_00015779-RA	AT1G64230.2	N/A	97.917	144	3	0	1	144	1	144	1.63e-104	295
Dm_00017221-RA	AT3G61460.1	N/A	61.932	176	54	3	1	176	1	163	1.35e-74	222
Dm_00011779-RA	AT5G49060.2	N/A	51.657	362	146	7	1	349	1	346	2.86e-108	321
Dm_00009853-RA	AT4G29330.2	N/A	55.963	109	22	1	1	83	98	206	1.11e-31	113
Dm_00012961-RA	AT5G59810.1	N/A	59.628	753	284	9	10	759	40	775	0.0	880
Dm_00012538-RA	AT2G17030.1	N/A	39.225	413	222	11	18	422	1	392	7.83e-80	252
Dm_00016551-RA	AT1G32640.1	N/A	47.671	644	244	13	91	727	65	622	7.71e-178	523
Dm_00016700-RA	AT3G14690.1	N/A	48.649	518	254	3	7	523	5	511	0.0	541
Dm_00016671-RA	AT1G21450.1	N/A	59.965	567	184	12	8	550	46	593	0.0	657
Dm_00012958-RA	AT4G36480.2	N/A	67.411	224	73	0	2	225	256	479	1.99e-104	310
Dm_00016067-RA	AT2G32720.1	N/A	81.905	105	19	0	7	111	30	134	7.54e-62	185
Dm_00001968-RA	AT1G65320.1	N/A	64.815	432	118	9	1	424	1	406	9.44e-179	506
Dm_00001981-RA	AT2G02240.1	N/A	43.007	286	136	5	19	303	61	320	2.10e-74	231
Dm_00001970-RA	AT1G65410.1	N/A	76.768	297	68	1	37	332	38	334	2.38e-165	465
Dm_00002176-RA	AT1G26690.1	N/A	64.019	214	77	0	1	214	1	214	2.84e-107	307
Dm_00001535-RA	AT4G13940.1	N/A	90.309	485	47	0	1	485	1	485	0.0	910
Dm_00005336-RA	AT5G40330.1	N/A	66.055	109	37	0	11	119	8	116	1.20e-50	163
Dm_00005290-RA	AT1G78860.1	N/A	48.387	434	208	9	15	443	9	431	1.72e-143	417
Dm_00004990-RA	AT4G21705.1	N/A	53.264	383	171	1	21	395	16	398	6.21e-147	426
Dm_00004624-RA	AT1G13570.3	N/A	56.103	426	168	6	4	421	2	416	6.27e-158	452
Dm_00006038-RA	AT2G02180.1	N/A	41.463	328	114	7	22	328	33	303	4.05e-65	207
Dm_00005231-RA	AT5G17290.1	N/A	55.618	356	132	2	4	358	2	332	6.50e-146	416
Dm_00010485-RA	AT1G08230.2	N/A	56.448	473	165	5	7	476	4	438	9.94e-172	491
Dm_00010589-RA	AT5G52840.1	N/A	73.529	170	43	1	1	170	1	168	2.97e-88	256
Dm_00017996-RA	AT4G05160.1	N/A	54.375	480	187	5	1	476	1	452	0.0	524
Dm_00018922-RA	AT2G18280.2	N/A	55.656	442	134	7	1	429	1	393	1.23e-168	479
Dm_00019292-RA	AT5G06490.1	N/A	43.367	196	89	5	3	181	2	192	1.12e-42	141
Dm_00004813-RA	AT2G26710.1	N/A	60.821	536	182	8	20	554	7	515	0.0	650
Dm_00004423-RA	AT1G31730.1	N/A	66.837	980	236	15	1	934	1	937	0.0	1250
Dm_00001218-RA	AT5G36290.2	N/A	72.598	281	55	5	38	314	31	293	3.95e-128	367
Dm_00001946-RA	AT1G70660.1	N/A	79.085	153	32	0	4	156	3	155	4.53e-91	262
Dm_00002337-RA	AT3G15920.1	N/A	40.227	706	337	14	5	668	91	753	8.44e-136	416
Dm_00002033-RA	AT5G53200.1	N/A	68.421	76	24	0	1	76	1	76	2.04e-32	108
Dm_00002043-RA	AT5G24090.1	N/A	53.872	297	125	3	7	298	13	302	1.06e-116	338
Dm_00020320-RA	AT3G45980.1	N/A	89.610	154	12	2	1	154	1	150	1.96e-87	252
Dm_00016979-RA	AT3G15040.1	N/A	45.662	219	93	5	38	230	25	243	1.40e-38	134
Dm_00002092-RA	AT4G16600.1	N/A	69.191	383	118	0	1	383	112	494	0.0	577
Dm_00002154-RA	AT2G25110.1	N/A	65.812	234	60	4	1	234	3	216	2.97e-112	321
Dm_00001804-RA	AT1G09210.1	N/A	81.543	363	67	0	3	365	1	363	0.0	599
Dm_00001802-RA	AT2G47470.1	N/A	69.589	365	107	1	1	365	1	361	0.0	520
Dm_00001810-RA	AT1G56423.2	N/A	58.065	217	79	2	1	209	30	242	3.21e-90	265
Dm_00001819-RA	AT3G17100.1	N/A	46.203	158	79	3	39	190	49	206	2.44e-34	122
Dm_00001820-RA	AT1G09280.1	N/A	54.450	382	131	6	21	400	241	581	2.87e-135	400
Dm_00007951-RA	AT3G07680.1	N/A	71.066	197	55	1	45	241	14	208	1.22e-104	301
Dm_00014593-RA	AT3G51740.1	N/A	64.602	791	253	13	62	849	44	810	0.0	937
Dm_00014592-RA	AT3G56110.1	N/A	73.469	196	50	1	1	196	1	194	2.70e-98	286
Dm_00012553-RA	AT3G56860.10	N/A	59.447	434	136	11	94	510	68	478	6.54e-153	445
Dm_00015411-RA	AT1G71080.1	N/A	57.616	151	58	3	9	155	2	150	4.50e-48	166
Dm_00015546-RA	AT2G39400.1	N/A	61.093	311	110	2	8	318	6	305	4.76e-138	393
Dm_00012516-RA	AT2G30720.1	N/A	72.840	405	96	5	1	402	56	449	0.0	594
Dm_00014254-RA	AT5G54160.1	N/A	48.780	369	180	5	4	371	1	361	5.30e-122	357
Dm_00014242-RA	AT5G63000.1	N/A	77.848	158	35	0	38	195	15	172	2.58e-89	261
Dm_00012208-RA	AT5G23960.2	N/A	38.390	534	313	11	19	550	26	545	1.36e-123	374
Dm_00013075-RA	AT5G04420.1	N/A	54.297	512	226	3	9	512	2	513	0.0	551
Dm_00012465-RA	AT2G44480.2	N/A	53.639	371	168	2	1	371	48	414	1.61e-152	437
Dm_00010477-RA	AT2G04880.2	N/A	49.259	270	124	6	22	286	86	347	1.98e-74	240
Dm_00009037-RA	AT4G03210.1	N/A	73.427	286	67	2	17	302	13	289	1.15e-166	464
Dm_00000684-RA	AT2G27430.1	N/A	49.007	302	131	9	1	298	156	438	3.56e-76	239
Dm_00000699-RA	AT5G11210.1	N/A	31.650	891	507	26	14	856	14	850	1.35e-136	429
Dm_00000707-RA	AT5G47220.1	N/A	47.692	130	60	1	12	133	48	177	3.50e-34	120
Dm_00000706-RA	AT5G45960.1	N/A	34.524	168	108	1	5	170	144	311	1.01e-34	125
Dm_00001823-RA	AT1G09330.1	N/A	82.418	182	32	0	30	211	5	186	2.04e-111	317
Dm_00001520-RA	AT3G13224.2	N/A	67.347	294	78	6	1	283	1	287	2.67e-111	328
Dm_00001589-RA	AT1G15170.1	N/A	61.521	434	167	0	35	468	34	467	0.0	566
Dm_00002130-RA	AT5G55050.1	N/A	44.957	347	178	8	32	372	37	376	4.96e-92	281
Dm_00009796-RA	AT1G74840.2	N/A	52.119	236	93	6	10	240	15	235	2.76e-61	194
Dm_00007822-RA	AT5G15740.1	N/A	72.257	483	113	4	50	528	35	500	0.0	738
Dm_00010373-RA	AT4G00630.1	N/A	71.352	1124	271	12	109	1228	98	1174	0.0	1425
Dm_00012910-RA	AT1G54180.2	N/A	61.290	372	110	7	1	366	1	344	4.25e-157	445
Dm_00000028-RA	AT3G56340.1	N/A	77.647	85	18	1	101	184	32	116	4.78e-39	132
Dm_00017564-RA	AT2G06510.1	N/A	67.188	640	189	5	1	619	1	640	0.0	902
Dm_00017526-RA	AT5G09360.1	N/A	47.648	489	241	8	4	489	93	569	1.61e-167	486
Dm_00017615-RA	AT3G14230.3	N/A	42.308	416	163	15	1	385	1	370	1.26e-66	216
Dm_00003866-RA	AT2G27500.2	N/A	66.959	342	112	1	5	345	24	365	8.71e-174	488
Dm_00004276-RA	AT1G16540.1	N/A	52.252	222	97	3	5	221	570	787	5.00e-66	218
Dm_00003795-RA	AT2G30050.1	N/A	84.437	302	47	0	1	302	1	302	0.0	533
Dm_00003791-RA	AT5G33280.1	N/A	67.137	779	218	2	36	814	22	762	0.0	1045
Dm_00020263-RA	AT4G37660.1	N/A	54.237	177	70	4	1	177	1	166	9.67e-45	147
Dm_00001792-RA	AT3G59310.3	N/A	44.406	286	124	3	41	297	32	311	8.78e-81	247
Dm_00001320-RA	AT2G43020.1	N/A	78.947	475	96	2	2	472	16	490	0.0	770
Dm_00015504-RA	AT5G64300.1	N/A	78.916	498	100	4	34	529	34	528	0.0	801
Dm_00015304-RA	AT5G15730.3	N/A	61.176	425	144	6	1	412	1	417	6.47e-165	485
Dm_00005303-RA	AT3G22480.1	N/A	67.586	145	43	1	3	143	2	146	1.61e-63	191
Dm_00005302-RA	AT2G16710.1	N/A	81.343	134	25	0	1	134	1	134	8.49e-82	236
Dm_00008292-RA	AT1G09830.1	N/A	81.193	436	81	1	141	576	92	526	0.0	729
Dm_00009330-RA	AT2G37360.1	N/A	69.413	716	201	6	24	723	42	755	0.0	981
Dm_00004677-RA	AT1G76490.1	N/A	66.452	620	168	6	1	618	51	632	0.0	825
Dm_00004215-RA	AT5G60700.2	N/A	71.340	963	243	6	1	961	1	932	0.0	1431
Dm_00004838-RA	AT5G61240.1	N/A	84.416	308	36	1	54	361	29	324	0.0	537
Dm_00004839-RA	AT1G69330.1	N/A	54.093	281	107	7	1	271	1	269	1.17e-94	280
Dm_00001688-RA	AT5G50230.1	N/A	67.793	503	162	0	8	510	3	505	0.0	743
Dm_00001762-RA	AT2G32530.1	N/A	39.044	753	291	13	13	605	3	747	1.89e-147	463
Dm_00001767-RA	AT5G55090.1	N/A	43.799	379	166	13	2	372	5	344	4.72e-91	281
Dm_00001769-RA	AT5G42570.1	N/A	60.648	216	85	0	2	217	1	216	4.57e-95	277
Dm_00001770-RA	AT1G05120.1	N/A	69.000	300	74	3	110	408	550	831	5.57e-144	432
Dm_00001642-RA	AT4G37680.4	N/A	67.792	385	94	5	59	439	32	390	0.0	534
Dm_00020310-RA	AT2G43500.10	N/A	48.179	961	375	23	28	931	33	927	0.0	775
Dm_00020480-RA	AT3G19970.1	N/A	62.306	451	153	5	1	451	1	434	0.0	553
Dm_00019662-RA	AT3G62420.1	N/A	60.993	141	54	1	3	142	5	145	1.65e-56	173
Dm_00019655-RA	AT4G39220.1	N/A	50.455	220	48	3	1	201	1	178	5.42e-64	196
Dm_00012944-RA	AT1G67930.1	N/A	67.551	829	248	7	32	850	15	832	0.0	1061
Dm_00014168-RA	AT4G18050.2	N/A	71.657	1249	327	7	32	1279	24	1246	0.0	1768
Dm_00007811-RA	AT1G14290.1	N/A	73.541	257	68	0	1	257	2	258	3.12e-151	422
Dm_00007462-RA	AT1G13970.1	N/A	73.832	107	28	0	5	111	362	468	6.45e-56	181
Dm_00008682-RA	AT1G69490.1	N/A	56.842	285	95	6	12	295	3	260	5.22e-106	310
Dm_00009749-RA	AT1G50510.1	N/A	67.435	347	91	4	1	343	1	329	6.42e-164	461
Dm_00001584-RA	AT3G26040.1	N/A	35.892	443	264	11	1	435	1	431	6.46e-80	254
Dm_00001494-RA	AT4G17520.1	N/A	45.974	385	163	12	1	366	1	359	2.56e-82	255
Dm_00018126-RA	AT5G54370.1	N/A	56.034	348	142	4	1	348	1	337	8.50e-146	415
Dm_00017788-RA	AT1G23800.1	N/A	76.693	502	108	3	24	516	33	534	0.0	817
Dm_00016403-RA	AT5G22220.3	N/A	58.920	426	127	16	19	410	8	419	8.63e-146	424
Dm_00018322-RA	AT4G25570.2	N/A	51.705	176	76	3	123	298	89	255	7.07e-49	164
Dm_00018023-RA	AT2G45550.1	N/A	46.016	502	262	3	10	505	9	507	3.81e-161	467
Dm_00007338-RA	AT5G60680.1	N/A	48.864	176	72	5	1	171	1	163	6.94e-35	120
Dm_00005404-RA	AT5G19540.1	N/A	70.764	301	86	2	1	299	148	448	9.93e-155	441
Dm_00017936-RA	AT3G61040.1	N/A	28.571	315	160	10	157	421	195	494	1.38e-29	120
Dm_00018748-RA	AT5G46050.1	N/A	67.364	478	148	4	4	479	109	580	0.0	639
Dm_00007102-RA	AT3G03740.1	N/A	70.207	386	112	3	16	398	36	421	0.0	550
Dm_00005882-RA	AT1G58280.4	N/A	58.000	250	78	2	1	225	25	272	2.68e-98	288
Dm_00010117-RA	AT1G71940.1	N/A	68.385	291	73	3	1	291	1	272	1.18e-145	410
Dm_00010120-RA	AT1G71960.1	N/A	60.800	625	232	6	5	621	42	661	0.0	761
Dm_00007971-RA	AT5G19860.1	N/A	59.398	133	51	1	32	161	34	166	2.03e-50	169
Dm_00008368-RA	AT4G13710.1	N/A	78.820	373	79	0	14	386	98	470	0.0	651
Dm_00008652-RA	AT1G08620.4	N/A	43.920	699	355	7	1	665	1	696	6.17e-174	536
Dm_00006048-RA	AT3G58060.2	N/A	56.793	449	126	6	18	445	8	409	6.38e-170	483
Dm_00011743-RA	AT1G29850.1	N/A	81.513	119	19	1	28	143	1	119	3.50e-63	190
Dm_00001333-RA	AT3G58710.1	N/A	44.863	292	121	11	14	295	10	271	4.69e-64	203
Dm_00001327-RA	AT5G05340.1	N/A	58.644	295	120	1	40	332	30	324	7.75e-126	363
Dm_00001334-RA	AT1G06400.1	N/A	76.389	216	50	1	1	216	1	215	2.45e-126	356
Dm_00001340-RA	AT3G03540.1	N/A	66.585	407	135	1	7	412	86	492	0.0	570
Dm_00001343-RA	AT1G08170.1	N/A	58.696	92	38	0	119	210	147	238	1.48e-36	128
Dm_00001999-RA	AT2G02990.1	N/A	57.055	163	65	1	12	169	3	165	3.74e-63	198
Dm_00001623-RA	AT1G09210.1	N/A	84.225	374	58	1	8	381	6	378	0.0	612
Dm_00001627-RA	AT3G62630.1	N/A	47.482	417	164	17	23	425	4	379	4.47e-85	265
Dm_00001631-RA	AT5G26940.2	N/A	45.426	317	161	7	6	320	1	307	5.91e-79	244
Dm_00015463-RA	AT2G22640.1	N/A	92.771	83	6	0	1	83	1	83	2.12e-53	160
Dm_00014675-RA	AT1G12880.1	N/A	64.800	125	41	1	7	128	19	143	2.20e-48	154
Dm_00015703-RA	AT3G10740.3	N/A	49.183	612	248	11	64	617	53	659	0.0	591
Dm_00019613-RA	AT4G26060.1	N/A	68.235	85	27	0	3	87	45	129	6.92e-41	131
Dm_00018692-RA	AT1G23750.1	N/A	78.832	137	28	1	1	136	1	137	1.33e-77	226
Dm_00018786-RA	AT5G47080.1	N/A	75.000	300	58	6	7	302	1	287	7.25e-157	439
Dm_00000173-RA	AT5G53560.1	N/A	63.971	136	47	1	1	136	1	134	3.41e-61	184
Dm_00001746-RA	AT3G18830.1	N/A	70.307	522	144	5	9	526	1	515	0.0	730
Dm_00001862-RA	AT1G01720.1	N/A	54.769	325	93	7	8	321	5	286	3.03e-111	325
Dm_00001875-RA	AT5G40850.1	N/A	71.751	354	89	3	96	448	26	369	6.31e-171	484
Dm_00019697-RA	AT3G12500.1	N/A	62.937	286	88	4	1	280	53	326	3.96e-120	347
Dm_00015273-RA	AT5G54160.1	N/A	49.051	369	179	5	1	368	1	361	7.39e-123	359
Dm_00018812-RA	AT5G48810.1	N/A	52.985	134	63	0	1	134	1	134	1.41e-51	160
Dm_00005746-RA	AT5G23960.2	N/A	39.208	505	297	9	47	549	49	545	6.29e-125	377
Dm_00004569-RA	AT3G61920.1	N/A	45.455	209	85	6	1	206	1	183	1.83e-42	142
Dm_00003436-RA	AT1G19910.1	N/A	95.041	121	6	0	1	121	1	121	1.29e-76	224
Dm_00003435-RA	AT4G34710.1	N/A	68.213	733	175	11	1	711	1	697	0.0	983
Dm_00005763-RA	AT3G57400.1	N/A	38.491	530	247	12	21	543	17	474	1.68e-88	281
Dm_00000507-RA	AT4G14990.1	N/A	51.497	835	323	27	2	824	22	786	0.0	708
Dm_00001030-RA	AT5G19590.2	N/A	66.116	121	41	0	169	289	31	151	8.73e-56	177
Dm_00001040-RA	AT3G24350.1	N/A	65.689	341	101	7	2	330	4	340	7.99e-134	385
Dm_00001058-RA	AT2G26650.1	N/A	57.604	868	285	21	47	869	23	852	0.0	931
Dm_00001060-RA	AT4G32440.1	N/A	35.697	409	224	10	1	407	1	372	4.83e-61	202
Dm_00000956-RA	AT5G14040.1	N/A	72.500	360	85	3	9	354	6	365	0.0	516
Dm_00000967-RA	AT4G24990.2	N/A	74.490	98	25	0	1	98	1	98	2.97e-53	162
Dm_00000978-RA	AT5G13080.1	N/A	81.111	90	17	0	97	186	53	142	9.45e-52	163
Dm_00000981-RA	AT5G50460.1	N/A	91.304	69	6	0	1	69	1	69	1.33e-41	130
Dm_00006610-RA	AT4G24550.2	N/A	82.192	219	37	2	39	257	203	419	3.14e-128	372
Dm_00006530-RA	AT4G27410.2	N/A	65.399	263	68	4	1	261	1	242	4.06e-115	337
Dm_00005971-RA	AT3G02430.1	N/A	52.632	228	92	4	3	230	2	213	2.47e-78	235
Dm_00005751-RA	AT2G43160.2	N/A	48.531	851	306	28	3	778	1	794	0.0	623
Dm_00006404-RA	AT5G62360.1	N/A	48.795	166	74	4	41	203	43	200	1.19e-48	158
Dm_00010466-RA	AT2G32030.1	N/A	58.929	168	65	1	30	197	21	184	7.22e-71	213
Dm_00001395-RA	AT3G52600.1	N/A	57.616	604	220	10	27	617	6	586	0.0	690
Dm_00001405-RA	AT3G02875.1	N/A	68.408	402	127	0	28	429	28	429	0.0	575
Dm_00001709-RA	AT1G68490.1	N/A	46.154	195	89	7	1	191	1	183	2.16e-42	140
Dm_00001716-RA	AT1G68300.1	N/A	51.316	152	73	1	13	163	9	160	4.21e-51	161
Dm_00001848-RA	AT3G48520.1	N/A	58.891	523	188	6	16	538	4	499	0.0	594
Dm_00001851-RA	AT4G24840.1	N/A	63.984	758	245	7	14	765	20	755	0.0	988
Dm_00004005-RA	AT4G28000.2	N/A	69.607	839	235	10	1	826	1	832	0.0	1151
Dm_00004004-RA	AT5G24030.1	N/A	63.169	467	155	8	154	611	175	633	0.0	602
Dm_00011725-RA	AT5G18140.1	N/A	50.644	233	102	5	88	314	104	329	1.62e-65	209
Dm_00018155-RA	AT5G45890.1	N/A	59.184	196	78	1	2	197	152	345	7.78e-83	249
Dm_00018156-RA	AT5G45890.1	N/A	47.107	121	58	3	7	123	34	152	2.60e-30	111
Dm_00020431-RA	AT1G11905.2	N/A	63.830	94	34	0	1	94	1	94	1.69e-39	130
Dm_00018773-RA	AT2G39210.1	N/A	66.370	562	174	4	20	575	13	565	0.0	759
Dm_00016188-RA	AT5G25610.1	N/A	45.614	228	117	6	104	325	163	389	7.02e-59	194
Dm_00005516-RA	AT1G11580.1	N/A	65.854	205	70	0	230	434	353	557	1.24e-95	298
Dm_00005515-RA	AT1G11580.1	N/A	40.122	329	166	9	10	327	6	314	1.47e-64	219
Dm_00006386-RA	AT3G03860.1	N/A	40.210	286	122	2	1	284	59	297	1.29e-69	218
Dm_00000934-RA	AT4G14615.1	N/A	60.920	87	23	1	1	87	1	76	8.51e-31	104
Dm_00000371-RA	AT5G60980.3	N/A	43.705	421	179	14	65	478	1	370	2.78e-80	257
Dm_00000374-RA	AT1G24625.1	N/A	48.485	132	47	5	86	213	57	171	1.50e-30	113
Dm_00010599-RA	AT5G54370.1	N/A	60.131	306	114	3	1	306	1	298	2.37e-141	402
Dm_00010650-RA	AT5G60860.1	N/A	93.056	216	14	1	2	217	3	217	8.37e-150	415
Dm_00009194-RA	AT2G40110.4	N/A	52.326	86	40	1	1	86	1	85	1.22e-29	101
Dm_00009195-RA	AT3G07810.1	N/A	68.952	248	70	5	11	255	1	244	9.43e-112	339
Dm_00016139-RA	AT1G79160.1	N/A	47.664	214	71	7	45	246	55	239	1.27e-48	160
Dm_00016742-RA	AT5G15490.1	N/A	64.394	132	21	1	1	106	349	480	1.77e-53	174
Dm_00003521-RA	AT2G26975.1	N/A	54.478	134	54	2	11	143	7	134	4.35e-44	142
Dm_00004196-RA	AT1G01260.1	N/A	44.103	619	214	17	1	528	3	580	1.10e-147	437
Dm_00003889-RA	AT1G68710.1	N/A	73.142	1184	308	5	10	1189	13	1190	0.0	1844
Dm_00003891-RA	AT1G68690.3	N/A	73.743	358	90	3	11	366	342	697	0.0	550
Dm_00004334-RA	AT5G17920.1	N/A	87.582	765	95	0	7	771	1	765	0.0	1415
Dm_00019215-RA	AT2G25690.1	N/A	35.878	393	159	20	56	442	1	306	1.89e-41	151
Dm_00019633-RA	AT1G11260.1	N/A	79.605	152	31	0	1	152	1	152	5.13e-81	248
Dm_00013287-RA	AT3G46520.1	N/A	97.613	377	9	0	1	377	1	377	0.0	768
Dm_00004103-RA	AT3G60800.1	N/A	76.453	327	55	2	1	325	1	307	2.61e-178	495
Dm_00003647-RA	AT5G45960.1	N/A	51.250	80	38	1	35	114	46	124	3.84e-22	89.7
Dm_00004133-RA	AT4G26700.1	N/A	72.287	682	184	4	1	678	1	681	0.0	1010
Dm_00004132-RA	AT3G07880.1	N/A	70.588	204	59	1	24	227	35	237	5.77e-107	308
Dm_00004128-RA	AT5G55500.1	N/A	61.212	495	145	11	87	549	55	534	0.0	597
Dm_00004301-RA	AT2G28630.1	N/A	67.033	455	136	2	19	459	19	473	0.0	651
Dm_00012060-RA	AT1G48160.1	N/A	71.910	89	24	1	7	94	9	97	1.50e-42	136
Dm_00012062-RA	AT5G15640.1	N/A	49.511	307	151	2	15	319	11	315	1.68e-111	327
Dm_00011360-RA	AT3G54250.1	N/A	76.134	419	97	1	3	421	4	419	0.0	659
Dm_00011696-RA	AT3G48140.1	N/A	76.190	84	20	0	6	89	3	86	5.68e-44	137
Dm_00012938-RA	AT5G35430.1	N/A	44.167	600	275	13	24	613	229	778	4.61e-145	439
Dm_00010385-RA	AT1G08570.2	N/A	61.111	162	61	1	87	248	47	206	2.68e-69	216
Dm_00004435-RA	AT1G53310.3	N/A	87.707	968	113	3	3	968	4	967	0.0	1736
Dm_00000663-RA	AT4G32830.1	N/A	85.050	301	37	2	1	301	1	293	0.0	536
Dm_00000277-RA	AT4G24990.2	N/A	74.757	103	26	0	1	103	1	103	5.04e-56	171
Dm_00000295-RA	AT5G50460.1	N/A	92.647	68	5	0	1	68	1	68	1.02e-41	130
Dm_00000299-RA	AT1G67340.1	N/A	60.231	347	122	4	18	364	41	371	5.02e-140	403
Dm_00000303-RA	AT5G63440.2	N/A	87.850	214	26	0	1	214	1	214	5.99e-145	403
Dm_00018680-RA	AT5G05610.1	N/A	77.731	238	52	1	1	237	1	238	3.83e-123	349
Dm_00018574-RA	AT4G31930.1	N/A	52.020	198	95	0	48	245	35	232	1.29e-75	229
Dm_00018679-RA	AT3G54820.1	N/A	73.980	196	48	2	5	197	6	201	6.44e-97	283
Dm_00015017-RA	AT5G10840.1	N/A	84.261	629	98	1	10	637	20	648	0.0	1103
Dm_00007445-RA	AT3G12610.1	N/A	60.694	346	135	1	20	364	27	372	4.09e-152	433
Dm_00008116-RA	AT5G49820.1	N/A	60.284	282	64	4	7	282	235	474	3.39e-114	338
Dm_00007984-RA	AT4G32140.1	N/A	65.128	390	94	3	1	348	1	390	3.53e-168	474
Dm_00007985-RA	AT2G25300.1	N/A	68.044	363	90	3	4	366	3	339	2.94e-176	495
Dm_00000077-RA	AT5G20180.1	N/A	36.486	148	46	3	1	148	1	100	1.73e-24	91.3
Dm_00000098-RA	AT4G32440.1	N/A	36.627	415	214	11	1	409	1	372	2.01e-62	206
Dm_00000112-RA	AT1G08510.1	N/A	75.749	367	87	2	45	410	37	402	0.0	580
Dm_00000118-RA	AT1G20190.1	N/A	75.949	237	57	0	530	766	16	252	1.30e-132	394
Dm_00000160-RA	AT1G42540.1	N/A	58.065	930	359	11	18	938	12	919	0.0	1097
Dm_00007360-RA	AT1G70770.2	N/A	47.692	585	258	8	14	581	5	558	6.78e-169	494
Dm_00007359-RA	AT4G18160.1	N/A	59.184	441	142	9	22	449	16	431	8.08e-167	477
Dm_00005646-RA	AT5G04590.1	N/A	73.303	663	153	3	1	663	1	639	0.0	1005
Dm_00006924-RA	AT1G52740.1	N/A	91.045	134	12	0	1	134	1	134	6.20e-79	229
Dm_00006920-RA	AT2G26710.1	N/A	60.821	536	182	8	20	554	7	515	0.0	650
Dm_00006921-RA	AT1G64890.1	N/A	59.436	461	165	3	1	460	1	440	0.0	540
Dm_00014251-RA	AT2G17970.1	N/A	60.674	445	139	7	29	447	3	437	1.46e-175	503
Dm_00013974-RA	AT2G22900.1	N/A	60.000	440	167	5	8	446	12	443	0.0	535
Dm_00013976-RA	AT2G22870.1	N/A	63.009	319	92	4	1	313	1	299	8.85e-146	412
Dm_00005083-RA	AT5G64816.4	N/A	86.777	121	15	1	23	143	1	120	2.10e-74	218
Dm_00013028-RA	AT1G71190.1	N/A	70.120	251	54	2	2	231	1	251	2.66e-125	356
Dm_00014368-RA	AT1G77210.1	N/A	75.149	503	125	0	1	503	1	503	0.0	793
Dm_00017641-RA	AT1G04260.1	N/A	37.427	171	99	2	13	175	10	180	1.38e-31	114
Dm_00016202-RA	AT4G00730.1	N/A	65.248	846	215	17	1	811	1	802	0.0	1023
Dm_00015716-RA	AT5G49480.1	N/A	48.810	168	75	6	1	167	1	158	1.81e-44	144
Dm_00015718-RA	AT5G49480.1	N/A	48.810	168	75	6	1	167	1	158	1.81e-44	144
Dm_00017814-RA	AT1G50440.2	N/A	76.623	231	50	1	239	465	20	250	1.61e-131	380
Dm_00004175-RA	AT5G41940.1	N/A	62.249	498	169	5	63	558	69	549	0.0	608
Dm_00004185-RA	AT3G60410.2	N/A	49.618	131	61	4	152	278	191	320	1.06e-26	107
Dm_00004173-RA	AT4G31830.1	N/A	55.128	78	35	0	4	81	22	99	5.11e-27	94.7
Dm_00004183-RA	AT2G35680.1	N/A	54.670	364	124	9	1	350	1	337	2.35e-124	361
Dm_00011424-RA	AT3G26020.2	N/A	69.412	510	143	3	1	497	1	510	0.0	696
Dm_00011380-RA	AT5G51400.1	N/A	68.692	214	65	2	1	213	1	213	7.19e-111	318
Dm_00007263-RA	AT3G45140.1	N/A	55.030	825	354	7	456	1276	85	896	0.0	941
Dm_00007264-RA	AT3G45140.1	N/A	48.348	333	162	5	68	395	136	463	3.81e-106	333
Dm_00006590-RA	AT4G21190.1	N/A	59.848	264	99	2	1	257	1	264	2.31e-115	334
Dm_00016470-RA	AT5G62350.1	N/A	46.369	179	93	2	25	200	21	199	8.35e-54	171
Dm_00017307-RA	AT3G09350.1	N/A	71.467	368	100	2	1	368	1	363	0.0	540
Dm_00014745-RA	AT3G58970.1	N/A	62.889	450	148	4	1	447	1	434	0.0	557
Dm_00013273-RA	AT2G45910.1	N/A	35.685	482	216	8	59	536	42	433	1.88e-75	255
Dm_00006962-RA	AT5G03160.1	N/A	72.393	489	112	5	2	489	1	467	0.0	634
Dm_00006964-RA	AT3G53390.1	N/A	63.289	523	182	7	1	516	1	520	0.0	666
Dm_00007323-RA	AT1G02130.1	N/A	75.000	160	20	2	18	168	25	173	1.71e-77	233
Dm_00008604-RA	AT4G37880.1	N/A	56.522	391	162	6	1	386	1	388	2.17e-155	443
Dm_00016637-RA	AT3G61415.1	N/A	79.459	185	37	1	15	198	7	191	4.01e-98	298
Dm_00016399-RA	AT2G45180.1	N/A	65.169	89	28	3	70	158	48	133	2.91e-30	107
Dm_00000225-RA	AT3G16090.1	N/A	63.551	535	149	5	1	533	1	491	0.0	667
Dm_00000248-RA	AT4G17900.1	N/A	56.780	236	65	6	36	269	27	227	5.42e-86	256
Dm_00001295-RA	AT2G41380.1	N/A	60.902	266	100	1	1	262	1	266	6.09e-116	333
Dm_00008759-RA	AT1G54115.1	N/A	51.750	657	270	14	9	649	15	640	0.0	620
Dm_00020964-RA	AT3G15010.2	N/A	64.981	257	78	3	1	250	1	252	4.39e-112	335
Dm_00021033-RA	AT3G57550.2	N/A	68.340	259	79	2	25	282	66	322	3.32e-124	360
Dm_00021091-RA	AT3G06720.2	N/A	79.803	203	38	1	23	222	319	521	4.78e-114	337
Dm_00011670-RA	AT5G44250.1	N/A	52.723	404	162	7	1	386	1	393	1.88e-136	396
Dm_00012968-RA	AT4G17720.1	N/A	63.755	229	74	3	28	251	68	292	4.09e-88	265
