Dm_00006505-RA	AT1G57610.2	N/A	55.882	170	62	3	22	185	124	286	4.96e-59	186
Dm_00007010-RA	AT5G62020.1	N/A	46.429	336	129	10	2	327	3	297	2.65e-85	259
Dm_00006514-RA	AT4G03420.1	N/A	68.868	212	51	5	1	212	1	197	9.08e-88	261
Dm_00006693-RA	AT4G12520.1	N/A	58.042	143	46	3	1	143	1	129	1.57e-42	137
Dm_00006697-RA	AT4G17260.1	N/A	77.219	338	74	1	1	335	1	338	0.0	519
Dm_00006967-RA	AT5G23960.2	N/A	37.066	259	162	1	3	261	288	545	9.32e-57	190
Dm_00006968-RA	AT5G23960.2	N/A	39.630	270	141	7	39	296	4	263	5.03e-52	179
Dm_00006672-RA	AT5G14670.3	N/A	98.895	181	2	0	1	181	1	181	9.21e-134	372
Dm_00006301-RA	AT5G64330.1	N/A	68.792	737	188	14	1	715	2	718	0.0	954
Dm_00016707-RA	AT1G24590.1	N/A	75.556	90	9	2	55	131	27	116	1.67e-38	140
Dm_00017061-RA	AT5G58220.1	N/A	55.340	206	78	3	7	207	128	324	6.56e-68	211
Dm_00017101-RA	AT2G02130.1	N/A	56.579	76	29	2	5	80	6	77	5.02e-23	84.0
Dm_00017090-RA	AT4G33080.1	N/A	84.946	372	54	2	70	439	108	479	0.0	665
Dm_00008209-RA	AT3G16350.1	N/A	45.149	268	126	7	1	264	137	387	4.19e-51	172
Dm_00008210-RA	AT1G79750.1	N/A	65.527	673	123	7	4	666	2	575	0.0	862
Dm_00008825-RA	AT5G27860.2	N/A	70.588	68	20	0	155	222	110	177	9.04e-24	94.0
Dm_00019356-RA	AT3G11950.5	N/A	56.065	371	156	3	63	428	9	377	1.77e-150	439
Dm_00019579-RA	AT5G49690.1	N/A	32.833	466	266	11	3	440	5	451	4.34e-67	221
Dm_00020939-RA	AT1G02500.1	N/A	91.560	391	31	1	61	449	1	391	0.0	721
Dm_00020608-RA	AT1G09320.1	N/A	42.958	142	74	3	12	146	39	180	1.67e-27	111
Dm_00020960-RA	AT5G61850.1	N/A	52.688	465	128	7	1	451	1	387	4.32e-144	421
Dm_00018548-RA	AT3G10185.1	N/A	56.452	124	42	2	7	120	1	122	1.80e-36	120
Dm_00018451-RA	AT1G07705.2	N/A	63.650	652	174	9	7	639	3	610	0.0	732
Dm_00007460-RA	AT4G31080.1	N/A	56.725	342	135	4	98	430	35	372	1.01e-128	381
Dm_00007239-RA	AT4G34800.1	N/A	53.763	93	33	2	8	98	6	90	3.13e-29	100
Dm_00008657-RA	AT2G39840.1	N/A	84.950	299	45	0	10	308	13	311	0.0	542
Dm_00007897-RA	AT4G14550.1	N/A	48.230	226	68	7	1	182	1	221	4.67e-59	184
Dm_00008801-RA	AT3G19980.1	N/A	82.768	354	10	1	1	354	1	303	0.0	599
Dm_00017045-RA	AT4G12070.1	N/A	58.125	480	172	9	25	488	16	482	0.0	541
Dm_00008608-RA	AT1G75760.3	N/A	80.282	142	28	0	1	142	1	142	1.75e-82	243
Dm_00008718-RA	AT1G25682.2	N/A	73.702	289	76	0	1	289	2	290	8.74e-162	453
Dm_00015386-RA	AT2G23790.1	N/A	48.266	346	142	9	1	327	1	328	2.04e-104	311
Dm_00016122-RA	AT5G28040.1	N/A	43.735	407	173	16	52	448	62	422	5.83e-86	270
Dm_00015917-RA	AT3G12920.1	N/A	39.667	421	157	17	1	411	1	334	1.00e-78	246
Dm_00018495-RA	AT5G40810.1	N/A	83.819	309	47	2	1	308	1	307	3.90e-180	499
Dm_00016675-RA	AT1G78530.1	N/A	66.181	343	89	5	8	328	9	346	5.05e-165	464
Dm_00018667-RA	AT3G07870.1	N/A	25.266	376	230	14	11	352	28	386	4.78e-22	99.8
Dm_00018211-RA	AT1G50020.1	N/A	53.061	147	60	4	34	177	29	169	1.77e-38	131
Dm_00018823-RA	AT1G17730.1	N/A	87.755	196	23	1	1	195	8	203	9.82e-125	350
Dm_00020970-RA	AT2G36950.1	N/A	40.462	346	171	10	32	353	52	386	3.53e-56	188
Dm_00020899-RA	AT3G63390.1	N/A	48.889	135	57	2	12	146	5	127	5.09e-33	118
Dm_00017594-RA	AT5G15650.1	N/A	87.464	351	44	0	1	351	10	360	0.0	651
Dm_00009309-RA	AT5G10450.1	N/A	40.845	213	112	6	13	220	5	208	1.20e-35	127
Dm_00009517-RA	AT3G02350.1	N/A	78.453	543	117	0	17	559	19	561	0.0	879
Dm_00015953-RA	AT4G22920.1	N/A	66.270	252	71	3	1	249	1	241	4.97e-119	341
Dm_00015365-RA	AT5G20400.1	N/A	41.918	365	180	8	23	383	9	345	9.85e-90	275
Dm_00011838-RA	AT5G48170.1	N/A	47.305	167	54	5	58	218	12	150	1.94e-40	136
Dm_00003402-RA	AT5G42830.1	N/A	50.000	466	203	11	13	477	14	450	2.27e-149	434
Dm_00003175-RA	AT2G03620.1	N/A	62.864	412	141	6	16	423	17	420	7.48e-171	485
Dm_00018980-RA	AT4G33420.1	N/A	69.872	312	89	4	9	319	18	325	2.77e-157	442
Dm_00018936-RA	AT5G09360.1	N/A	47.764	559	240	8	9	528	12	557	0.0	532
Dm_00019001-RA	AT2G22475.1	N/A	59.862	289	105	5	17	296	13	299	3.05e-108	316
Dm_00010876-RA	AT1G63180.1	N/A	82.948	346	59	0	3	348	6	351	0.0	616
Dm_00013010-RA	AT4G33600.1	N/A	47.990	398	195	6	114	509	64	451	2.36e-131	390
Dm_00002568-RA	AT1G04910.1	N/A	81.798	445	81	0	3	447	55	499	0.0	801
Dm_00002989-RA	AT3G16490.1	N/A	46.569	408	149	13	1	394	1	353	1.92e-68	221
Dm_00019473-RA	AT1G76750.1	N/A	46.667	135	64	2	14	140	8	142	1.33e-37	125
Dm_00018399-RA	AT5G10550.1	N/A	40.882	499	251	11	93	579	61	527	1.18e-96	308
Dm_00019581-RA	AT5G47870.1	N/A	74.483	145	26	2	71	204	55	199	5.36e-73	219
Dm_00019632-RA	AT4G36180.1	N/A	65.130	1150	370	13	1	1135	3	1136	0.0	1387
Dm_00019559-RA	AT5G65890.3	N/A	49.658	439	204	8	33	459	40	473	7.75e-135	397
Dm_00011741-RA	AT2G19770.1	N/A	77.612	134	27	1	1	131	1	134	1.98e-78	228
Dm_00011641-RA	AT2G13650.2	N/A	63.636	110	38	1	27	136	9	116	9.85e-40	134
Dm_00011640-RA	AT2G13650.5	N/A	53.676	272	65	7	7	271	25	242	1.16e-74	228
Dm_00020622-RA	AT2G01930.2	N/A	47.782	293	130	9	1	280	1	283	3.04e-82	253
Dm_00009238-RA	AT1G76970.5	N/A	44.944	178	43	4	51	222	85	213	4.37e-32	120
Dm_00008687-RA	AT4G34050.1	N/A	77.551	245	36	1	5	230	15	259	2.12e-145	406
Dm_00010072-RA	AT5G63860.1	N/A	76.804	388	90	0	14	401	26	413	0.0	640
Dm_00010044-RA	AT2G34590.1	N/A	92.593	324	24	0	13	336	83	406	0.0	639
Dm_00002986-RA	AT5G19910.1	N/A	66.832	202	49	4	1	194	1	192	6.63e-88	257
Dm_00003163-RA	AT2G20780.1	N/A	68.566	509	142	5	20	528	24	514	0.0	686
Dm_00002488-RA	AT1G58290.1	N/A	84.582	467	70	1	90	556	79	543	0.0	808
Dm_00002014-RA	AT5G16740.1	N/A	60.839	429	156	4	43	470	3	420	9.78e-171	487
Dm_00002547-RA	AT1G72770.4	N/A	44.548	431	158	14	37	465	160	511	2.22e-101	313
Dm_00002412-RA	AT3G50120.1	N/A	43.421	228	106	5	1	213	1	220	6.05e-56	186
Dm_00015996-RA	AT2G46080.1	N/A	52.212	339	159	3	1	337	1	338	6.36e-120	350
Dm_00015526-RA	AT4G24390.1	N/A	67.912	589	170	5	18	600	48	623	0.0	818
Dm_00017284-RA	AT5G05340.1	N/A	57.860	299	113	2	27	322	26	314	4.67e-121	351
Dm_00009898-RA	AT5G03490.1	N/A	47.495	499	219	9	1	496	7	465	8.41e-157	454
Dm_00010708-RA	AT5G52545.2	N/A	63.265	147	51	2	7	150	8	154	7.94e-60	182
Dm_00016335-RA	AT1G27210.1	N/A	41.915	637	264	18	15	651	34	564	1.86e-128	395
Dm_00016415-RA	AT5G41800.1	N/A	78.947	437	92	0	19	455	16	452	0.0	710
Dm_00016283-RA	AT4G35905.1	N/A	70.667	75	20	1	1	73	1	75	8.55e-32	106
Dm_00003034-RA	AT1G75780.1	N/A	92.683	451	29	1	1	451	1	447	0.0	837
Dm_00002759-RA	AT5G66920.1	N/A	68.946	541	144	1	22	562	30	546	0.0	798
Dm_00002811-RA	AT1G71070.1	N/A	54.703	404	130	4	1	361	1	394	2.62e-150	429
Dm_00018072-RA	AT5G64510.1	N/A	64.027	442	132	7	7	443	5	424	0.0	543
Dm_00005222-RA	AT2G26440.1	N/A	64.370	508	155	8	602	1090	33	533	0.0	657
Dm_00006259-RA	AT5G52800.3	N/A	61.446	498	175	4	47	531	86	579	0.0	634
Dm_00006248-RA	AT3G14720.1	N/A	67.921	611	168	12	5	608	1	590	0.0	789
Dm_00005964-RA	AT1G59725.1	N/A	44.681	188	71	3	1	161	1	182	3.02e-43	146
Dm_00005960-RA	AT1G59700.1	N/A	53.390	118	39	3	7	124	6	107	2.75e-31	113
Dm_00019296-RA	AT4G01200.1	N/A	44.402	259	107	6	2	252	3	232	1.25e-56	182
Dm_00018833-RA	AT1G27730.1	N/A	38.491	265	114	10	1	262	1	219	2.30e-44	150
Dm_00006411-RA	AT1G71020.1	N/A	60.559	644	216	9	19	656	9	620	0.0	718
Dm_00019818-RA	AT2G26250.1	N/A	49.476	572	216	12	1	532	1	539	0.0	528
Dm_00002622-RA	AT3G18430.1	N/A	63.429	175	32	2	1	143	1	175	3.94e-73	216
Dm_00002776-RA	AT1G68370.1	N/A	76.960	421	67	5	7	421	8	404	0.0	645
Dm_00003059-RA	AT1G42550.1	N/A	44.330	970	377	42	11	947	3	842	0.0	580
Dm_00003080-RA	AT5G52210.1	N/A	55.731	253	59	5	1	250	1	203	6.84e-83	246
Dm_00003083-RA	AT4G25560.1	N/A	50.505	198	83	5	15	209	9	194	1.93e-61	193
Dm_00007922-RA	AT3G21175.2	N/A	55.459	229	93	4	16	240	28	251	4.72e-71	221
Dm_00006911-RA	AT1G24360.1	N/A	66.904	281	76	1	4	284	56	319	2.87e-133	380
Dm_00007508-RA	AT5G03760.1	N/A	52.586	116	49	2	1	111	1	115	4.60e-34	123
Dm_00006877-RA	AT1G05010.1	N/A	72.000	325	85	3	1	321	1	323	2.21e-176	491
Dm_00011520-RA	AT5G25830.1	N/A	49.660	294	97	10	65	318	48	330	3.51e-79	244
Dm_00010225-RA	AT1G34180.3	N/A	50.951	263	115	4	17	265	19	281	7.43e-83	257
Dm_00011118-RA	AT5G54590.2	N/A	75.194	387	95	1	1	386	1	387	0.0	621
Dm_00012610-RA	AT2G47600.1	N/A	60.839	286	78	5	11	262	20	305	4.84e-106	322
Dm_00011823-RA	AT2G27490.4	N/A	71.495	214	61	0	6	219	1	214	1.39e-111	319
Dm_00009408-RA	AT3G57040.1	N/A	54.506	233	77	6	1	206	1	231	5.30e-72	218
Dm_00009781-RA	AT5G47650.3	N/A	52.397	292	101	3	24	315	19	272	7.59e-103	303
Dm_00018359-RA	AT4G38180.1	N/A	31.159	276	140	4	4	231	70	343	1.01e-31	122
Dm_00005035-RA	AT1G56580.1	N/A	58.955	134	54	1	10	142	9	142	4.78e-54	168
Dm_00010003-RA	AT5G21170.1	N/A	54.783	230	87	3	42	268	66	281	5.77e-89	266
Dm_00010005-RA	AT2G26980.3	N/A	74.651	430	90	4	8	419	6	434	0.0	667
Dm_00016769-RA	AT3G14720.1	N/A	67.967	615	167	10	53	661	8	598	0.0	792
Dm_00019271-RA	AT3G02000.1	N/A	62.044	137	42	4	1	128	1	136	6.56e-46	145
Dm_00016129-RA	AT2G33700.1	N/A	69.967	303	87	3	9	310	77	376	1.74e-153	435
Dm_00004605-RA	AT3G21720.1	N/A	77.106	546	112	4	3	548	13	545	0.0	873
Dm_00005439-RA	AT4G18380.2	N/A	34.908	381	210	9	17	377	18	380	1.03e-51	177
Dm_00005846-RA	AT3G43660.1	N/A	65.263	190	58	2	60	249	17	198	2.20e-84	250
Dm_00005913-RA	AT3G63470.1	N/A	55.324	479	202	8	27	499	29	501	0.0	537
Dm_00005989-RA	AT3G18030.1	N/A	70.051	197	59	0	197	393	4	200	5.32e-104	306
Dm_00019856-RA	AT5G17540.1	N/A	67.021	94	29	1	54	145	54	147	1.36e-36	131
Dm_00018115-RA	AT3G12920.1	N/A	35.054	368	176	15	1	339	1	334	4.05e-56	186
Dm_00007295-RA	AT1G58440.1	N/A	71.146	506	110	5	87	592	22	491	0.0	728
Dm_00007799-RA	AT1G15020.2	N/A	53.707	499	173	8	21	472	18	505	0.0	540
Dm_00015500-RA	AT1G11790.1	N/A	64.141	396	134	4	1	395	1	389	1.05e-179	505
Dm_00014060-RA	AT3G02700.1	N/A	67.234	235	75	2	1	235	1	233	3.20e-110	318
Dm_00014866-RA	AT3G28917.1	N/A	65.217	92	28	3	1	91	1	89	4.30e-32	108
Dm_00015116-RA	AT1G74310.1	N/A	82.609	897	154	2	1	896	1	896	0.0	1540
Dm_00013077-RA	AT5G10820.1	N/A	59.664	476	186	1	11	480	13	488	0.0	561
Dm_00012974-RA	AT2G42320.1	N/A	61.596	539	163	8	278	815	172	667	0.0	674
Dm_00016383-RA	AT4G32680.1	N/A	34.058	138	80	2	95	232	150	276	3.74e-22	92.4
Dm_00015398-RA	AT1G10740.4	N/A	77.533	454	99	3	1	451	1	454	0.0	738
Dm_00010047-RA	AT1G14560.1	N/A	63.848	343	107	2	1	338	1	331	5.06e-147	418
Dm_00010238-RA	AT3G45040.1	N/A	53.184	534	174	7	3	467	6	532	5.17e-159	462
Dm_00002424-RA	AT3G50760.1	N/A	70.659	334	88	4	22	351	11	338	1.41e-176	493
Dm_00002703-RA	AT1G72030.1	N/A	58.000	100	41	1	13	111	155	254	3.84e-35	121
Dm_00002708-RA	AT1G22930.1	N/A	49.060	1170	536	23	26	1182	6	1128	0.0	1023
Dm_00002453-RA	AT5G16300.1	N/A	57.632	1081	423	9	5	1077	13	1066	0.0	1219
Dm_00009464-RA	AT5G15870.1	N/A	64.901	453	130	3	6	430	243	694	0.0	592
Dm_00016522-RA	AT1G19190.1	N/A	36.741	313	172	7	22	318	13	315	3.23e-65	208
Dm_00015544-RA	AT2G43790.1	N/A	85.606	396	46	4	3	391	4	395	0.0	676
Dm_00014598-RA	AT3G03800.1	N/A	68.016	247	63	1	5	251	74	304	3.28e-113	327
Dm_00015468-RA	AT2G39210.1	N/A	66.607	563	177	4	14	572	10	565	0.0	762
Dm_00015503-RA	AT4G22540.5	N/A	62.924	766	212	13	1	739	1	721	0.0	945
Dm_00010945-RA	AT5G60020.1	N/A	69.983	573	161	5	20	581	5	577	0.0	848
Dm_00008528-RA	AT4G16430.1	N/A	43.849	504	240	13	1	498	1	467	1.60e-130	387
Dm_00003357-RA	AT5G66590.1	N/A	49.367	158	64	3	46	201	42	185	1.01e-48	157
Dm_00003150-RA	AT3G05390.1	N/A	64.583	432	142	2	1	432	14	434	0.0	593
Dm_00003690-RA	AT1G04120.1	N/A	74.026	1540	365	12	1	1532	1	1513	0.0	2281
Dm_00003694-RA	AT5G37290.1	N/A	63.212	193	57	5	1	192	1	180	2.05e-78	232
Dm_00015487-RA	AT3G55090.1	N/A	65.793	763	207	8	1	737	1	735	0.0	971
Dm_00015603-RA	AT2G31955.2	N/A	70.769	390	104	3	3	389	1	383	0.0	561
Dm_00012463-RA	AT1G11790.1	N/A	60.137	291	103	3	17	294	69	359	4.34e-114	335
Dm_00015773-RA	AT3G59360.2	N/A	79.449	399	70	4	67	463	1	389	0.0	643
Dm_00004744-RA	AT5G35320.1	N/A	37.143	245	117	9	6	241	9	225	4.75e-31	114
Dm_00006363-RA	AT4G32140.1	N/A	72.507	371	85	4	1	354	5	375	0.0	518
Dm_00006899-RA	AT1G28480.1	N/A	66.667	108	33	1	49	156	33	137	1.44e-46	148
Dm_00005538-RA	AT3G51290.3	N/A	27.564	468	279	12	238	679	198	631	8.30e-44	167
Dm_00006482-RA	AT1G52580.1	N/A	60.507	276	98	4	25	297	16	283	2.17e-114	332
Dm_00013407-RA	AT5G37790.1	N/A	59.728	514	161	9	41	516	47	552	0.0	568
Dm_00002370-RA	AT3G53010.1	N/A	57.143	238	96	3	41	277	30	262	7.11e-91	273
Dm_00002387-RA	AT2G23340.1	N/A	63.014	146	43	3	45	179	26	171	6.29e-51	162
Dm_00002386-RA	AT5G52010.1	N/A	63.324	349	112	6	44	385	34	373	7.79e-156	444
Dm_00002385-RA	AT4G06536.1	N/A	41.606	137	57	4	371	507	50	163	1.43e-22	95.1
Dm_00002686-RA	AT5G55590.1	N/A	54.660	397	138	4	5	385	10	380	2.33e-137	397
Dm_00002683-RA	AT1G55910.1	N/A	58.282	326	110	2	17	334	19	326	2.60e-133	382
Dm_00006286-RA	AT4G08170.2	N/A	75.000	284	70	1	49	332	39	321	1.24e-145	415
Dm_00006510-RA	AT2G46140.1	N/A	61.212	165	64	0	67	231	2	166	2.52e-72	218
Dm_00005723-RA	AT3G43810.2	N/A	99.324	148	1	0	1	148	1	148	5.64e-106	301
Dm_00005567-RA	AT4G38790.1	N/A	82.213	253	42	2	5	255	6	257	2.33e-151	424
Dm_00005870-RA	AT3G54320.3	N/A	69.886	176	47	3	80	250	53	227	1.84e-77	241
Dm_00005155-RA	AT5G52920.1	N/A	78.755	546	86	1	56	601	60	575	0.0	896
Dm_00005320-RA	AT5G67290.1	N/A	67.337	398	114	4	23	416	17	402	0.0	513
Dm_00012723-RA	AT1G61660.6	N/A	30.248	443	180	19	1	432	1	325	1.28e-32	127
Dm_00013145-RA	AT2G23340.1	N/A	61.392	158	45	4	6	155	20	169	3.85e-53	166
Dm_00005611-RA	AT4G35000.1	N/A	78.715	249	52	1	74	321	39	287	2.21e-135	386
Dm_00004875-RA	AT1G75250.2	N/A	65.517	87	24	1	1	87	1	81	1.95e-34	115
Dm_00016343-RA	AT3G14180.1	N/A	55.556	216	81	6	1	205	1	212	1.51e-63	211
Dm_00019004-RA	AT5G17540.1	N/A	54.426	305	128	8	5	305	147	444	1.43e-104	314
Dm_00018948-RA	AT1G01880.1	N/A	53.268	612	259	10	1	606	1	591	0.0	609
Dm_00013894-RA	AT3G18000.1	N/A	77.642	492	102	1	8	499	7	490	0.0	813
Dm_00013325-RA	AT3G55600.1	N/A	63.071	241	79	4	1	233	2	240	1.44e-98	287
Dm_00012435-RA	AT3G26040.1	N/A	30.303	462	279	18	4	450	1	434	1.89e-56	193
Dm_00016339-RA	AT1G50460.1	N/A	59.810	525	160	5	25	549	25	498	0.0	612
Dm_00010242-RA	AT5G64350.1	N/A	79.464	112	23	0	1	112	1	112	1.88e-63	188
Dm_00011868-RA	AT5G13870.2	N/A	77.816	293	65	0	19	311	1	293	3.28e-180	499
Dm_00012144-RA	AT1G02520.2	N/A	69.723	1265	333	8	91	1332	40	1277	0.0	1760
Dm_00008952-RA	AT5G19150.2	N/A	78.030	132	26	1	3	131	46	177	9.97e-70	214
Dm_00011513-RA	AT5G52660.1	N/A	52.830	318	116	6	1	303	1	299	3.89e-101	300
Dm_00018360-RA	AT5G22460.1	N/A	47.619	336	152	2	9	321	3	337	1.15e-108	333
Dm_00018387-RA	AT3G28850.1	N/A	43.574	498	176	17	1	463	1	428	2.45e-102	312
Dm_00016838-RA	AT5G20820.1	N/A	46.721	122	56	3	6	123	10	126	2.28e-28	100
Dm_00017407-RA	AT5G62150.1	N/A	76.786	56	13	0	90	145	40	95	1.12e-29	104
Dm_00018002-RA	AT3G20260.1	N/A	56.948	439	176	6	1	428	1	437	9.56e-153	440
Dm_00003660-RA	AT5G57800.1	N/A	64.434	627	217	3	5	625	3	629	0.0	869
Dm_00002840-RA	AT3G11440.2	N/A	65.476	84	29	0	239	322	41	124	8.22e-36	135
Dm_00003416-RA	AT1G72050.3	N/A	51.980	404	141	4	1	353	16	417	3.59e-137	398
Dm_00003423-RA	AT4G24380.1	N/A	33.750	240	100	5	1	193	1	228	4.31e-42	143
Dm_00003640-RA	AT4G30600.2	N/A	75.587	639	134	13	1	622	1	634	0.0	879
Dm_00020569-RA	AT4G08520.1	N/A	70.787	178	52	0	103	280	4	181	5.38e-94	275
Dm_00007883-RA	AT5G59560.2	N/A	54.023	261	116	3	19	277	13	271	3.14e-96	285
Dm_00017381-RA	AT4G00430.1	N/A	85.664	286	40	1	1	286	1	285	0.0	508
Dm_00017285-RA	AT1G18640.2	N/A	78.723	141	30	0	7	147	155	295	2.76e-78	234
Dm_00011467-RA	AT5G19430.3	N/A	48.095	210	72	7	43	232	4	196	9.66e-47	154
Dm_00013679-RA	AT2G26640.1	N/A	54.566	438	193	3	13	450	72	503	2.03e-175	502
Dm_00013395-RA	AT3G27320.1	N/A	69.753	486	121	7	1	486	1	460	0.0	653
Dm_00005125-RA	AT5G45620.1	N/A	80.570	386	75	0	15	400	1	386	0.0	659
Dm_00005126-RA	AT2G41490.1	N/A	73.953	430	95	2	141	553	2	431	0.0	639
Dm_00005380-RA	AT1G67370.1	N/A	58.564	613	195	11	36	608	2	595	0.0	650
Dm_00005617-RA	AT1G17410.1	N/A	60.417	144	57	0	31	174	22	165	4.23e-62	190
Dm_00015232-RA	AT4G14740.1	N/A	65.139	502	129	9	1	487	1	471	0.0	565
Dm_00016034-RA	AT5G53870.1	N/A	43.850	187	89	4	7	177	4	190	8.90e-44	154
Dm_00016252-RA	AT4G33890.2	N/A	46.197	355	159	8	17	366	8	335	2.28e-83	257
Dm_00013585-RA	AT4G11820.2	N/A	74.948	483	81	5	11	491	17	461	0.0	738
Dm_00010488-RA	AT4G38580.1	N/A	75.316	158	34	1	1	158	1	153	9.90e-88	253
Dm_00004791-RA	AT3G17440.1	N/A	70.817	257	39	4	2	238	21	261	2.82e-115	331
Dm_00005382-RA	AT5G53390.1	N/A	31.881	505	300	10	1	493	1	473	7.98e-78	252
Dm_00005389-RA	AT1G76490.1	N/A	73.250	557	134	5	27	578	85	631	0.0	827
Dm_00008473-RA	AT5G65890.3	N/A	49.658	439	204	8	33	459	40	473	7.75e-135	397
Dm_00007997-RA	AT1G78570.1	N/A	86.012	672	90	4	1	671	1	669	0.0	1221
Dm_00007573-RA	AT4G17880.1	N/A	29.084	557	266	15	27	487	63	586	2.08e-70	235
Dm_00006353-RA	AT3G44220.1	N/A	58.852	209	80	3	6	214	4	206	3.74e-87	256
Dm_00003277-RA	AT1G70780.1	N/A	56.061	132	57	1	5	135	9	140	2.65e-51	159
Dm_00017502-RA	AT2G31510.1	N/A	67.594	503	157	2	96	593	59	560	0.0	715
Dm_00017304-RA	AT2G06530.2	N/A	80.631	222	24	3	1	221	1	204	1.07e-108	311
Dm_00015415-RA	AT5G24530.1	N/A	43.155	336	184	5	4	334	5	338	5.22e-93	281
Dm_00013948-RA	AT1G48160.1	N/A	72.414	87	23	1	7	92	9	95	2.59e-42	135
Dm_00011830-RA	AT3G54040.1	N/A	55.000	160	68	2	2	161	26	181	6.04e-56	174
Dm_00011728-RA	AT3G51040.3	N/A	60.377	212	77	1	23	227	20	231	9.77e-92	269
Dm_00011729-RA	AT5G66390.1	N/A	64.412	340	103	1	15	354	12	333	1.22e-165	466
Dm_00003189-RA	AT1G69170.1	N/A	35.294	357	171	9	178	523	98	405	2.64e-51	180
Dm_00002915-RA	AT2G44140.3	N/A	60.976	410	153	5	2	406	36	443	3.69e-179	509
Dm_00003105-RA	AT1G01120.1	N/A	70.363	523	146	6	15	531	7	526	0.0	749
Dm_00003108-RA	AT5G42080.1	N/A	83.438	477	79	0	3	479	134	610	0.0	850
Dm_00003115-RA	AT1G01350.1	N/A	70.662	317	88	4	53	369	25	336	4.01e-160	452
Dm_00003116-RA	AT3G61680.1	N/A	50.832	661	268	11	15	647	18	649	0.0	612
Dm_00003602-RA	AT5G20170.1	N/A	52.381	672	281	10	1	659	1	646	0.0	675
Dm_00003618-RA	AT1G15360.1	N/A	38.647	207	67	6	1	207	53	199	6.91e-24	94.7
Dm_00003799-RA	AT1G32050.1	N/A	43.946	223	82	4	17	199	36	255	1.17e-52	171
Dm_00003503-RA	AT3G54690.1	N/A	74.286	350	81	2	1	341	1	350	0.0	520
Dm_00003502-RA	AT1G08630.4	N/A	73.699	346	91	0	13	358	1	346	0.0	543
Dm_00014338-RA	AT1G26670.1	N/A	69.388	196	58	2	38	232	28	222	5.58e-94	275
Dm_00014502-RA	AT5G32450.1	N/A	63.462	208	68	4	1	205	64	266	7.67e-86	254
Dm_00010909-RA	AT1G67630.1	N/A	48.065	672	256	9	4	651	6	608	0.0	607
Dm_00011203-RA	AT1G08010.1	N/A	33.333	315	157	8	8	315	19	287	1.75e-37	136
Dm_00020021-RA	AT4G16070.1	N/A	59.848	660	223	7	1	628	1	650	0.0	712
Dm_00019493-RA	AT3G22370.1	N/A	50.000	180	70	6	1	169	2	172	2.38e-49	162
Dm_00004904-RA	AT5G20680.3	N/A	70.882	340	99	0	108	447	212	551	0.0	556
Dm_00006459-RA	AT2G20990.1	N/A	70.849	542	154	3	1	539	1	541	0.0	815
Dm_00007613-RA	AT3G47730.1	N/A	53.661	956	363	15	11	893	6	954	0.0	979
Dm_00007041-RA	AT4G30210.3	N/A	71.652	702	191	5	11	706	75	774	0.0	1017
Dm_00007043-RA	AT1G25370.1	N/A	36.082	291	135	9	7	289	16	263	9.23e-38	134
Dm_00006445-RA	AT1G61800.2	N/A	73.003	363	56	3	67	429	49	369	0.0	512
Dm_00013608-RA	AT4G01790.1	N/A	50.685	73	36	0	24	96	91	163	8.35e-24	90.1
Dm_00014874-RA	AT4G00400.1	N/A	74.798	496	123	1	5	500	7	500	0.0	745
Dm_00015854-RA	AT5G12010.1	N/A	65.756	476	154	4	19	486	28	502	0.0	644
Dm_00019528-RA	AT3G13980.1	N/A	42.152	223	94	6	200	414	149	344	1.40e-28	115
Dm_00019502-RA	AT4G17010.1	N/A	51.333	150	53	3	1	147	1	133	2.47e-42	139
Dm_00008986-RA	AT3G61350.1	N/A	52.586	348	155	6	5	348	17	358	5.06e-120	350
Dm_00007666-RA	AT2G34770.1	N/A	52.814	231	98	1	1	220	1	231	2.83e-82	245
Dm_00002394-RA	AT3G53520.1	N/A	68.820	449	123	9	14	459	1	435	0.0	595
Dm_00013128-RA	AT5G16440.1	N/A	63.051	295	39	2	1	295	67	291	2.69e-127	364
Dm_00013127-RA	AT5G36230.1	N/A	81.266	395	74	0	6	400	10	404	0.0	688
Dm_00013269-RA	AT2G19570.1	N/A	60.201	299	115	3	5	301	5	301	1.61e-116	338
Dm_00012692-RA	AT5G13700.1	N/A	70.917	447	120	3	23	463	20	462	0.0	655
Dm_00004589-RA	AT5G65640.1	N/A	60.619	226	74	7	144	363	135	351	2.16e-71	227
Dm_00004788-RA	AT5G16110.1	N/A	44.330	194	70	6	1	173	67	243	5.02e-36	129
Dm_00005743-RA	AT3G63270.1	N/A	66.129	372	119	3	20	391	30	394	0.0	526
Dm_00005762-RA	AT2G37090.1	N/A	53.846	351	134	7	1	327	1	347	1.46e-121	354
Dm_00006072-RA	AT3G61620.1	N/A	70.632	269	50	3	1	268	1	241	7.78e-131	370
Dm_00011407-RA	AT3G02460.1	N/A	86.288	299	41	0	12	310	51	349	0.0	545
Dm_00013811-RA	AT2G24240.1	N/A	69.351	447	121	8	3	444	2	437	0.0	614
Dm_00012015-RA	AT5G47920.1	N/A	34.031	191	107	4	4	185	3	183	1.75e-22	89.7
Dm_00011634-RA	AT5G63770.2	N/A	64.051	701	240	7	22	720	22	712	0.0	916
Dm_00016945-RA	AT3G62260.1	N/A	61.389	360	130	4	2	353	24	382	1.12e-153	437
Dm_00008106-RA	AT1G72020.1	N/A	59.259	81	32	1	35	114	17	97	1.65e-30	104
Dm_00008107-RA	AT4G09510.1	N/A	85.792	549	75	3	14	560	11	558	0.0	994
Dm_00006768-RA	AT1G66230.1	N/A	81.250	144	27	0	26	169	1	144	9.19e-86	259
Dm_00006863-RA	AT1G54130.1	N/A	62.450	743	216	16	7	728	15	715	0.0	834
Dm_00007599-RA	AT5G05490.1	N/A	36.006	636	310	19	5	607	29	600	1.15e-92	298
Dm_00008038-RA	AT1G56560.1	N/A	77.289	568	100	4	98	665	77	615	0.0	925
Dm_00008033-RA	AT3G62290.3	N/A	100.000	107	0	0	3	109	74	180	9.49e-78	227
Dm_00008035-RA	AT1G56600.1	N/A	78.010	191	39	2	1	191	1	188	2.90e-109	317
Dm_00005342-RA	AT1G19580.1	N/A	76.431	297	45	2	1	297	1	272	2.15e-166	463
Dm_00006713-RA	AT2G34250.2	N/A	91.368	475	34	1	10	477	1	475	0.0	885
Dm_00014714-RA	AT2G31160.1	N/A	81.098	164	25	1	30	187	20	183	2.71e-84	250
Dm_00017325-RA	AT3G54320.3	N/A	84.956	113	14	1	86	195	61	173	2.98e-63	201
Dm_00017457-RA	AT1G24480.1	N/A	68.145	248	66	3	5	252	3	237	4.97e-120	342
Dm_00018025-RA	AT1G69430.1	N/A	62.783	309	113	2	36	344	35	341	6.86e-134	386
Dm_00017675-RA	AT1G78570.1	N/A	85.693	671	94	2	74	744	1	669	0.0	1229
Dm_00018368-RA	AT2G36840.1	N/A	62.439	410	147	3	1	403	1	410	0.0	526
Dm_00019010-RA	AT3G10050.1	N/A	72.710	535	115	5	78	592	62	585	0.0	751
Dm_00018336-RA	AT5G26751.1	N/A	86.207	348	45	2	1	348	1	345	0.0	609
Dm_00018337-RA	AT5G26751.1	N/A	77.273	66	15	0	42	107	340	405	2.69e-32	116
Dm_00014008-RA	AT5G65380.1	N/A	58.174	471	195	1	24	492	3	473	0.0	538
Dm_00013990-RA	AT1G04590.2	N/A	54.626	227	61	2	71	297	153	337	6.63e-77	240
Dm_00013290-RA	AT5G26710.1	N/A	64.052	765	194	5	7	742	4	716	0.0	1026
Dm_00011575-RA	AT5G14670.3	N/A	94.937	79	4	0	11	89	1	79	1.35e-47	149
Dm_00011216-RA	AT3G13600.2	N/A	74.603	63	16	0	86	148	508	570	1.26e-26	107
Dm_00011165-RA	AT5G09830.1	N/A	85.000	60	9	0	4	63	21	80	3.32e-34	112
Dm_00013567-RA	AT4G03180.1	N/A	45.355	183	72	4	26	206	22	178	4.13e-37	128
Dm_00011443-RA	AT1G58250.1	N/A	62.289	2490	878	25	130	2597	1	2451	0.0	3038
Dm_00011677-RA	AT1G22260.1	N/A	41.568	931	443	10	1	919	1	842	0.0	631
Dm_00009143-RA	AT2G42500.1	N/A	83.721	344	25	1	1	344	1	313	0.0	599
Dm_00010199-RA	AT3G49870.1	N/A	90.761	184	17	0	1	184	1	184	1.53e-124	348
Dm_00014771-RA	AT5G02190.1	N/A	63.895	421	135	6	58	474	44	451	0.0	517
Dm_00014332-RA	AT5G51600.1	N/A	53.836	743	280	15	1	723	1	700	0.0	678
Dm_00002855-RA	AT1G70140.1	N/A	51.008	496	202	10	368	862	292	747	4.14e-161	489
Dm_00002857-RA	AT1G70150.1	N/A	54.427	384	142	7	1	361	1	374	5.13e-143	410
Dm_00002860-RA	AT1G59640.1	N/A	52.098	286	95	9	1	271	1	259	2.44e-83	251
Dm_00002543-RA	AT5G01740.1	N/A	41.436	181	81	8	1	175	1	162	4.19e-34	118
Dm_00002267-RA	AT4G35500.1	N/A	76.977	430	98	1	1	429	1	430	0.0	686
Dm_00002104-RA	AT5G05010.1	N/A	66.038	530	146	8	17	516	2	527	0.0	659
Dm_00002101-RA	AT4G25050.1	N/A	45.255	137	57	2	7	143	13	131	5.46e-30	105
Dm_00007503-RA	AT1G80280.1	N/A	63.636	660	207	12	8	647	1	647	0.0	770
Dm_00007431-RA	AT4G38660.1	N/A	68.201	239	73	2	14	252	13	248	6.64e-115	333
Dm_00008745-RA	AT4G08685.1	N/A	48.466	163	80	1	1	163	1	159	5.16e-53	166
Dm_00008880-RA	AT1G75750.2	N/A	58.095	105	33	2	1	102	1	97	5.52e-26	92.8
Dm_00015266-RA	AT5G45670.1	N/A	70.474	359	103	2	19	377	7	362	0.0	527
Dm_00015268-RA	AT3G42630.1	N/A	52.048	415	178	5	250	664	22	415	1.38e-139	414
Dm_00000577-RA	AT3G05330.1	N/A	42.931	389	146	16	1	331	1	371	2.75e-72	232
Dm_00000599-RA	AT3G05420.1	N/A	73.214	672	173	4	1	672	1	665	0.0	1035
Dm_00001135-RA	AT4G19390.2	N/A	36.567	134	71	3	1	120	51	184	8.37e-27	98.6
Dm_00001137-RA	AT5G42655.2	N/A	44.974	189	82	5	1	171	1	185	3.67e-43	142
Dm_00004328-RA	AT1G74470.1	N/A	58.711	419	149	3	46	441	50	467	2.95e-169	483
Dm_00003779-RA	AT1G58110.1	N/A	47.194	392	166	10	52	428	1	366	2.85e-92	285
Dm_00003740-RA	AT3G55440.1	N/A	77.108	249	54	1	1	249	1	246	1.67e-144	405
Dm_00001245-RA	AT4G35785.3	N/A	74.390	82	21	0	85	166	69	150	5.19e-41	140
Dm_00015418-RA	AT4G35310.2	N/A	79.577	568	102	5	1	566	1	556	0.0	933
Dm_00012802-RA	AT1G21070.1	N/A	74.788	353	78	2	2	353	5	347	0.0	521
Dm_00012523-RA	AT5G04560.1	N/A	65.217	506	145	5	1354	1855	1167	1645	0.0	671
Dm_00016797-RA	AT3G63240.1	N/A	62.832	565	136	12	2	524	10	542	0.0	662
Dm_00014066-RA	AT1G29500.1	N/A	48.438	128	59	3	1	127	1	122	1.10e-35	120
Dm_00016457-RA	AT3G03750.2	N/A	58.160	337	123	9	15	341	26	354	2.86e-121	353
Dm_00016191-RA	AT3G22540.1	N/A	55.906	127	32	4	1	126	1	104	8.68e-38	126
Dm_00001633-RA	AT3G05710.2	N/A	69.277	332	79	5	1	312	1	329	2.23e-161	453
Dm_00002189-RA	AT2G03350.1	N/A	72.571	175	48	0	1	175	1	175	2.39e-92	266
Dm_00001536-RA	AT4G13930.1	N/A	87.898	471	57	0	54	524	1	471	0.0	885
Dm_00004660-RA	AT1G62330.1	N/A	64.360	578	183	5	113	667	75	652	0.0	731
Dm_00004988-RA	AT4G21610.1	N/A	42.063	126	65	2	55	180	25	142	1.29e-22	89.0
Dm_00004993-RA	AT4G27460.1	N/A	46.429	392	191	8	1	381	1	384	1.95e-99	301
Dm_00012636-RA	AT1G10370.1	N/A	71.028	107	30	1	4	110	2	107	2.91e-48	155
Dm_00010486-RA	AT5G22740.1	N/A	78.868	530	91	3	20	547	23	533	0.0	878
Dm_00019621-RA	AT4G19120.2	N/A	76.645	608	129	6	1	607	1	596	0.0	994
Dm_00019721-RA	AT5G20840.1	N/A	57.369	821	321	13	23	827	24	831	0.0	898
Dm_00020117-RA	AT4G03110.1	N/A	49.062	320	101	9	13	328	172	433	1.36e-79	249
Dm_00004041-RA	AT2G30580.2	N/A	43.836	438	193	14	2	411	3	415	3.18e-102	310
Dm_00003928-RA	AT1G22340.1	N/A	54.737	475	207	5	2	473	9	478	0.0	539
Dm_00001221-RA	AT5G16530.1	N/A	70.822	353	100	2	1	352	1	351	0.0	516
Dm_00001936-RA	AT4G17720.1	N/A	56.439	264	100	6	62	317	5	261	1.03e-93	281
Dm_00001931-RA	AT5G37490.1	N/A	38.280	465	230	13	35	492	21	435	3.39e-92	287
Dm_00002341-RA	AT5G32440.3	N/A	51.020	245	99	5	1	232	1	237	2.29e-56	181
Dm_00002039-RA	AT1G64230.2	N/A	97.973	148	3	0	1	148	1	148	3.52e-108	304
Dm_00002057-RA	AT4G25670.1	N/A	47.596	208	77	7	17	223	1	177	1.31e-36	128
Dm_00002608-RA	AT1G02500.1	N/A	91.071	392	33	1	1	390	1	392	0.0	712
Dm_00002616-RA	AT5G26610.2	N/A	68.750	272	75	4	9	274	34	301	1.91e-121	349
Dm_00004278-RA	AT3G49220.3	N/A	56.492	593	226	8	39	628	79	642	0.0	634
Dm_00003655-RA	AT1G15670.1	N/A	44.828	377	189	9	1	376	1	359	2.29e-97	294
Dm_00003650-RA	AT1G60420.1	N/A	54.662	547	234	6	41	578	36	577	0.0	620
Dm_00020372-RA	AT3G25290.1	N/A	42.188	192	104	6	23	209	18	207	3.26e-34	127
Dm_00020357-RA	AT3G02570.1	N/A	59.952	417	152	4	19	432	25	429	0.0	520
Dm_00001837-RA	AT1G54490.1	N/A	53.211	109	51	0	1	109	361	469	1.04e-35	129
Dm_00001834-RA	AT5G27970.1	N/A	54.212	546	194	7	10	554	1112	1602	0.0	574
Dm_00001463-RA	AT1G61080.4	N/A	66.327	294	91	4	573	861	637	927	1.06e-115	375
Dm_00001470-RA	AT2G29990.1	N/A	66.805	482	157	3	41	520	28	508	0.0	658
Dm_00002093-RA	AT2G45140.1	N/A	61.710	269	66	4	19	283	2	237	3.66e-102	298
Dm_00002158-RA	AT2G32070.1	N/A	73.606	269	70	1	1	268	1	269	7.06e-156	435
Dm_00009469-RA	AT5G57930.2	N/A	69.898	392	112	4	10	398	54	442	0.0	540
Dm_00009258-RA	AT1G78980.1	N/A	55.730	445	178	7	1	428	213	655	7.55e-162	473
Dm_00009208-RA	AT3G50845.1	N/A	58.376	197	39	3	1	197	1	154	7.03e-72	215
Dm_00007183-RA	AT1G51700.1	N/A	48.795	166	64	3	9	166	22	174	3.22e-44	147
Dm_00009341-RA	AT1G62440.1	N/A	62.850	393	106	6	79	471	47	399	1.71e-162	485
Dm_00007674-RA	AT5G19780.1	N/A	97.333	450	11	1	1	449	1	450	0.0	912
Dm_00013965-RA	AT3G56320.3	N/A	37.747	506	232	11	61	520	31	499	1.37e-95	308
Dm_00000470-RA	AT5G60410.1	N/A	56.167	908	303	19	61	912	5	873	0.0	949
Dm_00014995-RA	AT5G62680.1	N/A	60.425	518	201	3	1	516	81	596	0.0	663
Dm_00013505-RA	AT2G30340.1	N/A	79.832	119	24	0	83	201	42	160	4.26e-68	213
Dm_00014243-RA	AT1G11120.2	N/A	54.795	146	51	5	7	146	10	146	2.04e-37	126
Dm_00014054-RA	AT1G01780.1	N/A	70.899	189	48	1	1	189	1	182	1.19e-100	290
Dm_00014343-RA	AT5G01090.1	N/A	39.329	328	170	9	31	343	36	349	4.47e-55	184
Dm_00010349-RA	AT4G22880.2	N/A	77.746	346	77	0	8	353	3	348	0.0	580
Dm_00009301-RA	AT3G62800.3	N/A	34.356	326	167	7	119	402	3	323	2.63e-43	154
Dm_00001071-RA	AT5G66920.1	N/A	72.763	514	140	0	22	535	29	542	0.0	803
Dm_00001102-RA	AT3G11920.1	N/A	54.266	586	233	10	106	684	73	630	0.0	617
Dm_00000673-RA	AT3G58630.2	N/A	49.829	293	117	8	17	286	14	299	3.96e-75	233
Dm_00000704-RA	AT5G45950.1	N/A	47.554	368	180	5	14	380	2	357	1.25e-125	366
Dm_00001825-RA	AT3G62290.3	N/A	94.444	72	4	0	34	105	110	181	3.44e-45	144
Dm_00001507-RA	AT5G56120.1	N/A	48.325	209	61	6	8	172	6	211	1.03e-48	158
Dm_00001505-RA	AT1G55690.4	N/A	52.913	618	247	8	38	612	9	625	0.0	593
Dm_00001911-RA	AT5G23530.1	N/A	53.736	348	144	5	1	346	1	333	7.03e-131	377
Dm_00001912-RA	AT5G23520.2	N/A	37.594	399	225	7	1	382	1	392	3.37e-72	232
Dm_00009094-RA	AT4G11290.1	N/A	44.785	326	148	9	12	312	8	326	3.02e-80	246
Dm_00010503-RA	AT2G41540.1	N/A	86.452	465	59	2	1	464	1	462	0.0	810
Dm_00010427-RA	AT5G42150.1	N/A	77.358	53	12	0	38	90	263	315	1.91e-22	88.6
Dm_00010749-RA	AT1G58110.1	N/A	47.382	382	177	10	1	373	1	367	2.72e-86	266
Dm_00013532-RA	AT1G58410.3	N/A	31.048	496	255	12	4	430	124	601	4.94e-58	204
Dm_00013772-RA	AT2G25610.1	N/A	90.511	137	13	0	1	137	42	178	7.60e-85	246
Dm_00012453-RA	AT5G43960.1	N/A	44.444	360	170	13	68	413	52	395	9.94e-68	224
Dm_00001290-RA	AT3G10180.1	N/A	56.048	1083	378	14	1	1003	1	1065	0.0	1080
Dm_00001200-RA	AT2G31680.1	N/A	78.995	219	45	1	1	218	1	219	3.68e-125	353
Dm_00000003-RA	AT3G54200.1	N/A	42.130	216	111	5	1	214	32	235	1.05e-38	134
Dm_00000002-RA	AT2G38650.2	N/A	60.779	385	145	3	1	385	241	619	3.55e-159	461
Dm_00000040-RA	AT5G05340.1	N/A	59.122	296	118	2	27	319	29	324	3.56e-127	366
Dm_00017695-RA	AT1G13680.1	N/A	61.837	283	101	1	3	285	71	346	1.06e-131	377
Dm_00017562-RA	AT3G02070.2	N/A	77.070	157	36	0	66	222	2	158	1.98e-83	248
Dm_00017688-RA	AT3G51370.1	N/A	74.869	382	91	2	1	382	1	377	0.0	604
Dm_00017343-RA	AT3G11410.1	N/A	51.843	407	123	9	5	399	1	346	1.89e-127	375
Dm_00019398-RA	AT1G29500.1	N/A	48.438	128	59	3	1	127	1	122	1.10e-35	120
Dm_00016039-RA	AT1G56290.1	N/A	78.571	112	24	0	12	123	580	691	2.62e-60	196
Dm_00003871-RA	AT2G27730.1	N/A	57.759	116	46	2	19	134	1	113	1.15e-29	103
Dm_00003381-RA	AT3G09880.1	N/A	73.320	491	126	3	1	490	1	487	0.0	721
Dm_00016865-RA	AT3G22370.1	N/A	79.343	213	37	1	34	239	142	354	3.51e-124	356
Dm_00001783-RA	AT5G03670.1	N/A	30.973	565	241	20	7	478	4	512	7.28e-40	150
Dm_00001885-RA	AT5G55950.1	N/A	67.838	370	85	5	8	355	27	384	4.86e-173	487
Dm_00001883-RA	AT3G13224.2	N/A	62.778	360	116	9	2	345	1	358	1.69e-115	339
Dm_00001889-RA	AT5G47770.1	N/A	68.638	389	74	1	2	390	44	384	0.0	541
Dm_00001313-RA	AT1G06690.1	N/A	75.896	307	66	2	15	321	18	316	5.33e-170	477
Dm_00001309-RA	AT3G19830.4	N/A	59.885	693	212	13	58	725	42	693	0.0	742
Dm_00004844-RA	AT5G40830.2	N/A	41.515	330	177	8	60	385	94	411	1.30e-85	266
Dm_00005301-RA	AT4G19460.1	N/A	64.024	492	168	5	1	483	24	515	0.0	654
Dm_00008294-RA	AT1G31770.1	N/A	75.453	607	137	5	39	644	50	645	0.0	911
Dm_00009280-RA	AT2G46600.1	N/A	68.142	113	36	0	21	133	19	131	7.39e-53	163
Dm_00009577-RA	AT1G30360.1	N/A	62.963	594	209	4	57	648	132	716	0.0	783
Dm_00008858-RA	AT1G68840.1	N/A	56.452	372	114	13	31	400	27	352	3.74e-127	370
Dm_00009331-RA	AT1G07670.1	N/A	72.769	1087	265	9	1	1082	1	1061	0.0	1597
Dm_00004221-RA	AT3G27230.1	N/A	42.262	336	182	6	55	390	86	409	2.48e-88	273
Dm_00004642-RA	AT3G45600.1	N/A	70.175	285	83	1	1	285	1	283	4.75e-153	429
Dm_00005450-RA	AT2G37880.1	N/A	48.432	287	101	6	1	282	1	245	7.02e-79	239
Dm_00002066-RA	AT2G17120.1	N/A	48.232	311	148	7	11	315	8	311	1.92e-83	256
Dm_00001754-RA	AT3G21630.1	N/A	56.625	634	230	11	50	656	2	617	0.0	677
Dm_00001759-RA	AT1G05070.1	N/A	58.152	184	62	2	12	187	6	182	6.80e-71	213
Dm_00001776-RA	AT1G05170.2	N/A	71.883	377	95	5	32	408	42	407	0.0	561
Dm_00001666-RA	AT4G24210.1	N/A	56.707	164	33	3	31	194	17	142	4.60e-57	177
Dm_00001840-RA	AT1G54490.2	N/A	40.559	286	149	9	10	280	592	871	8.72e-47	168
Dm_00001839-RA	AT1G54490.2	N/A	55.385	195	49	1	13	207	435	591	3.85e-62	208
Dm_00011413-RA	AT1G69750.1	N/A	75.281	89	22	0	15	103	3	91	2.10e-47	148
Dm_00011720-RA	AT1G67890.2	N/A	45.931	553	242	14	3	534	5	521	2.89e-128	392
Dm_00012752-RA	AT5G10840.1	N/A	84.245	603	94	1	2	603	46	648	0.0	1052
Dm_00007247-RA	AT3G18440.1	N/A	54.096	586	227	11	1	561	1	569	0.0	589
Dm_00007978-RA	AT1G13990.1	N/A	56.314	293	85	4	5	277	1	270	4.02e-99	293
Dm_00008147-RA	AT1G75670.3	N/A	49.697	165	71	2	1	165	1	153	2.49e-53	166
Dm_00007875-RA	AT3G12650.1	N/A	60.140	143	57	0	101	243	91	233	1.25e-55	178
Dm_00007496-RA	AT1G03060.1	N/A	70.995	3296	884	26	19	3281	323	3579	0.0	4725
Dm_00008753-RA	AT2G06040.1	N/A	42.047	723	343	15	185	860	68	761	6.50e-173	520
Dm_00010736-RA	AT2G22540.1	N/A	81.667	60	11	0	1	60	1	60	1.71e-24	101
Dm_00008591-RA	AT1G08250.1	N/A	75.266	376	81	4	62	426	28	402	0.0	548
Dm_00009412-RA	AT4G22990.1	N/A	76.312	705	154	4	1	698	1	699	0.0	1092
Dm_00009951-RA	AT3G07800.1	N/A	70.000	210	63	0	27	236	29	238	1.32e-108	313
Dm_00001580-RA	AT5G01830.1	N/A	53.201	656	280	9	9	654	10	648	0.0	640
Dm_00001579-RA	AT5G01820.1	N/A	61.321	424	157	5	10	428	8	429	3.44e-172	490
Dm_00001429-RA	AT4G24740.1	N/A	81.499	427	76	3	1	427	1	424	0.0	736
Dm_00001438-RA	AT3G48360.3	N/A	49.655	145	64	3	13	148	107	251	2.31e-43	144
Dm_00001484-RA	AT4G24140.1	N/A	57.198	514	181	10	17	519	12	497	0.0	570
Dm_00001479-RA	AT4G24150.3	N/A	37.604	359	155	15	21	360	105	413	2.22e-45	162
Dm_00001495-RA	AT4G16820.1	N/A	59.438	498	174	8	55	552	41	510	0.0	560
Dm_00017568-RA	AT3G14180.1	N/A	43.011	465	156	11	1	396	1	425	6.70e-94	289
Dm_00017932-RA	AT4G13420.1	N/A	51.454	791	371	6	1	784	1	785	0.0	813
Dm_00012778-RA	AT2G37110.1	N/A	54.812	239	92	2	6	241	16	241	5.73e-92	271
Dm_00013832-RA	AT3G63030.1	N/A	62.238	143	54	0	110	252	21	163	2.27e-65	203
Dm_00013551-RA	AT4G24380.1	N/A	65.106	235	77	3	1	233	1	232	2.18e-114	327
Dm_00010906-RA	AT2G26870.1	N/A	68.039	510	156	5	19	526	8	512	0.0	707
Dm_00007169-RA	AT4G36490.1	N/A	56.514	568	175	11	14	578	15	513	0.0	617
Dm_00006573-RA	AT1G04610.1	N/A	70.792	202	54	2	24	221	28	228	3.79e-98	296
Dm_00018609-RA	AT5G09960.1	N/A	74.286	70	16	1	2	69	3	72	3.13e-32	110
Dm_00005923-RA	AT3G07490.1	N/A	84.868	152	23	0	1	152	1	152	1.46e-82	240
Dm_00009313-RA	AT5G45380.1	N/A	68.793	580	137	5	3	540	124	701	0.0	763
Dm_00006755-RA	AT1G28220.1	N/A	48.511	235	117	1	27	261	5	235	5.19e-79	242
Dm_00013733-RA	AT3G07940.1	N/A	65.714	350	109	3	17	366	46	384	2.17e-166	470
Dm_00001335-RA	AT1G06410.2	N/A	69.651	860	231	12	1	850	1	840	0.0	1234
Dm_00002217-RA	AT1G03150.1	N/A	92.529	174	13	0	1	174	1	174	2.49e-124	347
Dm_00002001-RA	AT1G69600.1	N/A	50.485	206	88	5	73	276	27	220	6.44e-60	193
Dm_00001624-RA	AT3G62560.1	N/A	94.271	192	11	0	1	192	1	192	7.43e-135	375
Dm_00001638-RA	AT1G09160.2	N/A	67.506	437	107	7	6	425	3	421	0.0	563
Dm_00019817-RA	AT3G62950.1	N/A	67.961	103	32	1	1	102	1	103	3.57e-52	159
Dm_00019759-RA	AT2G21870.1	N/A	67.647	238	67	1	1	238	1	228	4.02e-111	319
Dm_00019736-RA	AT4G10800.1	N/A	46.953	279	134	7	102	374	5	275	1.15e-77	241
Dm_00018627-RA	AT2G18280.2	N/A	53.488	473	135	8	1	468	1	393	4.47e-164	469
Dm_00018514-RA	AT1G20140.1	N/A	51.256	199	53	3	14	208	5	163	2.86e-58	181
Dm_00001157-RA	AT3G50700.1	N/A	46.016	502	199	14	9	501	2	440	9.70e-121	362
Dm_00000739-RA	AT2G18950.1	N/A	74.916	299	75	0	83	381	82	380	8.69e-165	467
Dm_00000751-RA	AT4G30240.1	N/A	46.183	262	122	7	1	257	1	248	6.10e-65	206
Dm_00000749-RA	AT5G57440.1	N/A	77.193	228	52	0	17	244	11	238	5.09e-134	377
Dm_00020418-RA	AT5G06710.1	N/A	52.786	341	103	12	1	323	1	301	6.26e-83	254
Dm_00020498-RA	AT4G31020.2	N/A	74.915	295	57	2	1	279	1	294	5.89e-169	469
Dm_00018461-RA	AT1G26850.1	N/A	74.355	620	137	8	1	603	1	615	0.0	959
Dm_00017967-RA	AT4G24660.2	N/A	46.311	244	63	5	74	313	47	226	8.28e-65	204
Dm_00018803-RA	AT3G61060.1	N/A	56.489	262	112	2	20	279	25	286	2.73e-114	331
Dm_00016896-RA	AT1G18740.1	N/A	60.102	391	128	4	1	372	1	382	1.10e-171	484
Dm_00018965-RA	AT1G67340.1	N/A	66.766	334	99	4	74	406	42	364	2.94e-158	451
Dm_00017553-RA	AT4G08455.1	N/A	47.710	262	111	5	55	315	25	261	5.86e-71	221
Dm_00005836-RA	AT3G19950.1	N/A	32.479	234	90	9	4	181	48	269	9.48e-24	98.6
Dm_00006527-RA	AT4G14350.2	N/A	76.147	545	115	4	1	537	1	538	0.0	843
Dm_00004346-RA	AT5G64260.1	N/A	60.797	301	112	4	15	313	9	305	5.15e-129	370
Dm_00003443-RA	AT5G18030.1	N/A	60.811	74	29	0	23	96	13	86	5.57e-31	105
Dm_00003442-RA	AT2G21210.1	N/A	54.167	96	42	2	21	115	3	97	3.79e-32	108
Dm_00007681-RA	AT4G35750.1	N/A	69.388	196	58	2	11	206	9	202	1.78e-102	294
Dm_00008820-RA	AT1G21150.3	N/A	27.684	354	245	4	19	370	7	351	2.26e-42	152
Dm_00001043-RA	AT1G08510.1	N/A	69.054	391	110	7	35	424	29	409	0.0	541
Dm_00000990-RA	AT2G47420.1	N/A	68.333	360	107	3	1	360	1	353	2.86e-170	478
Dm_00005556-RA	AT3G46960.2	N/A	82.143	56	10	0	58	113	513	568	1.21e-25	100
Dm_00005580-RA	AT1G06850.1	N/A	57.513	193	62	4	7	199	154	326	3.42e-60	192
Dm_00006175-RA	AT4G19110.1	N/A	66.237	465	134	11	103	550	1	459	0.0	612
Dm_00005779-RA	AT1G15550.1	N/A	55.224	335	147	2	56	390	23	354	3.98e-130	378
Dm_00008440-RA	AT2G22070.1	N/A	37.871	742	388	7	34	709	52	786	3.46e-168	503
Dm_00008435-RA	AT1G02500.1	N/A	91.560	391	31	1	61	449	1	391	0.0	721
Dm_00008439-RA	AT3G05880.1	N/A	71.698	53	15	0	4	56	2	54	1.16e-22	81.6
Dm_00008586-RA	AT2G38640.1	N/A	47.143	210	86	7	38	244	9	196	3.81e-56	178
Dm_00001389-RA	AT3G52720.3	N/A	44.841	252	133	4	17	264	16	265	4.46e-71	220
Dm_00001397-RA	AT2G36090.1	N/A	40.741	351	154	6	20	370	14	310	7.61e-73	229
Dm_00001846-RA	AT5G50400.2	N/A	78.802	217	46	0	1	217	323	539	8.78e-130	376
Dm_00013840-RA	AT2G45650.1	N/A	53.797	158	57	3	1	158	1	142	3.75e-48	156
Dm_00015154-RA	AT5G42830.1	N/A	50.000	466	203	11	13	477	14	450	2.27e-149	434
Dm_00019112-RA	AT3G26600.1	N/A	47.231	650	298	11	2	646	3	612	1.20e-176	516
Dm_00003864-RA	AT5G65360.1	N/A	99.265	136	1	0	1	136	1	136	1.55e-95	271
Dm_00004431-RA	AT5G57710.1	N/A	50.704	1136	397	41	24	1142	1	990	0.0	927
Dm_00004433-RA	AT2G18700.1	N/A	64.720	805	269	9	68	870	51	842	0.0	1077
Dm_00004006-RA	AT4G11220.1	N/A	49.398	249	72	2	64	301	66	271	2.28e-78	241
Dm_00003625-RA	AT3G23250.1	N/A	43.902	287	121	6	1	253	1	281	5.37e-75	229
Dm_00020683-RA	AT5G27930.1	N/A	66.667	354	115	3	1	352	1	353	0.0	513
Dm_00020436-RA	AT2G33700.1	N/A	55.469	384	157	6	1	380	3	376	1.87e-141	407
Dm_00011563-RA	AT1G18480.1	N/A	59.658	409	138	6	2	409	5	387	4.21e-169	481
Dm_00011074-RA	AT3G12630.1	N/A	52.660	188	50	5	1	177	1	160	1.35e-53	168
Dm_00011132-RA	AT1G32220.1	N/A	71.728	191	54	0	1	191	105	295	1.40e-102	298
Dm_00000526-RA	AT2G44310.1	N/A	36.296	135	83	2	2	133	3	137	6.58e-23	87.8
Dm_00020088-RA	AT2G30130.1	N/A	89.474	114	11	1	3	116	5	117	2.08e-70	211
Dm_00015706-RA	AT3G10985.1	N/A	54.386	114	46	2	1	112	1	110	3.90e-34	114
Dm_00018744-RA	AT3G01930.2	N/A	74.747	594	127	5	107	692	6	584	0.0	863
Dm_00005513-RA	AT1G11545.1	N/A	74.403	293	73	2	12	302	12	304	1.89e-171	477
Dm_00006387-RA	AT5G19780.1	N/A	96.727	275	8	1	2	275	176	450	0.0	555
Dm_00006158-RA	AT3G17380.1	N/A	34.555	191	120	3	6	192	111	300	5.05e-32	118
Dm_00000938-RA	AT4G28780.1	N/A	68.946	351	108	1	20	369	17	367	1.30e-180	505
Dm_00000326-RA	AT4G18390.2	N/A	39.498	438	142	15	85	493	21	364	1.19e-60	203
Dm_00000344-RA	AT5G46230.1	N/A	43.885	139	71	2	9	147	10	141	2.30e-40	133
Dm_00000396-RA	AT2G01610.1	N/A	49.727	183	78	3	38	206	35	217	4.54e-58	182
Dm_00000393-RA	AT2G01650.2	N/A	57.515	499	168	8	1	497	1	457	2.46e-179	511
Dm_00000395-RA	AT1G70710.1	N/A	78.937	489	96	2	15	503	7	488	0.0	800
Dm_00012073-RA	AT4G01950.1	N/A	49.071	538	233	10	33	564	17	519	3.79e-172	498
Dm_00011796-RA	AT1G26750.1	N/A	50.000	182	91	0	62	243	1	182	6.49e-52	168
Dm_00018974-RA	AT2G37195.1	N/A	52.941	102	48	0	2	103	3	104	6.50e-23	91.7
Dm_00010652-RA	AT2G20520.1	N/A	53.543	254	107	5	7	258	1	245	3.33e-79	239
Dm_00003532-RA	AT1G07350.6	N/A	60.606	132	43	3	1	132	1	123	9.27e-44	150
Dm_00004200-RA	AT1G22640.1	N/A	71.654	127	36	0	1	127	1	127	1.12e-65	207
Dm_00003890-RA	AT3G25600.1	N/A	73.125	160	41	2	3	161	2	160	2.39e-80	235
Dm_00019790-RA	AT1G04030.2	N/A	35.404	483	243	16	1	467	1	430	2.94e-53	185
Dm_00019964-RA	AT3G11320.1	N/A	90.429	303	29	0	4	306	6	308	0.0	562
Dm_00011310-RA	AT3G51160.1	N/A	83.733	375	58	3	1	374	1	373	0.0	669
Dm_00014462-RA	AT3G07450.1	N/A	61.957	92	33	2	13	104	17	106	1.16e-34	115
Dm_00004414-RA	AT2G01340.1	N/A	51.295	193	73	3	1	193	1	172	5.42e-59	187
Dm_00004116-RA	AT1G21680.1	N/A	42.038	157	66	5	7	163	534	665	1.37e-30	117
Dm_00004482-RA	AT5G12250.1	N/A	87.576	491	17	3	80	568	1	449	0.0	890
Dm_00004484-RA	AT5G05130.1	N/A	59.862	867	315	13	29	889	42	881	0.0	1013
Dm_00004023-RA	AT5G55550.5	N/A	44.355	248	115	5	4	246	3	232	1.23e-64	208
Dm_00004028-RA	AT1G58520.2	N/A	48.748	759	335	12	1	734	1	730	0.0	650
Dm_00004130-RA	AT4G26690.1	N/A	58.017	474	179	4	14	484	44	500	0.0	558
Dm_00004311-RA	AT5G59790.2	N/A	43.694	444	156	15	32	469	29	384	8.89e-81	256
Dm_00011366-RA	AT1G30890.1	N/A	80.282	142	26	1	1	142	1	140	6.86e-77	229
Dm_00010505-RA	AT5G08200.1	N/A	52.958	355	132	13	59	393	70	409	1.16e-93	287
Dm_00010088-RA	AT4G24580.1	N/A	48.831	727	231	17	13	732	36	628	0.0	547
Dm_00010089-RA	AT4G24580.1	N/A	35.758	330	124	10	79	406	608	851	2.09e-33	137
Dm_00012272-RA	AT2G44620.1	N/A	77.966	59	13	0	42	100	64	122	1.94e-28	99.8
Dm_00012942-RA	AT5G10160.1	N/A	70.202	198	54	2	31	227	24	217	1.94e-101	293
Dm_00007619-RA	AT4G22580.1	N/A	69.363	408	118	2	49	456	35	435	0.0	599
Dm_00004510-RA	AT2G42610.1	N/A	81.507	146	22	2	23	168	21	161	1.11e-79	235
Dm_00002876-RA	AT3G26510.2	N/A	55.639	133	41	4	11	138	8	127	1.51e-37	129
Dm_00004490-RA	AT1G65450.1	N/A	55.437	469	167	6	11	472	12	445	0.0	523
Dm_00003466-RA	AT5G17330.1	N/A	83.300	503	75	3	1	495	1	502	0.0	877
Dm_00000270-RA	AT5G35180.2	N/A	60.422	379	111	3	1	377	433	774	6.01e-145	432
Dm_00000269-RA	AT5G35180.4	N/A	38.554	249	91	5	3	249	281	469	2.37e-45	162
Dm_00000324-RA	AT3G48460.1	N/A	53.552	366	162	2	25	390	23	380	2.81e-144	415
Dm_00018595-RA	AT5G41990.1	N/A	53.152	587	224	10	10	582	7	556	0.0	560
Dm_00016365-RA	AT2G46280.3	N/A	66.364	110	16	2	1	101	1	98	1.60e-44	145
Dm_00018428-RA	AT4G28360.1	N/A	54.146	205	54	2	94	261	54	255	1.02e-64	203
Dm_00013381-RA	AT2G37550.2	N/A	62.766	470	143	11	3	460	2	451	0.0	540
Dm_00007565-RA	AT3G05545.1	N/A	42.689	424	165	19	14	388	25	419	5.36e-70	226
Dm_00007204-RA	AT5G01710.1	N/A	51.543	551	209	18	7	546	10	513	7.63e-177	509
Dm_00008344-RA	AT5G09430.1	N/A	71.053	304	83	1	1	299	5	308	2.24e-168	470
Dm_00008345-RA	AT1G10070.2	N/A	68.023	344	99	3	15	356	54	388	5.12e-175	491
Dm_00000115-RA	AT4G13350.2	N/A	42.903	620	257	24	1	599	1	544	4.10e-114	354
Dm_00000113-RA	AT4G13370.1	N/A	52.521	714	279	17	361	1066	8	669	0.0	631
Dm_00000124-RA	AT1G76070.1	N/A	32.184	261	109	11	21	229	25	269	6.24e-22	91.3
Dm_00000141-RA	AT2G17070.1	N/A	31.715	309	160	10	4	309	3	263	2.95e-31	118
Dm_00008424-RA	AT3G02110.1	N/A	75.472	318	70	2	98	408	157	473	0.0	533
Dm_00006326-RA	AT5G50150.1	N/A	66.162	396	84	7	53	413	40	420	0.0	528
Dm_00012780-RA	AT3G26780.1	N/A	55.581	439	147	6	1	431	1	399	5.63e-150	432
Dm_00012128-RA	AT1G51060.1	N/A	91.667	132	8	1	1	129	1	132	2.68e-82	237
Dm_00012129-RA	AT5G54650.2	N/A	65.369	488	153	5	420	898	420	900	0.0	621
Dm_00013834-RA	AT3G26600.1	N/A	47.231	650	298	11	2	646	3	612	1.20e-176	516
Dm_00013761-RA	AT5G06610.1	N/A	55.330	394	147	8	1	392	1	367	2.35e-151	432
Dm_00013977-RA	AT3G49800.1	N/A	44.276	463	201	12	1	441	1	428	9.28e-100	307
Dm_00003959-RA	AT2G45550.1	N/A	48.033	483	241	3	32	510	31	507	2.08e-159	463
Dm_00004470-RA	AT5G58610.4	N/A	40.615	325	171	5	441	752	472	787	3.08e-70	249
Dm_00005084-RA	AT5G64813.2	N/A	73.235	340	84	5	2	334	3	342	1.31e-177	495
Dm_00000874-RA	AT5G47370.1	N/A	51.136	352	94	9	5	347	1	283	2.28e-99	295
Dm_00000905-RA	AT4G16563.1	N/A	58.874	462	148	8	74	515	60	499	5.73e-164	474
Dm_00000906-RA	AT3G60600.3	N/A	78.616	159	32	1	1	159	17	173	6.89e-88	257
Dm_00000422-RA	AT1G64720.1	N/A	58.313	403	130	5	26	428	21	385	5.17e-166	472
Dm_00000433-RA	AT2G46680.1	N/A	38.314	261	131	8	35	287	19	257	2.04e-40	141
Dm_00000435-RA	AT1G72680.1	N/A	60.955	356	136	3	40	395	3	355	1.88e-150	430
Dm_00012386-RA	AT1G56080.1	N/A	62.987	308	93	6	12	307	8	306	1.00e-126	367
Dm_00010868-RA	AT2G29990.1	N/A	75.536	466	102	2	28	492	27	481	0.0	695
Dm_00012623-RA	AT5G38360.1	N/A	64.242	330	100	3	30	358	19	331	9.57e-148	421
Dm_00013340-RA	AT3G20230.1	N/A	78.571	126	27	0	2	127	61	186	4.42e-75	221
Dm_00017885-RA	AT3G25150.1	N/A	34.699	415	231	7	14	410	16	408	2.36e-65	219
Dm_00018077-RA	AT4G30960.1	N/A	73.050	423	109	2	11	428	17	439	0.0	621
Dm_00018047-RA	AT5G03540.1	N/A	76.986	491	107	2	27	517	153	637	0.0	762
Dm_00017760-RA	AT4G17090.1	N/A	68.116	552	172	3	1	552	1	548	0.0	795
Dm_00017485-RA	AT3G14850.2	N/A	58.841	328	127	3	38	361	32	355	1.11e-143	411
Dm_00003948-RA	AT2G27690.1	N/A	60.465	473	168	5	39	502	32	494	0.0	582
Dm_00012828-RA	AT1G31880.2	N/A	64.955	331	88	10	1	328	53	358	7.39e-140	400
Dm_00006083-RA	AT5G37740.1	N/A	65.854	164	53	1	1	161	1	164	1.46e-81	238
Dm_00006088-RA	AT5G39040.1	N/A	76.995	639	144	3	1	638	1	637	0.0	928
Dm_00006084-RA	AT5G23660.1	N/A	48.496	266	111	5	7	265	4	250	3.08e-74	229
Dm_00006588-RA	AT4G19420.2	N/A	57.855	401	153	4	33	432	4	389	2.60e-172	488
Dm_00007000-RA	AT4G30080.1	N/A	50.365	685	283	15	13	675	13	662	0.0	606
Dm_00016521-RA	AT4G35070.2	N/A	43.719	199	103	3	132	329	19	209	1.18e-49	165
Dm_00013360-RA	AT3G58490.1	N/A	65.441	408	135	2	1	402	9	416	0.0	547
Dm_00014860-RA	AT5G25770.1	N/A	59.744	390	99	3	74	449	8	353	3.91e-158	451
Dm_00012316-RA	AT2G42430.1	N/A	54.891	184	62	7	2	171	5	181	1.49e-58	184
Dm_00014097-RA	AT5G37710.1	N/A	64.468	470	126	5	1	468	1	431	0.0	606
Dm_00008242-RA	AT2G05590.2	N/A	49.691	324	122	9	34	349	1	291	9.81e-90	271
Dm_00006963-RA	AT5G03170.1	N/A	68.557	194	56	3	74	265	13	203	2.57e-87	262
Dm_00007842-RA	AT4G32150.1	N/A	69.841	189	30	1	1	162	1	189	5.13e-94	274
Dm_00016644-RA	AT2G35930.1	N/A	46.479	426	203	6	1	422	6	410	8.26e-128	376
Dm_00001021-RA	AT1G74960.3	N/A	83.295	437	72	1	191	627	106	541	0.0	750
Dm_00001027-RA	AT1G19210.1	N/A	71.739	92	26	0	8	99	3	94	1.21e-43	145
Dm_00000772-RA	AT5G03620.2	N/A	45.865	133	58	3	5	128	54	181	6.20e-29	112
Dm_00000202-RA	AT5G24600.1	N/A	62.449	245	62	2	2	236	1	225	3.89e-102	298
Dm_00000219-RA	AT3G03140.1	N/A	33.034	557	288	23	361	866	244	766	7.59e-52	195
Dm_00000217-RA	AT2G16790.4	N/A	48.507	134	64	2	1	131	38	169	1.52e-36	123
Dm_00000234-RA	AT3G03000.1	N/A	76.923	156	34	1	5	160	12	165	9.96e-79	231
Dm_00014743-RA	AT1G04610.1	N/A	66.308	279	89	2	24	298	28	305	3.26e-134	387
Dm_00021081-RA	AT4G31530.1	N/A	66.667	234	49	1	111	315	91	324	3.66e-109	320
Dm_00012223-RA	AT3G22660.1	N/A	61.724	290	98	3	43	325	10	293	2.27e-116	338
