Dm_00007090-RA	AT4G34490.2	N/A	66.042	480	146	4	1	469	68	541	0.0	623
Dm_00007091-RA	AT4G34500.1	N/A	63.883	443	124	5	21	455	12	426	0.0	541
Dm_00007097-RA	AT3G05570.1	N/A	61.702	94	29	4	76	167	1	89	3.55e-31	108
Dm_00007080-RA	AT3G24550.1	N/A	56.360	511	189	8	61	541	122	628	1.02e-180	524
Dm_00006208-RA	AT1G22180.3	N/A	56.593	182	78	1	2	182	53	234	4.25e-72	219
Dm_00006956-RA	AT4G36180.1	N/A	60.052	1159	420	13	1	1141	3	1136	0.0	1276
Dm_00006338-RA	AT2G18040.1	N/A	78.814	118	25	0	1	118	1	118	3.25e-68	201
Dm_00006596-RA	AT3G49910.1	N/A	86.301	146	20	0	1	146	1	146	5.17e-93	266
Dm_00006975-RA	AT5G22000.3	N/A	58.961	385	133	5	14	394	11	374	2.03e-144	415
Dm_00007442-RA	AT2G41600.7	N/A	39.256	242	101	3	1	239	24	222	3.43e-46	154
Dm_00017638-RA	AT1G04400.2	N/A	63.588	563	167	7	10	561	13	548	0.0	733
Dm_00015348-RA	AT5G48460.1	N/A	65.165	577	119	5	1	495	1	577	0.0	728
Dm_00018507-RA	AT3G51520.1	N/A	64.207	271	92	2	32	301	7	273	9.61e-128	367
Dm_00018629-RA	AT1G80300.1	N/A	76.423	615	128	8	1	604	1	609	0.0	893
Dm_00007321-RA	AT4G28070.2	N/A	79.075	411	86	0	102	512	60	470	0.0	696
Dm_00006063-RA	AT4G28720.1	N/A	67.233	412	129	2	10	415	12	423	0.0	606
Dm_00007873-RA	AT3G63530.2	N/A	43.617	188	70	5	51	209	61	241	1.08e-42	144
Dm_00007871-RA	AT5G13490.1	N/A	79.028	391	75	4	38	427	1	385	0.0	593
Dm_00008747-RA	AT5G51600.1	N/A	48.006	702	322	9	88	773	26	700	0.0	580
Dm_00008972-RA	AT5G47790.1	N/A	56.889	450	109	11	1	446	1	369	8.91e-164	466
Dm_00008823-RA	AT3G16780.1	N/A	88.525	183	21	0	1	183	1	183	2.06e-116	329
Dm_00008826-RA	AT5G27850.1	N/A	86.096	187	26	0	1	187	1	187	3.89e-118	332
Dm_00020967-RA	AT2G39650.1	N/A	53.903	269	119	4	58	323	21	287	4.04e-96	286
Dm_00020943-RA	AT1G33540.1	N/A	40.980	510	210	13	33	519	23	464	2.36e-119	359
Dm_00020937-RA	AT5G54160.1	N/A	59.091	176	72	0	1	176	186	361	9.02e-77	233
Dm_00020779-RA	AT5G02960.1	N/A	78.049	123	8	2	27	149	39	142	1.08e-59	181
Dm_00020702-RA	AT1G16670.1	N/A	65.421	321	108	2	13	330	19	339	1.75e-158	451
Dm_00017496-RA	AT5G26340.1	N/A	84.950	505	75	1	1	504	1	505	0.0	885
Dm_00006887-RA	AT1G33540.1	N/A	44.770	478	221	7	15	486	19	459	1.18e-140	412
Dm_00007275-RA	AT4G17230.1	N/A	55.596	554	209	7	57	602	1	525	0.0	587
Dm_00009297-RA	AT1G58684.1	N/A	90.950	221	20	0	36	256	49	269	1.63e-149	419
Dm_00009038-RA	AT3G53570.1	N/A	71.064	470	95	4	1	469	17	446	0.0	683
Dm_00009040-RA	AT3G55280.2	N/A	85.161	155	22	1	1	155	1	154	2.33e-66	199
Dm_00006932-RA	AT3G49940.1	N/A	63.285	207	45	6	1	191	1	192	1.04e-77	235
Dm_00009744-RA	AT5G05840.1	N/A	64.678	419	111	7	1	413	1	388	0.0	532
Dm_00007521-RA	AT2G16460.1	N/A	71.006	169	27	2	60	206	62	230	3.71e-81	241
Dm_00008606-RA	AT3G26340.1	N/A	82.784	273	45	1	1	271	1	273	4.00e-169	469
Dm_00005945-RA	AT1G49820.1	N/A	76.316	418	97	1	1	416	1	418	0.0	679
Dm_00007727-RA	AT5G04260.1	N/A	71.765	85	18	1	24	102	106	190	8.56e-40	130
Dm_00009169-RA	AT3G44290.2	N/A	65.680	169	52	2	1	163	1	169	2.47e-75	226
Dm_00017121-RA	AT1G62040.1	N/A	82.759	116	20	0	11	126	1	116	1.81e-68	202
Dm_00014270-RA	AT5G06830.1	N/A	59.187	566	188	7	1	540	1	549	0.0	627
Dm_00016020-RA	AT5G49760.1	N/A	49.596	742	267	11	4	650	224	953	0.0	662
Dm_00016316-RA	AT5G49460.2	N/A	92.270	608	47	0	1	608	1	608	0.0	1137
Dm_00017694-RA	AT2G27730.1	N/A	49.624	133	42	5	1	128	1	113	2.22e-24	90.5
Dm_00018456-RA	AT3G19910.1	N/A	51.292	271	102	5	41	311	57	297	5.44e-64	206
Dm_00017323-RA	AT5G45890.1	N/A	48.083	339	164	6	16	344	10	346	1.41e-108	321
Dm_00018785-RA	AT2G19540.1	N/A	66.034	474	114	4	25	480	20	464	0.0	614
Dm_00017360-RA	AT3G50660.1	N/A	68.826	494	121	6	25	497	31	512	0.0	690
Dm_00009968-RA	AT4G30810.1	N/A	67.506	437	140	2	32	467	30	465	0.0	632
Dm_00010654-RA	AT2G03430.1	N/A	63.922	255	77	3	1	255	1	240	2.53e-109	315
Dm_00010013-RA	AT1G08660.1	N/A	76.842	475	105	3	1	471	1	474	0.0	767
Dm_00010839-RA	AT1G05410.1	N/A	47.454	491	224	9	8	485	2	471	1.44e-147	430
Dm_00015818-RA	AT4G24974.1	N/A	41.509	106	59	2	31	136	29	131	2.77e-23	89.0
Dm_00015363-RA	AT1G32210.1	N/A	87.963	108	13	0	31	138	1	108	5.21e-65	193
Dm_00015739-RA	AT1G49320.1	N/A	38.433	268	123	5	42	308	54	280	1.07e-57	187
Dm_00015751-RA	AT5G27820.1	N/A	79.798	99	20	0	5	103	1	99	3.04e-55	168
Dm_00011626-RA	AT2G37660.1	N/A	72.436	312	67	4	14	324	32	325	2.86e-160	450
Dm_00013873-RA	AT5G09810.1	N/A	96.552	377	13	0	1	377	1	377	0.0	759
Dm_00003919-RA	AT4G33690.1	N/A	51.462	171	82	1	1	170	1	171	2.53e-42	145
Dm_00002520-RA	AT1G03050.1	N/A	59.333	600	220	9	3	584	6	599	0.0	682
Dm_00002523-RA	AT4G38730.1	N/A	68.792	298	93	0	1	298	1	298	4.43e-149	423
Dm_00003410-RA	AT2G16910.1	N/A	39.896	579	243	20	5	550	7	513	4.72e-100	316
Dm_00003837-RA	AT3G11400.1	N/A	70.732	287	78	3	6	288	8	292	2.78e-151	425
Dm_00003186-RA	AT1G13680.1	N/A	64.615	325	106	2	3	327	31	346	1.38e-158	447
Dm_00012746-RA	AT4G12760.1	N/A	44.615	260	95	8	15	231	5	258	3.79e-56	181
Dm_00013133-RA	AT5G06860.1	N/A	45.048	313	161	6	41	350	25	329	1.61e-73	234
Dm_00012011-RA	AT1G18040.1	N/A	51.667	180	67	2	1	180	216	375	3.26e-51	169
Dm_00010543-RA	AT1G53590.1	N/A	57.822	652	232	10	5	641	2	625	0.0	745
Dm_00002787-RA	AT5G28830.1	N/A	46.440	323	167	3	4	325	5	322	5.39e-94	282
Dm_00002791-RA	AT3G04780.1	N/A	83.523	176	29	0	1	176	1	176	5.06e-111	313
Dm_00002560-RA	AT3G23830.2	N/A	62.602	123	42	2	1	123	1	119	3.80e-48	152
Dm_00002363-RA	AT1G59600.1	N/A	52.557	352	132	7	36	385	6	324	9.00e-119	351
Dm_00002597-RA	AT5G50000.1	N/A	79.124	388	60	3	1	370	1	385	0.0	640
Dm_00019511-RA	AT4G21705.1	N/A	42.716	405	227	4	1	401	83	486	9.25e-119	354
Dm_00018144-RA	AT3G47600.1	N/A	48.187	386	126	8	1	365	1	333	7.39e-108	319
Dm_00018477-RA	AT5G58020.1	N/A	56.911	369	131	9	10	370	6	354	7.15e-120	351
Dm_00013185-RA	AT5G08380.1	N/A	77.083	336	76	1	2	337	76	410	0.0	556
Dm_00010478-RA	AT5G25050.1	N/A	60.922	499	187	2	1	496	2	495	0.0	613
Dm_00013363-RA	AT1G78210.1	N/A	51.869	214	97	4	1	210	1	212	5.99e-72	223
Dm_00012412-RA	AT5G50870.1	N/A	68.750	192	58	1	1	192	1	190	5.82e-99	285
Dm_00013030-RA	AT2G26570.1	N/A	61.992	713	215	6	186	898	148	804	0.0	787
Dm_00011624-RA	AT3G04400.1	N/A	97.143	140	4	0	1	140	1	140	9.58e-98	277
Dm_00008547-RA	AT5G42790.1	N/A	81.818	242	36	1	1	242	1	234	7.16e-151	423
Dm_00009869-RA	AT3G20000.1	N/A	66.441	295	78	3	38	314	1	292	1.65e-144	410
Dm_00008688-RA	AT2G09990.1	N/A	81.295	139	26	0	5	143	8	146	2.08e-84	244
Dm_00009441-RA	AT2G37460.1	N/A	61.957	368	121	4	16	371	10	370	1.83e-163	462
Dm_00010301-RA	AT1G64350.1	N/A	69.307	202	62	0	57	258	125	326	1.15e-100	296
Dm_00009184-RA	AT1G44835.2	N/A	44.481	308	138	6	1	297	12	297	3.19e-80	246
Dm_00009099-RA	AT1G70630.7	N/A	52.450	694	287	11	92	769	8	674	0.0	673
Dm_00002007-RA	AT5G48560.2	N/A	35.938	320	143	10	46	353	50	319	3.48e-29	117
Dm_00002190-RA	AT5G13500.2	N/A	68.144	361	112	1	7	367	1	358	0.0	521
Dm_00002198-RA	AT2G26840.1	N/A	56.522	230	88	4	52	278	25	245	2.09e-81	246
Dm_00002202-RA	AT2G26800.1	N/A	69.816	434	128	3	1	432	1	433	0.0	603
Dm_00002201-RA	AT2G26810.3	N/A	80.000	100	19	1	14	113	20	118	4.77e-55	171
Dm_00002200-RA	AT2G26810.2	N/A	60.741	135	48	3	16	150	119	248	3.67e-48	156
Dm_00002423-RA	AT5G67320.1	N/A	73.734	316	57	3	193	508	324	613	5.29e-165	481
Dm_00015910-RA	AT2G39805.2	N/A	47.097	310	124	4	1	309	1	271	1.97e-96	286
Dm_00015323-RA	AT5G19760.1	N/A	82.653	294	51	0	1	294	1	294	0.0	515
Dm_00013170-RA	AT1G48830.1	N/A	76.440	191	45	0	1	191	1	191	4.47e-109	310
Dm_00015439-RA	AT3G05560.1	N/A	80.952	126	21	2	1	125	1	124	8.53e-58	175
Dm_00013653-RA	AT5G54160.1	N/A	47.826	138	67	3	1	133	1	138	2.82e-36	127
Dm_00015567-RA	AT5G49690.1	N/A	46.715	137	72	1	2	138	316	451	1.32e-37	133
Dm_00017823-RA	AT3G47490.1	N/A	83.088	136	22	1	159	293	99	234	6.36e-82	247
Dm_00016738-RA	AT1G67660.3	N/A	66.935	248	78	1	111	358	91	334	4.24e-123	360
Dm_00010908-RA	AT4G10790.1	N/A	61.905	294	88	5	1	283	1	281	5.28e-111	334
Dm_00008337-RA	AT2G25180.1	N/A	45.729	398	171	9	7	394	9	371	2.92e-95	306
Dm_00010706-RA	AT4G25670.1	N/A	54.074	135	50	2	9	143	13	135	1.44e-39	134
Dm_00011136-RA	AT1G63440.1	N/A	56.716	938	399	3	42	973	50	986	0.0	1074
Dm_00016436-RA	AT1G73480.1	N/A	61.244	418	141	6	10	422	61	462	1.75e-175	499
Dm_00016387-RA	AT4G24560.1	N/A	53.971	491	195	8	354	834	521	990	9.47e-152	474
Dm_00016393-RA	AT3G15080.1	N/A	64.286	210	58	5	3	203	19	220	1.33e-84	251
Dm_00015533-RA	AT5G26220.1	N/A	72.059	204	57	0	24	227	1	204	2.24e-111	319
Dm_00015493-RA	AT1G19260.1	N/A	34.056	323	154	6	26	293	388	706	7.60e-42	154
Dm_00016347-RA	AT1G26940.1	N/A	83.636	165	26	1	26	189	15	179	9.45e-100	288
Dm_00002116-RA	AT5G27395.2	N/A	82.353	68	12	0	36	103	227	294	1.66e-37	128
Dm_00003033-RA	AT2G16600.1	N/A	82.353	170	30	0	3	172	4	173	5.01e-108	306
Dm_00002764-RA	AT4G37180.1	N/A	33.524	349	181	6	7	355	9	306	6.38e-47	164
Dm_00002766-RA	AT5G66870.1	N/A	60.800	125	47	1	12	136	2	124	7.86e-45	153
Dm_00002828-RA	AT2G01140.1	N/A	83.333	402	56	3	1	402	1	391	0.0	680
Dm_00002727-RA	AT3G26618.1	N/A	90.187	428	41	1	20	447	1	427	0.0	799
Dm_00002722-RA	AT5G42620.2	N/A	80.787	661	107	3	9	658	187	838	0.0	1128
Dm_00002736-RA	AT1G75250.1	N/A	72.727	66	17	1	5	69	10	75	1.77e-31	106
Dm_00017867-RA	AT2G39760.1	N/A	62.411	141	50	2	42	179	247	387	6.91e-48	162
Dm_00017975-RA	AT2G37270.1	N/A	85.106	188	24	2	5	189	3	189	4.63e-116	328
Dm_00017907-RA	AT1G47240.1	N/A	70.270	481	140	2	31	511	29	506	0.0	714
Dm_00018105-RA	AT3G18165.1	N/A	67.179	195	61	2	1	192	1	195	2.19e-92	271
Dm_00006167-RA	AT1G18340.1	N/A	60.664	211	58	3	11	197	33	242	7.07e-79	238
Dm_00006255-RA	AT4G25740.1	N/A	78.986	138	23	2	5	141	18	150	1.74e-65	198
Dm_00006260-RA	AT5G24060.1	N/A	46.405	459	207	9	81	530	52	480	9.35e-115	348
Dm_00005181-RA	AT4G24670.2	N/A	59.718	355	138	2	4	357	84	434	4.05e-162	461
Dm_00005716-RA	AT1G07630.1	N/A	50.962	728	251	20	1	690	1	660	0.0	625
Dm_00012978-RA	AT5G04250.2	N/A	46.203	316	145	6	4	302	3	310	6.06e-86	262
Dm_00014707-RA	AT1G52245.1	N/A	82.796	93	16	0	1	93	1	93	2.16e-57	172
Dm_00014803-RA	AT4G29430.1	N/A	74.118	85	22	0	1	85	40	124	1.32e-44	143
Dm_00014804-RA	AT1G51200.4	N/A	47.651	149	69	2	1	146	31	173	4.37e-33	115
Dm_00015945-RA	AT1G12820.1	N/A	70.906	574	162	2	1	569	1	574	0.0	854
Dm_00015941-RA	AT4G31940.1	N/A	51.020	490	225	7	37	516	33	517	2.11e-168	506
Dm_00014403-RA	AT5G04430.2	N/A	64.352	216	74	2	1	216	1	213	1.49e-91	272
Dm_00014887-RA	AT1G64760.1	N/A	68.162	468	128	3	5	467	1	452	0.0	645
Dm_00019101-RA	AT1G52540.2	N/A	61.280	328	117	2	4	331	21	338	1.14e-149	425
Dm_00006380-RA	AT1G77940.1	N/A	80.198	101	20	0	1	101	1	101	5.45e-59	176
Dm_00007720-RA	AT1G71696.1	N/A	48.770	244	97	4	11	227	174	416	5.60e-68	215
Dm_00005857-RA	AT5G52370.1	N/A	54.610	141	38	5	17	156	19	134	1.13e-37	126
Dm_00006161-RA	AT2G44970.3	N/A	75.817	306	69	3	12	314	182	485	1.10e-168	478
Dm_00007002-RA	AT3G01280.1	N/A	66.667	276	92	0	1	276	1	276	1.73e-137	389
Dm_00019221-RA	AT1G29400.2	N/A	59.456	809	284	23	18	816	1	775	0.0	833
Dm_00015371-RA	AT3G07810.1	N/A	69.767	258	74	4	6	260	1	257	7.39e-124	369
Dm_00018022-RA	AT5G25170.1	N/A	70.652	184	51	1	1	181	1	184	1.35e-95	278
Dm_00015513-RA	AT1G09630.1	N/A	82.883	222	30	3	1	220	1	216	7.77e-134	375
Dm_00012448-RA	AT1G11950.3	N/A	60.035	573	191	8	40	596	320	870	0.0	687
Dm_00014994-RA	AT4G22790.1	N/A	60.669	478	187	1	12	488	2	479	0.0	581
Dm_00014379-RA	AT5G38710.1	N/A	56.674	457	184	4	27	481	31	475	0.0	532
Dm_00014872-RA	AT1G61580.1	N/A	85.492	386	56	0	1	386	1	386	0.0	684
Dm_00014508-RA	AT3G02360.2	N/A	87.269	487	61	1	20	506	1	486	0.0	881
Dm_00002942-RA	AT1G08410.1	N/A	57.432	592	188	12	1	532	1	588	0.0	630
Dm_00002634-RA	AT4G19380.2	N/A	54.720	678	252	12	73	732	128	768	0.0	680
Dm_00002775-RA	AT1G25375.1	N/A	51.008	496	218	2	1	471	1	496	1.82e-168	513
Dm_00003054-RA	AT2G44510.1	N/A	50.152	329	137	6	82	386	1	326	1.67e-100	301
Dm_00006660-RA	AT2G20920.1	N/A	59.935	307	84	6	2	307	18	286	3.98e-111	324
Dm_00006657-RA	AT4G19170.1	N/A	64.173	254	82	3	42	292	348	595	1.17e-116	348
Dm_00006878-RA	AT1G05000.1	N/A	79.167	168	34	1	68	234	48	215	5.34e-100	290
Dm_00007412-RA	AT5G64430.1	N/A	38.037	489	208	22	1	414	1	469	1.50e-68	228
Dm_00008172-RA	AT5G53400.1	N/A	77.059	170	36	1	194	360	134	303	8.83e-94	282
Dm_00008173-RA	AT5G53420.1	N/A	46.939	294	120	10	1	290	1	262	1.33e-76	240
Dm_00010903-RA	AT1G71090.1	N/A	71.462	424	119	1	6	427	15	438	0.0	611
Dm_00011299-RA	AT1G43710.1	N/A	78.158	467	92	2	26	492	26	482	0.0	780
Dm_00012135-RA	AT1G77220.1	N/A	66.242	471	111	5	1	423	1	471	0.0	630
Dm_00012634-RA	AT3G06140.1	N/A	52.459	244	68	5	2	243	159	356	2.07e-75	233
Dm_00010729-RA	AT3G53700.1	N/A	57.895	779	292	9	1	777	1	745	0.0	922
Dm_00011214-RA	AT4G02610.1	N/A	73.993	273	70	1	46	317	1	273	6.41e-151	424
Dm_00009443-RA	AT1G27730.1	N/A	38.235	272	95	8	11	280	19	219	4.40e-41	142
Dm_00009526-RA	AT3G27280.1	N/A	79.570	279	56	1	1	278	1	279	5.61e-165	459
Dm_00020318-RA	AT5G49690.1	N/A	40.773	233	121	4	3	235	2	217	2.00e-52	177
Dm_00020275-RA	AT1G30870.1	N/A	53.041	296	134	3	31	322	51	345	1.94e-109	322
Dm_00020735-RA	AT3G11940.2	N/A	87.692	195	24	0	15	209	13	207	8.46e-129	362
Dm_00006284-RA	AT3G43790.1	N/A	62.903	496	146	4	16	491	1	478	0.0	622
Dm_00008699-RA	AT1G26900.1	N/A	51.064	517	250	2	36	549	31	547	0.0	553
Dm_00008697-RA	AT1G14060.1	N/A	45.912	159	67	5	1	159	1	140	3.38e-25	97.1
Dm_00008231-RA	AT4G12340.1	N/A	38.251	183	91	5	1	178	1	166	1.18e-30	110
Dm_00008226-RA	AT4G10400.3	N/A	32.510	243	139	8	1	233	1	228	3.39e-24	101
Dm_00010193-RA	AT5G13450.1	N/A	52.590	251	100	1	3	253	1	232	1.19e-88	264
Dm_00009437-RA	AT1G17680.1	N/A	31.910	398	225	5	9	365	143	535	4.17e-58	203
Dm_00017134-RA	AT3G02430.1	N/A	57.672	189	72	3	43	227	29	213	2.29e-76	230
Dm_00017611-RA	AT1G77290.2	N/A	65.543	267	90	1	5	271	2	266	2.03e-132	375
Dm_00019331-RA	AT4G21090.1	N/A	84.746	118	18	0	7	124	80	197	6.02e-73	216
Dm_00005609-RA	AT5G47890.1	N/A	70.968	93	27	0	1	93	1	93	4.40e-48	148
Dm_00004345-RA	AT2G44860.2	N/A	66.864	169	46	2	104	272	1	159	1.56e-75	227
Dm_00004210-RA	AT1G10370.1	N/A	60.000	225	86	3	229	452	4	225	2.32e-85	261
Dm_00016931-RA	AT1G53240.1	N/A	82.282	333	58	1	19	351	9	340	0.0	561
Dm_00010019-RA	AT3G25220.1	N/A	86.667	120	16	0	22	141	25	144	3.24e-76	224
Dm_00017517-RA	AT5G19485.1	N/A	72.045	440	117	2	1	439	1	435	0.0	612
Dm_00017515-RA	AT3G23560.2	N/A	54.255	94	39	2	10	103	5	94	3.31e-27	103
Dm_00018539-RA	AT4G13090.1	N/A	55.066	227	100	2	8	233	63	288	1.93e-88	263
Dm_00018860-RA	AT1G65930.1	N/A	89.294	411	42	1	1	411	1	409	0.0	772
Dm_00018941-RA	AT4G03415.1	N/A	66.053	489	117	9	1	461	1	468	0.0	589
Dm_00019206-RA	AT2G01720.1	N/A	64.978	454	151	4	17	462	10	463	0.0	597
Dm_00019232-RA	AT5G39530.1	N/A	54.585	229	78	1	38	266	34	236	2.05e-83	250
Dm_00019205-RA	AT5G40510.1	N/A	45.272	349	153	8	91	435	16	330	6.52e-106	317
Dm_00019248-RA	AT4G18930.1	N/A	37.500	176	98	3	149	313	5	179	3.07e-32	118
Dm_00019145-RA	AT4G09800.1	N/A	77.596	183	9	1	1	183	2	152	1.60e-96	276
Dm_00004232-RA	AT4G14103.1	N/A	28.877	374	210	15	3	346	8	355	2.90e-26	108
Dm_00004259-RA	AT1G77610.1	N/A	83.529	340	50	2	1	339	1	335	0.0	586
Dm_00005990-RA	AT3G18030.1	N/A	79.167	192	40	0	14	205	9	200	1.77e-119	338
Dm_00005818-RA	AT1G67850.4	N/A	74.497	298	64	1	32	317	77	374	2.53e-172	483
Dm_00020811-RA	AT3G05290.1	N/A	69.375	320	94	3	1	318	1	318	4.74e-160	449
Dm_00018503-RA	AT1G12600.1	N/A	78.470	353	67	3	3	354	4	348	0.0	545
Dm_00012565-RA	AT1G70310.1	N/A	74.636	343	67	4	9	345	10	338	0.0	528
Dm_00012954-RA	AT1G63830.1	N/A	73.810	210	32	3	6	215	44	230	4.01e-103	298
Dm_00012314-RA	AT4G39230.1	N/A	72.697	304	71	2	294	585	5	308	8.82e-159	456
Dm_00020002-RA	AT3G16500.1	N/A	56.725	171	58	3	148	318	82	236	1.04e-57	187
Dm_00019976-RA	AT3G47370.2	N/A	87.069	116	14	1	1	115	1	116	4.76e-69	203
Dm_00007402-RA	AT3G10950.1	N/A	92.500	80	6	0	7	86	13	92	7.42e-52	158
Dm_00006230-RA	AT4G24440.1	N/A	84.906	106	16	0	1	106	1	106	1.72e-66	196
Dm_00007291-RA	AT1G10150.1	N/A	39.409	406	218	5	4	389	5	402	9.08e-100	303
Dm_00007288-RA	AT1G49950.2	N/A	46.640	253	111	4	1	245	1	237	1.40e-69	218
Dm_00007111-RA	AT5G42820.1	N/A	63.462	312	68	4	1	297	1	281	2.81e-123	357
Dm_00007113-RA	AT2G26990.1	N/A	78.490	437	54	1	1	397	1	437	0.0	704
Dm_00007586-RA	AT4G33460.1	N/A	71.429	231	64	2	73	301	35	265	2.31e-120	346
Dm_00007797-RA	AT1G71110.1	N/A	52.849	509	200	7	60	533	22	525	0.0	531
Dm_00007796-RA	AT1G71100.1	N/A	71.825	252	64	2	43	294	21	265	3.90e-128	365
Dm_00014909-RA	AT5G42370.1	N/A	61.631	417	150	2	1	416	40	447	0.0	559
Dm_00013914-RA	AT3G28480.1	N/A	64.984	317	106	4	1	315	1	314	3.01e-154	434
Dm_00013938-RA	AT1G55520.1	N/A	93.500	200	13	0	1	200	1	200	2.45e-138	387
Dm_00013479-RA	AT2G22170.1	N/A	54.819	166	73	2	1	164	2	167	3.84e-65	198
Dm_00015501-RA	AT1G11840.6	N/A	76.370	292	47	2	1	292	40	309	6.78e-163	457
Dm_00013771-RA	AT3G01750.2	N/A	48.968	678	307	13	1	659	1	658	0.0	589
Dm_00013572-RA	AT3G56150.1	N/A	66.068	946	274	16	1	946	1	899	0.0	1155
Dm_00016964-RA	AT4G28200.1	N/A	54.560	636	264	9	1	624	1	623	0.0	699
Dm_00015868-RA	AT1G10670.4	N/A	88.443	424	48	1	1	424	1	423	0.0	778
Dm_00015648-RA	AT1G17020.1	N/A	49.167	360	168	5	11	367	11	358	4.91e-119	349
Dm_00016241-RA	AT1G05370.1	N/A	54.721	466	160	12	50	513	1	417	9.46e-160	460
Dm_00016357-RA	AT5G47080.1	N/A	66.377	345	54	8	1	341	1	287	2.29e-149	422
Dm_00003308-RA	AT2G45910.1	N/A	38.586	806	418	13	11	756	43	831	1.95e-172	516
Dm_00003303-RA	AT4G39660.2	N/A	69.598	398	64	2	84	424	4	401	0.0	556
Dm_00002446-RA	AT3G11340.1	N/A	51.435	453	211	6	1	450	1	447	4.63e-157	452
Dm_00003572-RA	AT2G46420.1	N/A	72.105	380	79	5	9	384	6	362	0.0	538
Dm_00003101-RA	AT3G09650.1	N/A	65.612	695	199	5	69	729	85	773	0.0	944
Dm_00003119-RA	AT3G56960.1	N/A	62.716	810	262	15	1	803	1	777	0.0	1011
Dm_00009004-RA	AT5G09900.2	N/A	81.093	439	83	0	2	440	3	441	0.0	727
Dm_00010307-RA	AT1G65560.1	N/A	68.347	357	96	4	17	369	2	345	9.03e-178	499
Dm_00010147-RA	AT2G20700.1	N/A	55.000	140	56	2	30	169	27	159	3.20e-49	156
Dm_00010144-RA	AT5G12890.1	N/A	41.449	497	257	13	7	493	10	482	2.72e-121	364
Dm_00010237-RA	AT5G60790.1	N/A	85.458	557	81	0	52	608	39	595	0.0	1015
Dm_00002486-RA	AT3G56510.4	N/A	67.241	58	19	0	15	72	129	186	1.01e-22	87.4
Dm_00002436-RA	AT2G15730.1	N/A	63.030	330	119	2	10	337	10	338	2.06e-154	437
Dm_00002710-RA	AT1G22520.1	N/A	61.702	94	33	1	11	101	3	96	5.59e-35	120
Dm_00002647-RA	AT4G33985.1	N/A	64.634	82	25	1	34	111	14	95	3.29e-30	108
Dm_00002657-RA	AT2G23420.1	N/A	74.147	557	101	4	1	518	1	553	0.0	848
Dm_00002658-RA	AT5G42940.1	N/A	49.020	102	45	3	234	335	584	678	5.81e-25	106
Dm_00003237-RA	AT2G46510.1	N/A	40.480	583	230	17	5	514	6	544	7.98e-116	353
Dm_00008926-RA	AT5G14440.1	N/A	52.294	218	97	3	26	236	1	218	5.74e-56	185
Dm_00008922-RA	AT3G16370.1	N/A	59.780	363	109	1	33	395	27	352	1.29e-156	445
Dm_00016416-RA	AT3G05200.1	N/A	40.617	389	163	11	55	440	15	338	2.70e-75	241
Dm_00015307-RA	AT5G50850.1	N/A	85.976	328	46	0	7	334	35	362	0.0	595
Dm_00015625-RA	AT3G23250.1	N/A	46.975	281	139	5	2	276	1	277	1.36e-77	238
Dm_00015626-RA	AT5G43330.1	N/A	84.404	327	33	1	1	327	24	332	0.0	537
Dm_00016328-RA	AT2G37460.1	N/A	33.471	242	146	6	23	257	83	316	2.05e-31	120
Dm_00016308-RA	AT5G25070.1	N/A	46.026	541	288	1	267	803	190	730	6.20e-123	387
Dm_00013883-RA	AT1G09250.1	N/A	41.919	198	96	5	1	193	5	188	1.68e-38	132
Dm_00014606-RA	AT5G66760.1	N/A	82.405	682	67	5	1	677	1	634	0.0	1116
Dm_00015066-RA	AT5G47560.1	N/A	73.714	525	133	2	19	539	13	536	0.0	796
Dm_00013958-RA	AT5G61450.1	N/A	60.859	419	129	6	38	429	37	447	1.87e-169	483
Dm_00014597-RA	AT5G20950.3	N/A	74.679	624	151	4	9	632	83	699	0.0	947
Dm_00014596-RA	AT5G05987.1	N/A	68.900	209	65	0	1	209	1	209	2.90e-110	315
Dm_00014262-RA	AT5G39740.1	N/A	72.948	329	52	1	130	458	1	292	2.01e-174	491
Dm_00014719-RA	AT4G38510.5	N/A	84.615	156	23	1	43	197	49	204	1.96e-83	261
Dm_00014709-RA	AT1G54115.1	N/A	60.726	634	230	6	1	631	1	618	0.0	773
Dm_00013605-RA	AT3G56210.4	N/A	58.523	176	72	1	1	176	1	175	3.77e-72	216
Dm_00013606-RA	AT5G27700.1	N/A	79.012	81	17	0	1	81	1	81	7.42e-47	144
Dm_00014568-RA	AT5G13430.1	N/A	78.879	232	48	1	241	472	42	272	4.23e-132	383
Dm_00010156-RA	AT2G45550.1	N/A	42.549	510	276	9	10	513	9	507	9.08e-145	426
Dm_00010280-RA	AT4G26270.1	N/A	80.089	447	84	3	1	445	35	478	0.0	747
Dm_00010644-RA	AT5G49150.7	N/A	55.926	540	234	2	4	541	220	757	0.0	631
Dm_00008525-RA	AT1G08570.2	N/A	71.574	197	47	2	9	205	37	224	5.22e-100	291
Dm_00011279-RA	AT5G53870.2	N/A	46.988	166	81	2	4	169	9	167	1.47e-48	162
Dm_00011281-RA	AT4G28390.1	N/A	83.990	381	55	3	22	399	2	379	0.0	620
Dm_00009958-RA	AT4G25890.1	N/A	71.642	67	19	0	1	67	1	67	7.01e-28	101
Dm_00010796-RA	AT1G71990.1	N/A	68.486	403	120	3	1	400	1	399	0.0	587
Dm_00010795-RA	AT4G09510.1	N/A	85.219	548	78	3	14	559	11	557	0.0	984
Dm_00010702-RA	AT3G12760.1	N/A	56.226	265	55	5	59	297	21	250	3.21e-89	267
Dm_00003619-RA	AT5G52580.3	N/A	75.362	69	16	1	1	69	612	679	3.34e-30	110
Dm_00003624-RA	AT5G27640.3	N/A	74.298	712	176	5	1	708	1	709	0.0	1113
Dm_00003324-RA	AT3G48195.1	N/A	59.802	505	187	7	426	922	401	897	0.0	613
Dm_00003322-RA	AT5G33320.1	N/A	67.294	425	106	5	1	409	1	408	0.0	530
Dm_00003143-RA	AT5G27600.1	N/A	71.159	690	171	2	1	662	1	690	0.0	1043
Dm_00002957-RA	AT4G23420.2	N/A	66.879	314	100	2	1	312	1	312	2.75e-155	437
Dm_00002965-RA	AT4G33410.1	N/A	79.245	371	76	1	1	370	1	371	0.0	604
Dm_00010484-RA	AT1G26880.1	N/A	90.833	120	11	0	1	120	1	120	1.14e-76	222
Dm_00009656-RA	AT5G08170.3	N/A	72.984	248	67	0	72	319	42	289	1.27e-136	389
Dm_00010809-RA	AT5G14250.1	N/A	59.091	418	152	2	1	399	5	422	7.76e-174	492
Dm_00011086-RA	AT4G31600.1	N/A	77.469	324	72	1	1	324	1	323	6.02e-180	500
Dm_00010621-RA	AT2G31200.1	N/A	51.705	176	49	1	1	176	6	145	1.92e-63	192
Dm_00010253-RA	AT4G22670.1	N/A	71.678	286	69	4	1	278	1	282	2.29e-130	382
Dm_00009264-RA	AT4G23920.1	N/A	84.024	338	54	0	1	338	1	338	0.0	605
Dm_00008658-RA	AT1G08280.1	N/A	47.368	437	180	9	43	468	1	398	5.57e-131	385
Dm_00008896-RA	AT4G03390.2	N/A	59.783	92	37	0	49	140	508	599	6.90e-37	133
Dm_00015786-RA	AT2G45510.1	N/A	55.588	340	141	5	51	383	112	448	6.27e-127	375
Dm_00015127-RA	AT4G13710.2	N/A	49.326	371	150	4	6	342	85	451	1.04e-125	368
Dm_00015014-RA	AT5G04430.1	N/A	66.667	114	31	2	2	109	32	144	7.05e-45	147
Dm_00015852-RA	AT1G29760.1	N/A	39.785	558	272	16	4	542	12	524	9.97e-122	369
Dm_00015792-RA	AT2G40010.1	N/A	79.876	323	59	1	1	323	1	317	0.0	508
Dm_00014395-RA	AT1G65650.1	N/A	74.510	306	73	1	4	309	26	326	5.75e-163	457
Dm_00014810-RA	AT1G26880.1	N/A	92.473	93	7	0	42	134	27	119	5.93e-57	173
Dm_00005927-RA	AT5G37600.1	N/A	87.079	356	46	0	1	356	1	356	0.0	662
Dm_00006361-RA	AT2G25310.1	N/A	66.981	212	60	3	1	211	3	205	2.08e-86	255
Dm_00005151-RA	AT1G22450.1	N/A	51.515	198	77	5	22	208	1	190	3.30e-58	182
Dm_00005540-RA	AT5G66060.1	N/A	70.775	284	65	3	1	267	2	284	3.12e-150	421
Dm_00006470-RA	AT1G34190.1	N/A	60.326	184	70	1	3	183	61	244	6.96e-75	235
Dm_00006486-RA	AT1G80160.1	N/A	75.595	168	37	3	1	168	1	164	5.52e-89	258
Dm_00015252-RA	AT2G20130.1	N/A	90.152	132	13	0	1	132	115	246	8.61e-87	254
Dm_00015189-RA	AT3G25150.1	N/A	40.957	376	198	8	1	361	3	369	7.45e-76	243
Dm_00014237-RA	AT4G34050.2	N/A	53.659	82	38	0	2	83	66	147	5.06e-30	103
Dm_00014239-RA	AT1G24735.1	N/A	62.500	128	48	0	121	248	16	143	5.73e-52	169
Dm_00014238-RA	AT1G24735.1	N/A	62.500	128	48	0	121	248	16	143	5.73e-52	169
Dm_00011319-RA	AT5G11170.1	N/A	88.036	443	34	3	1	443	1	424	0.0	763
Dm_00009723-RA	AT5G14760.1	N/A	74.251	334	84	1	76	407	309	642	0.0	520
Dm_00009726-RA	AT5G14760.1	N/A	57.738	168	59	5	13	175	1	161	2.76e-48	166
Dm_00009725-RA	AT5G14760.1	N/A	85.882	85	12	0	1	85	176	260	1.65e-44	159
Dm_00002461-RA	AT3G12480.1	N/A	44.948	287	109	10	84	337	12	282	5.43e-53	177
Dm_00003210-RA	AT1G07070.1	N/A	61.607	112	28	2	1	97	1	112	2.51e-43	139
Dm_00002383-RA	AT3G57870.1	N/A	83.486	109	18	0	3	111	52	160	1.50e-65	195
Dm_00003086-RA	AT5G60335.2	N/A	61.268	142	55	0	55	196	16	157	3.95e-61	189
Dm_00002667-RA	AT1G09790.1	N/A	55.615	374	159	5	2	373	55	423	4.94e-143	414
Dm_00002664-RA	AT3G07680.1	N/A	69.608	204	61	1	11	213	5	208	8.13e-105	301
Dm_00002688-RA	AT1G55920.1	N/A	65.060	332	98	2	1	332	1	314	2.75e-150	425
Dm_00003197-RA	AT2G01600.1	N/A	64.865	592	162	12	1	567	1	571	0.0	732
Dm_00003204-RA	AT1G15000.1	N/A	57.212	416	163	7	33	445	28	431	5.30e-166	475
Dm_00005965-RA	AT1G27090.1	N/A	50.131	381	147	10	9	385	1	342	4.51e-109	329
Dm_00005728-RA	AT1G68070.1	N/A	37.415	294	121	7	32	278	60	337	6.71e-58	189
Dm_00005876-RA	AT3G03773.3	N/A	54.054	111	49	2	1	110	3	112	6.12e-35	122
Dm_00005161-RA	AT2G31725.1	N/A	71.910	89	25	0	1	89	1	89	1.12e-43	139
Dm_00005154-RA	AT5G52910.2	N/A	45.680	1169	492	13	1	1165	13	1042	0.0	914
Dm_00005331-RA	AT5G67220.1	N/A	70.647	402	110	4	1	399	17	413	0.0	595
Dm_00005327-RA	AT4G39220.1	N/A	68.539	178	56	0	17	194	12	189	5.15e-90	262
Dm_00005329-RA	AT5G67230.1	N/A	59.071	452	146	8	2	440	1	426	0.0	536
Dm_00006498-RA	AT4G27950.1	N/A	39.683	315	141	11	11	279	12	323	4.41e-51	172
Dm_00006213-RA	AT5G43100.1	N/A	57.096	606	247	5	65	667	30	625	0.0	721
Dm_00011660-RA	AT1G03360.1	N/A	57.345	354	113	4	1	351	3	321	4.21e-140	400
Dm_00010453-RA	AT3G54340.1	N/A	61.871	139	53	0	1	139	1	139	3.16e-58	181
Dm_00010958-RA	AT2G25740.2	N/A	51.111	450	195	7	27	466	42	476	1.75e-150	437
Dm_00012219-RA	AT1G44000.1	N/A	63.478	115	39	1	78	189	63	177	7.28e-46	152
Dm_00013251-RA	AT2G19680.2	N/A	62.500	72	27	0	1	72	1	72	5.25e-26	92.8
Dm_00006187-RA	AT4G13420.1	N/A	57.050	766	307	4	33	788	32	785	0.0	895
Dm_00004857-RA	AT2G17880.1	N/A	47.934	121	43	3	60	180	60	160	8.34e-30	107
Dm_00004750-RA	AT5G39850.1	N/A	90.374	187	18	0	1	187	1	187	2.26e-123	347
Dm_00005838-RA	AT2G21940.5	N/A	64.948	194	67	1	28	220	88	281	7.35e-89	265
Dm_00005840-RA	AT5G10010.1	N/A	64.605	291	102	1	88	378	130	419	3.92e-142	411
Dm_00004874-RA	AT4G39235.1	N/A	65.591	93	23	2	1	92	1	85	5.89e-38	122
Dm_00005623-RA	AT3G06260.1	N/A	72.727	330	89	1	56	384	22	351	0.0	528
Dm_00005618-RA	AT2G28305.1	N/A	65.816	196	67	0	13	208	6	201	6.37e-97	281
Dm_00006125-RA	AT3G28630.1	N/A	53.115	305	119	6	365	657	37	329	1.44e-91	287
Dm_00017873-RA	AT5G61510.1	N/A	79.100	311	65	0	34	344	96	406	0.0	519
Dm_00018878-RA	AT3G13230.2	N/A	75.115	217	49	1	8	224	4	215	2.48e-122	346
Dm_00013678-RA	AT2G14740.2	N/A	82.550	596	103	1	30	624	24	619	0.0	1063
Dm_00013950-RA	AT3G17000.1	N/A	62.857	315	103	4	1	307	1	309	1.40e-135	387
Dm_00014895-RA	AT2G43080.1	N/A	81.053	95	18	0	5	99	188	282	2.89e-54	172
Dm_00015969-RA	AT2G21870.2	N/A	64.516	217	73	1	88	304	8	220	6.16e-96	283
Dm_00015946-RA	AT1G01910.2	N/A	76.404	356	81	1	1	356	1	353	0.0	551
Dm_00014997-RA	AT1G52980.1	N/A	75.420	476	111	4	8	479	13	486	0.0	731
Dm_00016630-RA	AT1G70560.1	N/A	50.689	363	163	6	4	366	37	383	9.28e-126	367
Dm_00013930-RA	AT4G31420.1	N/A	62.260	416	142	8	1	413	1	404	6.35e-174	492
Dm_00011078-RA	AT2G37510.1	N/A	60.274	146	53	2	1	146	1	141	6.98e-52	161
Dm_00009779-RA	AT1G74780.1	N/A	57.649	536	215	4	5	538	7	532	0.0	604
Dm_00010059-RA	AT3G04600.3	N/A	85.149	303	43	1	1	301	1	303	0.0	546
Dm_00010258-RA	AT1G01720.1	N/A	55.031	318	100	7	6	316	5	286	1.40e-110	323
Dm_00010260-RA	AT4G34240.4	N/A	61.027	526	182	4	9	527	24	533	0.0	640
Dm_00010259-RA	AT4G33490.2	N/A	64.323	384	123	7	58	437	41	414	9.42e-179	506
Dm_00008949-RA	AT5G19140.1	N/A	75.111	225	50	1	1	219	1	225	1.38e-122	347
Dm_00011518-RA	AT4G01320.1	N/A	82.452	416	73	0	2	417	9	424	0.0	722
Dm_00012101-RA	AT1G50480.1	N/A	84.873	628	95	0	4	631	2	629	0.0	1118
Dm_00011464-RA	AT3G62040.1	N/A	72.300	213	55	3	39	248	1	212	4.65e-110	316
Dm_00011465-RA	AT2G36740.1	N/A	54.601	326	86	6	30	340	1	279	4.50e-96	290
Dm_00017979-RA	AT5G65160.1	N/A	51.827	602	262	8	8	602	11	591	0.0	589
Dm_00016924-RA	AT2G22670.2	N/A	51.077	325	97	8	27	345	19	287	2.92e-94	283
Dm_00018298-RA	AT3G13060.2	N/A	42.379	597	290	14	1	551	23	611	5.46e-135	407
Dm_00018326-RA	AT1G30580.1	N/A	84.224	393	54	1	1	385	1	393	0.0	691
Dm_00017948-RA	AT5G05280.1	N/A	58.647	133	52	2	62	191	25	157	8.20e-50	160
Dm_00018120-RA	AT2G14820.2	N/A	53.691	596	233	11	24	609	17	579	0.0	612
Dm_00018000-RA	AT3G20240.1	N/A	67.066	334	107	2	15	346	8	340	3.80e-167	470
Dm_00019958-RA	AT5G51830.1	N/A	73.964	338	73	2	24	360	20	343	0.0	511
Dm_00003667-RA	AT4G31730.1	N/A	49.587	121	46	3	27	147	27	132	4.22e-29	105
Dm_00003420-RA	AT3G56930.1	N/A	63.768	345	108	6	13	341	20	363	3.88e-157	452
Dm_00003631-RA	AT2G42810.2	N/A	73.077	494	124	3	41	525	26	519	0.0	738
Dm_00003646-RA	AT2G27860.1	N/A	82.212	416	46	2	4	419	2	389	0.0	721
Dm_00003645-RA	AT3G44830.1	N/A	64.861	683	207	11	17	688	5	665	0.0	852
Dm_00020576-RA	AT1G45616.1	N/A	33.827	405	248	9	65	459	28	422	7.76e-46	171
Dm_00019157-RA	AT1G16560.9	N/A	66.467	334	108	1	1	334	1	330	3.10e-169	474
Dm_00020570-RA	AT2G21150.1	N/A	75.145	346	68	4	1	338	1	336	1.51e-155	439
Dm_00019383-RA	AT4G15000.1	N/A	82.707	133	23	0	1	133	1	133	4.48e-79	229
Dm_00020560-RA	AT1G22840.1	N/A	88.288	111	13	0	34	144	1	111	3.59e-71	209
Dm_00017277-RA	AT5G03290.1	N/A	87.798	336	41	0	46	381	39	374	0.0	625
Dm_00017881-RA	AT4G03390.2	N/A	52.219	766	313	9	23	769	34	765	0.0	743
Dm_00017880-RA	AT1G61250.1	N/A	72.862	269	71	1	85	351	21	289	4.53e-150	424
Dm_00017798-RA	AT2G40610.1	N/A	77.912	249	49	3	9	256	10	253	1.70e-143	402
Dm_00017328-RA	AT2G45520.1	N/A	42.918	233	96	6	1	229	1	200	8.70e-35	123
Dm_00017739-RA	AT1G79810.1	N/A	72.642	318	68	2	46	344	5	322	7.48e-169	474
Dm_00016097-RA	AT5G44120.3	N/A	41.247	417	199	4	54	428	35	447	1.05e-99	307
Dm_00017639-RA	AT3G54900.1	N/A	79.121	91	19	0	14	104	65	155	9.24e-51	161
Dm_00012903-RA	AT1G18040.1	N/A	78.027	223	45	2	11	229	6	228	2.06e-122	353
Dm_00010188-RA	AT2G35360.1	N/A	56.466	232	86	3	4	233	7	225	8.95e-82	244
Dm_00012115-RA	AT1G44350.1	N/A	62.471	437	153	5	51	484	36	464	0.0	526
Dm_00012256-RA	AT1G13130.1	N/A	58.135	504	201	5	544	1038	35	537	0.0	616
Dm_00011693-RA	AT4G02050.2	N/A	79.200	500	104	0	1	500	1	500	0.0	828
Dm_00011695-RA	AT3G18760.1	N/A	52.318	151	23	1	1	151	1	102	3.16e-47	153
Dm_00012817-RA	AT1G09580.1	N/A	61.353	207	77	1	8	211	11	217	4.19e-96	279
Dm_00012470-RA	AT4G12400.2	N/A	85.305	279	41	0	10	288	280	558	0.0	511
Dm_00011211-RA	AT2G46060.3	N/A	46.575	803	392	12	9	804	28	800	0.0	709
Dm_00020082-RA	AT3G61200.1	N/A	44.186	172	90	3	5	171	14	184	3.42e-41	137
Dm_00004925-RA	AT4G08180.4	N/A	70.925	822	210	7	1	806	1	809	0.0	1141
Dm_00005568-RA	AT5G45550.1	N/A	91.617	167	14	0	65	231	24	190	1.88e-116	332
Dm_00005829-RA	AT5G39740.1	N/A	78.135	311	48	1	53	363	2	292	0.0	504
Dm_00016050-RA	AT1G23390.1	N/A	39.683	378	216	9	39	410	20	391	4.92e-89	276
Dm_00015911-RA	AT2G36090.1	N/A	29.582	311	143	9	129	438	32	267	1.40e-31	126
Dm_00016203-RA	AT5G52450.1	N/A	66.237	465	153	1	21	481	6	470	0.0	612
Dm_00010487-RA	AT4G35040.2	N/A	61.826	241	71	9	1	233	1	228	2.84e-95	280
Dm_00005116-RA	AT5G20820.1	N/A	49.254	134	54	4	1	128	1	126	6.35e-33	112
Dm_00005122-RA	AT1G19170.1	N/A	73.428	493	118	2	3	482	13	505	0.0	775
Dm_00005121-RA	AT3G42880.1	N/A	49.925	671	283	15	1	658	1	631	0.0	633
Dm_00005495-RA	AT2G44970.3	N/A	51.442	416	142	4	115	527	122	480	1.13e-142	420
Dm_00005383-RA	AT2G09990.1	N/A	79.231	130	27	0	54	183	6	135	1.60e-74	222
Dm_00007344-RA	AT5G06660.1	N/A	77.551	196	38	2	4	198	6	196	1.15e-96	279
Dm_00007636-RA	AT4G29410.1	N/A	62.963	162	40	2	1	161	1	143	4.42e-64	193
Dm_00008624-RA	AT1G17020.1	N/A	47.368	361	154	6	11	352	11	354	3.24e-106	323
Dm_00008632-RA	AT5G58950.1	N/A	54.004	487	180	8	1	454	1	476	3.36e-174	500
Dm_00006730-RA	AT3G19490.1	N/A	87.018	493	63	1	45	536	83	575	0.0	822
Dm_00002288-RA	AT1G28520.4	N/A	58.955	536	157	14	8	538	8	485	0.0	556
Dm_00002286-RA	AT1G28510.1	N/A	67.485	163	52	1	1	163	1	162	8.19e-75	221
Dm_00003272-RA	AT1G23100.1	N/A	80.000	95	19	0	1	95	1	95	5.76e-53	160
Dm_00003273-RA	AT2G01490.1	N/A	75.391	256	63	0	2	257	14	269	1.92e-145	408
Dm_00003251-RA	AT1G28110.2	N/A	75.885	452	108	1	10	461	8	458	0.0	733
Dm_00003264-RA	AT5G61820.2	N/A	55.504	427	163	7	18	431	9	421	6.15e-165	474
Dm_00017254-RA	AT5G47520.1	N/A	65.625	224	21	2	86	256	1	221	1.34e-96	282
Dm_00017513-RA	AT5G49760.1	N/A	57.143	609	249	5	2	601	321	926	0.0	660
Dm_00015664-RA	AT3G19760.1	N/A	88.718	390	44	0	18	407	19	408	0.0	727
Dm_00017278-RA	AT5G66520.1	N/A	43.412	592	331	3	46	633	29	620	1.08e-175	513
Dm_00017008-RA	AT3G55280.2	N/A	82.581	155	26	1	1	155	1	154	1.34e-62	189
Dm_00017359-RA	AT4G19030.2	N/A	55.000	120	47	2	9	128	20	132	6.92e-39	131
Dm_00014196-RA	AT1G72690.1	N/A	54.945	91	32	2	45	134	3	85	1.25e-24	90.5
Dm_00014542-RA	AT2G35795.1	N/A	79.817	109	22	0	16	124	4	112	1.73e-64	191
Dm_00015205-RA	AT5G66180.1	N/A	57.955	440	131	7	7	445	4	390	4.82e-173	491
Dm_00020829-RA	AT5G64140.1	N/A	90.769	65	5	1	1	65	1	64	1.53e-36	117
Dm_00020541-RA	AT5G28780.1	N/A	46.763	139	70	2	6	144	179	313	2.01e-32	119
Dm_00014112-RA	AT5G16610.1	N/A	53.312	317	139	4	171	482	193	505	5.23e-107	329
Dm_00012392-RA	AT3G02050.1	N/A	57.764	161	43	1	88	223	16	176	3.74e-50	174
Dm_00013373-RA	AT3G12500.1	N/A	71.864	295	81	2	37	330	33	326	1.40e-154	437
Dm_00013792-RA	AT1G21150.3	N/A	27.887	355	246	6	22	374	7	353	2.13e-39	144
Dm_00012609-RA	AT5G18280.1	N/A	66.463	328	105	3	21	343	109	436	8.01e-146	420
Dm_00003178-RA	AT1G69260.1	N/A	38.987	395	147	10	42	416	19	339	2.96e-63	207
Dm_00002906-RA	AT2G31820.1	N/A	61.085	645	189	10	2	588	15	655	0.0	734
Dm_00002913-RA	AT3G59920.1	N/A	83.559	444	63	1	1	434	1	444	0.0	778
Dm_00002911-RA	AT2G31870.2	N/A	57.374	556	177	9	1	515	1	537	0.0	612
Dm_00003106-RA	AT3G61790.1	N/A	89.643	280	19	2	49	326	54	325	0.0	520
Dm_00003608-RA	AT5G20160.1	N/A	87.395	119	15	0	3	121	2	120	9.22e-66	195
Dm_00003599-RA	AT5G20080.1	N/A	75.767	326	77	1	4	329	5	328	0.0	522
Dm_00003609-RA	AT4G32430.1	N/A	52.113	710	331	5	5	711	51	754	0.0	778
Dm_00003607-RA	AT2G37990.1	N/A	63.103	290	96	1	56	345	36	314	1.65e-123	359
Dm_00003615-RA	AT2G41475.1	N/A	63.910	133	47	1	48	179	29	161	2.75e-62	191
Dm_00003449-RA	AT3G50910.1	N/A	43.133	517	193	17	1	487	1	446	2.81e-97	301
Dm_00003496-RA	AT1G76340.1	N/A	76.408	373	82	2	2	373	3	370	0.0	563
Dm_00011115-RA	AT1G77000.1	N/A	70.572	367	94	2	5	370	4	357	0.0	521
Dm_00014218-RA	AT3G49010.2	N/A	72.159	176	44	1	33	203	16	191	2.21e-87	257
Dm_00013735-RA	AT5G12110.1	N/A	72.368	228	63	0	1	228	1	228	6.20e-105	302
Dm_00013739-RA	AT2G26920.1	N/A	47.982	669	284	30	18	668	24	646	7.12e-151	452
Dm_00018809-RA	AT5G05600.2	N/A	71.560	109	31	0	1	109	182	290	1.73e-54	173
Dm_00020048-RA	AT1G62610.3	N/A	64.311	283	96	1	1	283	1	278	2.74e-133	379
Dm_00020047-RA	AT1G63380.2	N/A	61.702	94	33	2	1	93	195	286	5.06e-31	111
Dm_00020022-RA	AT4G16060.1	N/A	72.398	221	45	1	22	242	85	289	1.47e-118	340
Dm_00019914-RA	AT3G06720.2	N/A	74.884	215	47	3	12	219	317	531	3.27e-110	326
Dm_00020641-RA	AT3G05560.1	N/A	81.301	123	19	2	1	123	1	119	6.99e-56	170
Dm_00005416-RA	AT4G05020.1	N/A	64.528	265	82	4	8	266	28	286	2.99e-107	322
Dm_00004529-RA	AT4G03510.1	N/A	40.299	268	112	9	25	289	27	249	7.42e-50	165
Dm_00004528-RA	AT1G28240.1	N/A	61.567	536	183	8	1	533	1	516	0.0	676
Dm_00004537-RA	AT4G27450.1	N/A	55.513	263	75	7	1	234	1	250	1.87e-90	267
Dm_00004531-RA	AT4G04950.1	N/A	65.316	395	117	4	3	395	5	381	6.88e-180	509
Dm_00005169-RA	AT4G26910.2	N/A	72.222	414	100	4	41	447	56	461	0.0	574
Dm_00007330-RA	AT5G18960.1	N/A	47.664	107	56	0	103	209	377	483	3.57e-31	120
Dm_00007018-RA	AT1G01720.1	N/A	64.983	297	81	8	27	309	1	288	2.55e-128	367
Dm_00007536-RA	AT5G48430.1	N/A	38.199	322	163	8	65	362	94	403	2.05e-57	192
Dm_00007025-RA	AT5G56950.1	N/A	63.930	402	117	3	1	402	1	374	9.47e-153	436
Dm_00006205-RA	AT1G07140.1	N/A	75.325	154	34	3	1	151	1	153	8.15e-82	241
Dm_00006449-RA	AT4G04870.1	N/A	58.640	353	124	8	1	345	1	339	1.22e-130	377
Dm_00014901-RA	AT4G26140.1	N/A	69.008	726	211	6	11	731	11	727	0.0	1047
Dm_00016227-RA	AT2G26600.1	N/A	68.286	350	110	1	26	374	29	378	0.0	514
Dm_00015721-RA	AT2G35100.1	N/A	54.386	285	121	3	35	318	1	277	3.63e-103	310
Dm_00015720-RA	AT2G35100.1	N/A	67.380	187	57	1	13	199	260	442	1.05e-92	278
Dm_00015922-RA	AT1G12790.1	N/A	61.842	228	87	0	7	234	23	250	2.77e-104	302
Dm_00005042-RA	AT3G22750.1	N/A	73.262	374	90	3	38	410	14	378	0.0	586
Dm_00017523-RA	AT1G01800.2	N/A	51.923	156	74	1	1	155	98	253	5.90e-55	174
Dm_00019468-RA	AT5G65720.3	N/A	79.091	440	87	1	17	456	19	453	0.0	739
Dm_00019771-RA	AT5G46940.1	N/A	38.272	162	97	3	1	161	17	176	4.36e-35	120
Dm_00009105-RA	AT5G61170.1	N/A	89.655	116	12	0	9	124	5	120	9.75e-77	223
Dm_00002896-RA	AT1G11200.1	N/A	72.449	294	81	0	1	294	2	295	3.07e-168	468
Dm_00002404-RA	AT3G03310.1	N/A	68.161	446	134	3	146	589	6	445	0.0	619
Dm_00002256-RA	AT2G19160.1	N/A	58.883	394	155	4	1	389	1	392	0.0	516
Dm_00002255-RA	AT4G29950.1	N/A	52.083	864	328	24	84	912	16	828	0.0	744
Dm_00017740-RA	AT5G42630.2	N/A	52.315	216	42	9	24	239	16	170	2.49e-43	148
Dm_00013298-RA	AT4G00100.1	N/A	91.489	141	12	0	1	141	1	141	5.92e-93	266
Dm_00013350-RA	AT4G33925.1	N/A	65.574	122	42	0	7	128	6	127	1.60e-57	176
Dm_00013892-RA	AT5G51990.1	N/A	54.587	218	83	5	288	499	14	221	3.25e-64	208
Dm_00013983-RA	AT1G11650.2	N/A	58.252	309	106	4	93	399	51	338	1.25e-127	376
Dm_00013120-RA	AT1G73650.3	N/A	70.405	321	66	1	1	321	1	292	1.69e-153	432
Dm_00012505-RA	AT4G11010.1	N/A	73.810	210	27	1	4	213	57	238	1.47e-111	319
Dm_00014570-RA	AT1G31920.1	N/A	50.085	591	291	3	16	604	16	604	0.0	624
Dm_00014549-RA	AT1G67740.1	N/A	58.824	153	50	3	53	201	44	187	2.62e-43	144
Dm_00015085-RA	AT3G57090.2	N/A	63.743	171	57	3	1	168	1	169	1.19e-74	221
Dm_00004927-RA	AT1G15930.1	N/A	80.198	101	20	0	1	101	25	125	1.67e-54	168
Dm_00004594-RA	AT1G80920.1	N/A	51.351	111	45	2	80	184	55	162	1.52e-35	122
Dm_00005315-RA	AT1G68810.1	N/A	61.935	310	88	8	51	348	63	354	2.34e-104	311
Dm_00004922-RA	AT5G62520.1	N/A	41.219	279	131	6	59	322	42	302	3.71e-59	201
Dm_00004650-RA	AT3G61040.1	N/A	46.737	475	237	5	32	502	32	494	1.23e-156	455
Dm_00005148-RA	AT1G02610.2	N/A	45.078	193	87	3	26	203	3	191	2.85e-52	167
Dm_00005487-RA	AT5G09250.4	N/A	50.000	98	44	2	1	94	1	97	4.43e-25	90.9
Dm_00005847-RA	AT3G56010.1	N/A	65.000	120	37	2	208	322	82	201	2.05e-48	161
Dm_00004378-RA	AT4G38460.1	N/A	70.667	300	71	4	43	339	39	324	2.24e-142	405
Dm_00010177-RA	AT3G57880.1	N/A	82.513	772	130	4	6	775	5	773	0.0	1344
Dm_00010176-RA	AT1G73730.1	N/A	50.915	601	246	12	1	590	1	563	0.0	530
Dm_00013942-RA	AT4G36020.1	N/A	44.891	274	129	5	6	272	10	268	3.02e-53	175
Dm_00010299-RA	AT2G21160.2	N/A	57.843	102	40	2	56	155	21	121	2.73e-30	110
Dm_00013922-RA	AT5G56680.1	N/A	72.021	579	151	4	1	575	1	572	0.0	883
Dm_00013904-RA	AT5G11970.1	N/A	48.819	127	43	3	2	128	1	105	2.79e-29	102
Dm_00012739-RA	AT1G20050.1	N/A	62.443	221	76	2	10	225	5	223	5.23e-87	257
Dm_00016302-RA	AT5G03470.1	N/A	72.379	496	123	3	1	493	1	485	0.0	736
Dm_00016319-RA	AT2G28710.1	N/A	43.158	190	59	7	23	210	14	156	7.52e-30	108
Dm_00020179-RA	AT3G24550.1	N/A	73.969	388	97	3	293	679	253	637	0.0	602
Dm_00019935-RA	AT2G14580.1	N/A	55.414	157	66	3	13	169	9	161	2.34e-59	182
Dm_00017336-RA	AT4G15720.1	N/A	52.961	591	266	6	29	608	27	616	0.0	644
Dm_00020039-RA	AT3G54140.1	N/A	70.650	569	164	3	4	572	2	567	0.0	848
Dm_00020374-RA	AT4G19030.1	N/A	75.000	88	22	0	5	92	205	292	1.82e-41	138
Dm_00008112-RA	AT1G35670.1	N/A	81.950	482	84	3	22	502	9	488	0.0	827
Dm_00008239-RA	AT5G19690.1	N/A	84.865	740	100	5	186	920	1	733	0.0	1256
Dm_00008373-RA	AT1G70505.4	N/A	52.922	308	134	7	50	351	15	317	6.92e-110	325
Dm_00007581-RA	AT3G16980.1	N/A	83.333	114	19	0	1	114	1	114	4.13e-72	210
Dm_00007035-RA	AT2G34790.1	N/A	41.899	537	289	6	14	547	12	528	3.25e-140	418
Dm_00007280-RA	AT5G13490.1	N/A	66.827	416	104	8	1	415	1	383	0.0	514
Dm_00005650-RA	AT5G04600.1	N/A	57.838	185	77	1	8	192	22	205	9.84e-77	229
Dm_00008141-RA	AT3G54130.1	N/A	67.251	171	47	3	1	162	82	252	2.64e-74	225
Dm_00007186-RA	AT3G21160.1	N/A	78.571	406	79	2	1	398	163	568	0.0	656
Dm_00007741-RA	AT2G23093.1	N/A	54.204	452	204	2	1	452	1	449	3.60e-169	483
Dm_00013847-RA	AT4G25440.3	N/A	50.766	457	182	4	79	529	9	428	2.17e-158	458
Dm_00014624-RA	AT1G02500.1	N/A	90.256	390	38	0	1	390	1	390	0.0	714
Dm_00014413-RA	AT5G28060.1	N/A	83.333	132	22	0	1	132	1	132	1.30e-78	228
Dm_00013018-RA	AT3G17810.1	N/A	82.143	392	68	1	29	418	35	426	0.0	694
Dm_00011974-RA	AT3G13460.1	N/A	58.228	316	127	3	155	468	322	634	5.34e-122	371
Dm_00014088-RA	AT4G19600.1	N/A	44.907	216	107	1	148	363	34	237	2.30e-59	201
Dm_00019081-RA	AT4G24220.1	N/A	61.381	391	145	5	1	388	1	388	4.22e-177	498
Dm_00012888-RA	AT5G56970.1	N/A	52.941	527	216	9	41	567	24	518	0.0	542
Dm_00018328-RA	AT3G61440.1	N/A	84.665	313	48	0	279	591	56	368	0.0	538
Dm_00019071-RA	AT2G38800.1	N/A	31.681	565	304	14	84	589	71	612	1.61e-56	201
Dm_00015992-RA	AT2G01250.1	N/A	82.700	237	41	0	10	246	6	242	2.39e-145	406
Dm_00018335-RA	AT4G12420.2	N/A	71.138	246	71	0	48	293	17	262	1.79e-123	365
Dm_00019481-RA	AT5G42120.1	N/A	51.325	717	298	15	17	721	13	690	0.0	652
Dm_00019198-RA	AT2G40340.6	N/A	41.311	351	160	12	3	331	12	338	1.54e-68	218
Dm_00018189-RA	AT4G08455.1	N/A	49.407	253	108	3	1	252	28	261	3.33e-76	232
Dm_00017998-RA	AT5G01410.2	N/A	91.640	311	24	1	1	311	1	309	0.0	579
Dm_00018222-RA	AT2G40590.1	N/A	77.381	84	19	0	17	100	30	113	1.97e-42	136
Dm_00018343-RA	AT3G22845.1	N/A	81.773	203	37	0	20	222	12	214	1.05e-128	362
Dm_00013570-RA	AT2G42520.1	N/A	71.799	578	130	8	1	561	1	562	0.0	819
Dm_00013784-RA	AT3G60670.1	N/A	45.525	257	114	5	4	252	7	245	2.34e-64	201
Dm_00014491-RA	AT3G62920.1	N/A	59.677	62	25	0	12	73	17	78	1.49e-23	85.1
Dm_00011752-RA	AT3G06950.1	N/A	67.089	237	76	2	36	270	74	310	7.44e-115	333
Dm_00013192-RA	AT4G08455.1	N/A	53.097	226	100	3	34	256	43	265	2.01e-73	225
Dm_00010965-RA	AT5G08350.1	N/A	63.014	146	53	1	48	193	68	212	2.99e-62	192
Dm_00010888-RA	AT5G62740.1	N/A	86.268	284	39	0	1	284	1	284	0.0	508
Dm_00011297-RA	AT5G24310.3	N/A	89.231	65	7	0	1	65	21	85	2.44e-35	122
Dm_00009615-RA	AT4G32600.1	N/A	69.707	307	85	5	109	411	107	409	5.21e-153	441
Dm_00012337-RA	AT5G14140.1	N/A	61.446	249	89	3	48	289	11	259	6.71e-108	314
Dm_00013621-RA	AT3G22680.1	N/A	48.889	180	68	1	12	191	7	162	5.16e-55	172
Dm_00013417-RA	AT4G34555.1	N/A	84.211	76	11	1	1	76	1	75	2.29e-25	93.2
Dm_00013556-RA	AT1G21370.1	N/A	56.585	205	81	5	5	206	2	201	1.11e-69	217
Dm_00013566-RA	AT1G27390.1	N/A	55.474	137	60	1	41	176	1	137	1.81e-44	148
Dm_00014323-RA	AT2G36620.1	N/A	84.932	146	22	0	1	146	5	150	1.44e-79	233
Dm_00007964-RA	AT2G18600.1	N/A	78.378	185	33	2	1	178	1	185	3.01e-104	297
Dm_00009603-RA	AT4G02730.1	N/A	51.282	351	116	3	10	359	30	326	3.78e-122	355
Dm_00009817-RA	AT2G38120.1	N/A	72.515	513	82	4	30	537	25	483	0.0	762
Dm_00011370-RA	AT2G34750.1	N/A	46.735	582	269	10	16	591	67	613	8.32e-168	491
Dm_00009681-RA	AT1G36390.2	N/A	53.521	213	85	1	83	295	74	272	5.81e-74	229
Dm_00015607-RA	AT5G56890.1	N/A	55.718	682	261	12	87	750	455	1113	0.0	689
Dm_00002414-RA	AT3G50170.1	N/A	59.252	481	176	12	33	503	60	530	2.60e-180	536
Dm_00002858-RA	AT1G70160.1	N/A	79.093	507	103	2	21	526	19	523	0.0	848
Dm_00002542-RA	AT5G05360.2	N/A	59.701	67	26	1	3	69	61	126	1.20e-23	87.4
Dm_00002923-RA	AT5G20190.1	N/A	41.924	291	127	6	1	285	1	255	2.42e-48	164
Dm_00002268-RA	AT4G38250.1	N/A	63.573	431	147	4	4	425	3	432	0.0	534
Dm_00002278-RA	AT1G22840.1	N/A	86.486	111	15	0	1	111	1	111	3.70e-70	205
Dm_00008128-RA	AT5G59850.1	N/A	95.968	124	5	0	1	124	1	124	3.10e-87	251
Dm_00007664-RA	AT1G24540.1	N/A	52.214	542	226	6	3	534	2	520	0.0	581
Dm_00005687-RA	AT2G06050.3	N/A	53.922	408	157	5	13	415	3	384	1.33e-155	446
Dm_00011985-RA	AT4G19170.1	N/A	65.327	199	67	2	109	306	81	278	7.18e-92	285
Dm_00009812-RA	AT4G14040.1	N/A	74.194	310	79	1	6	315	2	310	2.15e-178	502
Dm_00010227-RA	AT1G36050.2	N/A	70.339	236	30	1	39	234	151	386	1.26e-117	341
Dm_00007695-RA	AT3G60360.1	N/A	55.895	229	90	2	1	219	1	228	3.95e-89	262
Dm_00008222-RA	AT4G03500.2	N/A	42.251	471	251	7	184	641	155	617	2.79e-111	348
Dm_00009841-RA	AT1G10200.1	N/A	55.747	174	49	3	4	149	3	176	1.01e-63	195
Dm_00005974-RA	AT5G09300.1	N/A	71.827	394	109	1	4	395	79	472	0.0	613
Dm_00008881-RA	AT3G24590.1	N/A	78.534	191	41	0	113	303	99	289	1.27e-114	333
Dm_00007767-RA	AT4G18100.1	N/A	82.540	126	22	0	1	126	1	126	1.97e-75	220
Dm_00015750-RA	AT3G52580.1	N/A	92.969	128	9	0	1	128	1	128	3.32e-87	251
Dm_00015872-RA	AT4G00755.2	N/A	49.347	383	169	7	6	373	2	374	1.55e-113	336
Dm_00015771-RA	AT1G25260.1	N/A	64.681	235	62	2	1	214	1	235	4.52e-102	295
Dm_00015619-RA	AT1G60160.1	N/A	73.897	839	205	6	17	854	2	827	0.0	1242
Dm_00000833-RA	AT1G54290.1	N/A	90.123	81	8	0	1	81	1	81	1.66e-52	159
Dm_00000841-RA	AT5G54800.1	N/A	74.177	395	86	6	1	389	1	385	0.0	559
Dm_00000854-RA	AT4G27030.1	N/A	48.553	311	144	4	106	410	22	322	5.88e-96	290
Dm_00000618-RA	AT5G27820.1	N/A	75.510	98	24	0	1	98	1	98	1.45e-49	155
Dm_00000609-RA	AT3G05500.1	N/A	60.833	240	90	1	5	244	8	243	4.73e-99	289
Dm_00003725-RA	AT1G79930.1	N/A	78.772	782	161	2	1	780	1	779	0.0	1280
Dm_00003559-RA	AT3G04710.1	N/A	62.185	357	116	2	1	339	1	356	1.82e-148	436
Dm_00003547-RA	AT3G04720.1	N/A	71.681	113	26	1	33	145	33	139	7.18e-53	166
Dm_00003558-RA	AT1G08790.1	N/A	62.353	170	59	2	68	234	22	189	2.38e-62	193
Dm_00003778-RA	AT4G06599.1	N/A	76.543	243	53	2	1	239	97	339	1.20e-138	392
Dm_00004158-RA	AT2G34160.1	N/A	70.079	127	37	1	1	126	1	127	2.07e-61	184
Dm_00004161-RA	AT1G06560.1	N/A	57.616	604	162	7	5	564	44	597	0.0	660
Dm_00004167-RA	AT5G11170.1	N/A	80.267	375	26	2	1	375	1	327	0.0	579
Dm_00001241-RA	AT1G20270.1	N/A	79.167	288	59	1	1	288	1	287	9.64e-174	481
Dm_00000627-RA	AT4G32600.1	N/A	68.831	308	88	3	89	393	107	409	7.28e-154	442
Dm_00016064-RA	AT1G34350.1	N/A	66.667	162	52	1	1	160	1	162	2.61e-75	222
Dm_00017169-RA	AT5G18290.1	N/A	42.446	278	118	4	5	278	3	242	8.59e-62	195
Dm_00017237-RA	AT1G68000.1	N/A	73.103	145	39	0	2	146	66	210	5.79e-77	229
Dm_00015210-RA	AT3G49210.1	N/A	51.810	442	199	7	53	481	26	466	6.80e-162	468
Dm_00013752-RA	AT4G29130.1	N/A	67.480	492	121	3	1	454	1	491	0.0	645
Dm_00011887-RA	AT5G62140.1	N/A	48.087	183	92	3	226	405	52	234	3.89e-55	182
Dm_00012967-RA	AT3G29765.1	N/A	39.773	176	106	0	165	340	139	314	2.56e-34	135
Dm_00012190-RA	AT1G51730.1	N/A	49.606	254	60	7	22	271	63	252	1.16e-46	157
Dm_00016651-RA	AT2G36620.1	N/A	84.076	157	25	0	1	157	1	157	2.54e-86	250
Dm_00016757-RA	AT4G12230.1	N/A	77.049	305	49	2	1	305	25	308	4.80e-171	487
Dm_00001639-RA	AT2G18110.1	N/A	81.140	228	43	0	5	232	4	231	1.10e-117	335
Dm_00001961-RA	AT5G16480.1	N/A	62.312	199	69	1	28	226	2	194	5.91e-90	264
Dm_00002264-RA	AT2G02570.4	N/A	72.059	204	53	2	13	215	99	299	1.36e-104	304
Dm_00002184-RA	AT1G69420.1	N/A	60.897	624	180	13	1	590	1	594	0.0	694
Dm_00006293-RA	AT3G55950.1	N/A	57.856	821	290	15	18	803	15	814	0.0	826
Dm_00005335-RA	AT4G16745.1	N/A	60.000	535	182	5	3	522	17	534	0.0	639
Dm_00005334-RA	AT4G16720.1	N/A	90.640	203	19	0	14	216	2	204	6.41e-126	354
Dm_00005337-RA	AT4G16760.1	N/A	78.506	656	140	1	9	663	3	658	0.0	1091
Dm_00005398-RA	AT1G22040.1	N/A	55.839	471	200	6	1	467	1	467	5.27e-173	496
Dm_00005285-RA	AT3G14920.1	N/A	52.167	623	262	11	3	618	6	599	0.0	623
Dm_00004981-RA	AT4G32480.1	N/A	48.988	247	107	4	52	298	18	245	1.33e-79	245
Dm_00004992-RA	AT5G01520.1	N/A	65.823	237	73	1	6	234	1	237	2.26e-116	332
Dm_00004622-RA	AT3G25570.1	N/A	62.500	368	118	9	8	374	1	349	2.01e-155	441
Dm_00006035-RA	AT5G54855.1	N/A	71.127	142	39	1	9	150	6	145	2.57e-72	213
Dm_00006037-RA	AT4G27040.1	N/A	58.301	259	42	4	3	208	1	246	2.45e-96	281
Dm_00005236-RA	AT2G21120.1	N/A	69.463	298	91	0	25	322	1	298	5.87e-149	424
Dm_00016821-RA	AT1G70600.1	N/A	88.356	146	17	0	1	146	1	146	1.16e-92	265
Dm_00016618-RA	AT4G25440.3	N/A	63.193	451	135	6	1	447	1	424	0.0	583
Dm_00011009-RA	AT5G60460.2	N/A	70.787	89	26	0	16	104	19	107	1.73e-34	115
Dm_00011171-RA	AT2G20490.1	N/A	55.435	92	6	2	1	92	1	57	9.03e-24	86.3
Dm_00019492-RA	AT4G26230.1	N/A	84.270	89	14	0	9	97	24	112	3.62e-49	152
Dm_00019243-RA	AT2G40610.1	N/A	77.143	245	53	2	11	254	11	253	1.82e-140	394
Dm_00020111-RA	AT1G27450.1	N/A	50.190	263	70	3	21	283	4	205	1.16e-71	221
Dm_00019617-RA	AT3G25530.1	N/A	76.125	289	69	0	4	292	1	289	5.00e-163	455
Dm_00019538-RA	AT4G36470.1	N/A	52.083	96	38	3	8	100	90	180	1.11e-27	103
Dm_00019722-RA	AT4G33250.1	N/A	71.795	234	57	3	1	234	1	225	1.88e-125	355
Dm_00019537-RA	AT2G31410.1	N/A	59.487	195	67	5	1	189	1	189	1.76e-57	179
Dm_00018921-RA	AT3G09270.1	N/A	45.755	212	111	3	7	217	4	212	8.17e-62	193
Dm_00004703-RA	AT4G35260.1	N/A	86.179	369	46	1	11	379	4	367	0.0	652
Dm_00004710-RA	AT3G51460.1	N/A	66.301	638	161	3	1	626	1	596	0.0	905
Dm_00004964-RA	AT1G20650.1	N/A	59.843	381	137	5	3	372	4	379	1.29e-165	468
Dm_00004039-RA	AT5G28650.1	N/A	43.272	379	162	12	1	375	1	330	1.01e-76	240
Dm_00004036-RA	AT3G04620.1	N/A	82.407	108	19	0	22	129	33	140	5.66e-60	183
Dm_00004445-RA	AT5G04500.1	N/A	65.295	729	246	6	44	769	41	765	0.0	999
Dm_00004815-RA	AT1G80230.1	N/A	68.932	103	16	1	7	109	66	152	2.31e-46	147
Dm_00004372-RA	AT4G00335.1	N/A	43.719	199	82	5	1	191	10	186	8.93e-48	155
Dm_00001216-RA	AT3G02790.1	N/A	72.381	105	28	1	1	104	1	105	1.94e-50	155
Dm_00001226-RA	AT3G04600.3	N/A	78.218	303	51	3	1	289	1	302	5.86e-176	493
Dm_00001943-RA	AT1G67970.1	N/A	40.394	406	182	14	1	381	1	371	2.01e-74	236
Dm_00001951-RA	AT2G01630.1	N/A	72.113	459	127	1	20	477	20	478	0.0	708
Dm_00002338-RA	AT1G48900.1	N/A	87.018	493	63	1	1	492	1	493	0.0	906
Dm_00002340-RA	AT1G80030.1	N/A	65.779	488	145	5	7	482	8	485	0.0	603
Dm_00002036-RA	AT5G53280.1	N/A	43.359	256	107	8	9	260	12	233	1.97e-59	191
Dm_00002034-RA	AT5G41480.1	N/A	58.065	527	199	7	23	545	18	526	0.0	551
Dm_00004072-RA	AT1G01490.4	N/A	45.161	155	72	3	4	151	55	203	1.39e-21	86.7
Dm_00002614-RA	AT1G05260.1	N/A	44.037	327	169	7	10	327	4	325	4.15e-83	254
Dm_00002613-RA	AT5G26770.1	N/A	51.181	381	127	4	30	405	9	335	1.71e-110	330
Dm_00003976-RA	AT1G47490.1	N/A	62.531	403	114	15	54	438	46	429	4.03e-158	454
Dm_00003654-RA	AT3G15940.2	N/A	57.402	716	267	8	23	730	11	696	0.0	761
Dm_00003894-RA	AT2G23070.1	N/A	81.425	393	58	2	42	424	41	428	0.0	613
Dm_00003592-RA	AT5G59240.1	N/A	85.294	204	22	1	1	204	1	196	4.18e-127	357
Dm_00018938-RA	AT4G17900.1	N/A	62.979	235	54	4	2	234	24	227	8.78e-100	290
Dm_00020348-RA	AT5G57655.2	N/A	81.718	454	83	0	35	488	24	477	0.0	803
Dm_00018180-RA	AT4G14320.1	N/A	93.269	104	7	0	8	111	2	105	9.59e-66	194
Dm_00018412-RA	AT3G16910.1	N/A	72.027	597	132	1	6	602	8	569	0.0	902
Dm_00020358-RA	AT1G48830.1	N/A	73.298	191	51	0	1	191	1	191	4.27e-105	300
Dm_00020237-RA	AT4G08690.3	N/A	60.339	295	110	4	49	341	11	300	1.94e-127	368
Dm_00020315-RA	AT3G12740.1	N/A	67.805	205	66	0	8	212	32	236	5.98e-104	304
Dm_00001446-RA	AT4G27450.1	N/A	62.313	268	83	3	1	268	1	250	5.66e-118	338
Dm_00002163-RA	AT5G25160.1	N/A	42.857	224	87	8	76	278	32	235	1.97e-39	137
Dm_00002157-RA	AT2G39960.1	N/A	68.421	190	48	1	1	178	1	190	7.02e-92	266
Dm_00008845-RA	AT3G56480.1	N/A	63.211	492	170	6	1	487	1	486	0.0	607
Dm_00009324-RA	AT5G27720.1	N/A	91.176	68	6	0	1	68	15	82	2.03e-42	134
Dm_00006943-RA	AT2G03810.6	N/A	31.771	384	193	16	60	382	63	438	1.64e-33	129
Dm_00007500-RA	AT5G17710.2	N/A	54.062	320	142	5	1	318	1	317	1.31e-98	295
Dm_00008477-RA	AT5G11900.1	N/A	75.556	180	34	1	1	170	1	180	1.15e-96	278
Dm_00007953-RA	AT5G10700.1	N/A	82.203	118	21	0	64	181	68	185	3.69e-73	219
Dm_00009639-RA	AT5G49650.1	N/A	69.282	599	138	5	7	604	5	558	0.0	833
Dm_00014515-RA	AT3G13870.2	N/A	63.073	436	130	5	16	442	301	714	0.0	559
Dm_00017288-RA	AT1G31817.1	N/A	52.406	187	76	4	152	332	135	314	4.12e-63	203
Dm_00017320-RA	AT1G13960.1	N/A	53.945	545	199	18	1	524	1	514	2.25e-159	463
Dm_00008370-RA	AT3G47300.1	N/A	50.691	217	71	6	1	216	1	182	9.52e-65	203
Dm_00009632-RA	AT2G26590.4	N/A	60.488	205	73	3	1	202	1	200	9.82e-82	245
Dm_00012957-RA	AT2G35260.1	N/A	74.638	138	31	1	147	280	87	224	7.72e-68	216
Dm_00012977-RA	AT2G46290.1	N/A	78.507	335	62	2	1	333	28	354	0.0	550
Dm_00000482-RA	AT3G45010.1	N/A	67.071	495	134	6	51	543	33	500	0.0	687
Dm_00000485-RA	AT2G28060.1	N/A	66.667	108	33	1	26	133	9	113	1.58e-44	141
Dm_00000496-RA	AT5G05370.1	N/A	70.833	72	21	0	1	72	1	72	1.36e-37	120
Dm_00013164-RA	AT4G11680.1	N/A	55.228	373	154	4	2	373	28	388	8.24e-136	393
Dm_00012338-RA	AT1G78300.1	N/A	88.095	252	29	1	4	254	3	254	7.33e-163	451
Dm_00015630-RA	AT1G13950.1	N/A	85.535	159	22	1	1	159	1	158	4.37e-100	285
Dm_00015636-RA	AT5G65110.1	N/A	75.205	730	136	7	8	731	2	692	0.0	1149
Dm_00012332-RA	AT1G07070.1	N/A	86.667	105	14	0	1	105	1	105	1.67e-65	194
Dm_00014282-RA	AT2G26570.1	N/A	74.000	150	38	1	4	153	233	381	1.94e-62	205
Dm_00014283-RA	AT2G26570.1	N/A	53.289	152	68	1	1	152	431	579	1.22e-39	142
Dm_00011665-RA	AT5G22020.1	N/A	69.643	392	118	1	1	392	5	395	0.0	560
Dm_00009997-RA	AT5G46330.2	N/A	36.174	575	341	10	2	572	41	593	2.58e-86	291
Dm_00010530-RA	AT5G04910.1	N/A	72.152	158	44	0	139	296	65	222	7.28e-70	216
Dm_00017711-RA	AT5G11280.1	N/A	65.877	211	61	2	5	214	7	207	3.44e-103	300
Dm_00000056-RA	AT3G11660.1	N/A	52.404	208	96	2	8	213	3	209	5.72e-79	235
Dm_00000059-RA	AT3G52490.1	N/A	43.348	932	394	34	1	917	1	813	0.0	594
Dm_00001067-RA	AT5G63100.1	N/A	59.259	81	32	1	2	82	216	295	4.00e-26	98.2
Dm_00001069-RA	AT5G66860.1	N/A	57.895	247	91	3	1	241	1	240	4.95e-93	274
Dm_00001108-RA	AT5G41920.1	N/A	60.471	382	136	4	35	413	36	405	1.50e-154	443
Dm_00001100-RA	AT4G15280.1	N/A	42.474	485	265	8	487	968	4	477	4.24e-124	401
Dm_00000676-RA	AT2G42590.2	N/A	72.112	251	70	0	1	251	1	251	5.91e-138	389
Dm_00000695-RA	AT5G45920.4	N/A	65.258	213	73	1	4	216	3	214	1.77e-100	293
Dm_00000685-RA	AT3G15010.2	N/A	63.319	229	82	2	36	262	26	254	1.98e-100	304
Dm_00000688-RA	AT1G29050.1	N/A	52.890	346	137	7	71	415	60	380	1.42e-119	353
Dm_00000698-RA	AT4G18465.1	N/A	74.456	689	164	4	4	682	3	689	0.0	1068
Dm_00000701-RA	AT2G34040.3	N/A	67.758	397	111	4	13	408	12	392	0.0	550
Dm_00001511-RA	AT3G13230.2	N/A	75.688	218	46	2	37	253	4	215	7.75e-124	351
Dm_00001504-RA	AT3G13340.2	N/A	79.293	396	82	0	34	429	50	445	0.0	682
Dm_00001516-RA	AT5G56000.1	N/A	90.387	697	65	2	5	700	4	699	0.0	1187
Dm_00001517-RA	AT4G26570.1	N/A	80.180	222	44	0	6	227	5	226	9.12e-132	370
Dm_00001526-RA	AT5G47720.2	N/A	77.000	400	92	0	8	407	6	405	0.0	642
Dm_00001525-RA	AT5G55850.3	N/A	69.697	66	19	1	1	66	1	65	2.66e-23	84.7
Dm_00001913-RA	AT5G49890.1	N/A	73.196	776	200	5	5	774	2	775	0.0	1117
Dm_00001910-RA	AT4G15093.1	N/A	65.625	256	86	2	11	265	4	258	9.91e-124	353
Dm_00001597-RA	AT1G19180.1	N/A	33.058	242	95	10	8	192	19	250	2.37e-23	94.4
Dm_00001611-RA	AT2G01260.1	N/A	41.395	430	179	13	1	418	1	369	2.69e-78	247
Dm_00001602-RA	AT1G15080.1	N/A	68.836	292	84	2	1	287	1	290	3.17e-145	411
Dm_00002134-RA	AT5G55060.1	N/A	52.039	711	284	11	1	708	1	657	0.0	699
Dm_00009272-RA	AT1G34640.1	N/A	48.148	108	56	0	1	108	1	108	9.33e-31	105
Dm_00007804-RA	AT5G60680.1	N/A	43.094	181	76	7	7	187	10	163	7.43e-31	110
Dm_00009621-RA	AT1G47420.1	N/A	62.048	166	63	0	36	201	74	239	1.06e-76	231
Dm_00011138-RA	AT5G16650.1	N/A	68.317	101	32	0	39	139	7	107	1.04e-45	145
Dm_00013973-RA	AT3G63130.2	N/A	64.625	506	172	2	1	506	1	499	0.0	659
Dm_00012682-RA	AT5G61170.1	N/A	70.349	172	17	1	11	182	5	142	3.39e-82	240
Dm_00013261-RA	AT3G04400.1	N/A	97.857	140	3	0	1	140	1	140	3.49e-98	278
Dm_00010550-RA	AT1G18070.2	N/A	82.552	384	67	0	1	384	149	532	0.0	680
Dm_00011894-RA	AT1G32400.2	N/A	56.180	178	69	2	1	174	1	173	4.64e-59	186
Dm_00001179-RA	AT3G10150.2	N/A	66.298	362	95	4	43	402	47	383	6.81e-172	499
Dm_00001188-RA	AT3G57290.1	N/A	86.413	368	50	0	22	389	74	441	0.0	676
Dm_00001187-RA	AT3G57290.1	N/A	72.857	70	19	0	8	77	4	73	8.31e-33	117
Dm_00001205-RA	AT5G59240.1	N/A	79.787	188	20	1	20	207	27	196	3.01e-107	307
Dm_00000013-RA	AT4G11150.1	N/A	72.653	245	48	3	1	244	1	227	8.07e-118	336
Dm_00000014-RA	AT1G32070.3	N/A	66.169	201	55	3	8	195	56	256	5.62e-90	265
Dm_00000031-RA	AT3G51630.2	N/A	68.949	409	103	6	117	507	26	428	0.0	573
Dm_00000047-RA	AT5G05350.1	N/A	41.282	390	195	8	33	402	97	472	4.39e-93	291
Dm_00000053-RA	AT2G38480.1	N/A	51.053	190	76	3	1	187	1	176	1.27e-60	187
Dm_00018208-RA	AT4G10310.1	N/A	45.339	472	243	5	58	525	41	501	6.19e-142	419
Dm_00017563-RA	AT4G15770.1	N/A	81.481	189	33	1	1	189	1	187	5.04e-112	317
Dm_00017392-RA	AT2G46620.1	N/A	57.085	494	191	8	10	492	2	485	0.0	533
Dm_00017547-RA	AT2G14170.1	N/A	78.453	543	106	4	6	548	75	606	0.0	850
Dm_00017554-RA	AT5G64130.1	N/A	66.990	103	20	2	1	103	1	89	3.13e-39	127
Dm_00016741-RA	AT5G20680.3	N/A	61.671	407	136	4	97	499	161	551	0.0	537
Dm_00016481-RA	AT3G52300.1	N/A	85.799	169	23	1	1	169	1	168	2.00e-103	294
Dm_00016616-RA	AT5G13430.1	N/A	82.569	218	38	0	3	220	55	272	2.09e-137	386
Dm_00003872-RA	AT2G27450.1	N/A	75.074	337	40	2	2	338	5	297	0.0	514
Dm_00003870-RA	AT4G39200.2	N/A	72.951	122	18	1	1	122	1	107	4.79e-45	142
Dm_00003854-RA	AT2G37970.1	N/A	61.722	209	72	1	1	201	32	240	2.04e-85	260
Dm_00004064-RA	AT1G17120.1	N/A	74.107	560	145	0	37	596	23	582	0.0	840
Dm_00004062-RA	AT2G34480.2	N/A	89.655	174	14	1	196	365	44	217	2.16e-111	324
Dm_00004144-RA	AT2G02870.3	N/A	61.522	473	164	9	1	461	1	467	0.0	555
Dm_00004140-RA	AT1G33140.1	N/A	85.052	194	29	0	1	194	1	194	3.81e-120	338
Dm_00020114-RA	AT5G35530.1	N/A	89.041	219	19	1	1	214	1	219	3.28e-141	399
Dm_00020236-RA	AT2G21060.1	N/A	57.653	196	65	2	5	194	12	195	1.35e-39	134
Dm_00020368-RA	AT4G38520.2	N/A	69.010	384	118	1	1	384	1	383	0.0	568
Dm_00019548-RA	AT4G14342.2	N/A	94.286	70	4	0	12	81	3	72	2.19e-46	146
Dm_00019998-RA	AT4G26230.1	N/A	89.524	105	11	0	7	111	6	110	4.60e-64	192
Dm_00019881-RA	AT3G23620.1	N/A	70.707	297	87	0	25	321	3	299	1.56e-157	444
Dm_00001791-RA	AT2G36310.1	N/A	65.395	367	88	3	19	385	9	336	2.53e-170	479
Dm_00001308-RA	AT1G32130.1	N/A	55.575	565	178	12	1	555	1	502	0.0	532
Dm_00015507-RA	AT5G09450.1	N/A	52.099	405	183	4	3	406	2	396	3.41e-147	424
Dm_00015505-RA	AT5G23320.1	N/A	66.667	120	40	0	1	120	1	120	3.35e-52	163
Dm_00009276-RA	AT3G61850.5	N/A	40.816	343	108	18	23	351	51	312	2.49e-54	181
Dm_00008636-RA	AT5G06860.1	N/A	58.333	312	125	4	25	334	21	329	3.73e-120	349
Dm_00008728-RA	AT1G57860.1	N/A	82.927	164	28	0	1	164	1	164	1.01e-102	291
Dm_00008730-RA	AT3G54110.1	N/A	72.810	331	57	3	20	349	3	301	3.32e-175	489
Dm_00006986-RA	AT1G35190.1	N/A	69.340	212	64	1	48	259	30	240	3.12e-105	308
Dm_00006682-RA	AT1G63690.1	N/A	73.855	524	110	3	26	540	25	530	0.0	786
Dm_00003998-RA	AT3G05600.1	N/A	57.585	323	131	4	25	342	3	324	1.86e-146	416
Dm_00003999-RA	AT5G27850.1	N/A	83.957	187	30	0	1	187	1	187	3.42e-116	328
Dm_00003995-RA	AT3G16780.1	N/A	88.043	184	22	0	1	184	1	184	1.38e-117	332
Dm_00003765-RA	AT5G04460.1	N/A	58.746	909	309	12	9	900	4	863	0.0	903
Dm_00003468-RA	AT2G21270.4	N/A	68.224	321	96	5	4	322	1	317	9.95e-156	439
Dm_00004213-RA	AT2G28320.1	N/A	60.961	853	192	14	1	828	1	737	0.0	976
Dm_00004218-RA	AT4G27490.4	N/A	67.686	229	69	2	1	226	1	227	2.01e-112	322
Dm_00005073-RA	AT3G30390.2	N/A	70.652	460	132	2	3	462	4	460	0.0	657
Dm_00005375-RA	AT5G15240.1	N/A	49.367	395	199	1	20	413	29	423	7.65e-138	401
Dm_00004942-RA	AT5G10360.1	N/A	89.558	249	25	1	1	248	1	249	4.24e-163	451
Dm_00004828-RA	AT1G26560.1	N/A	73.214	392	104	1	1	392	120	510	0.0	625
Dm_00001700-RA	AT3G48270.1	N/A	51.098	501	211	5	30	516	1	481	0.0	526
Dm_00001695-RA	AT3G48310.1	N/A	43.210	486	256	5	26	511	24	489	1.18e-144	424
Dm_00001702-RA	AT4G24715.1	N/A	46.186	236	114	6	20	253	2	226	4.90e-63	197
Dm_00001704-RA	AT1G56280.1	N/A	33.871	186	100	6	2	180	28	197	2.70e-25	97.1
Dm_00002063-RA	AT1G17200.1	N/A	55.882	204	85	2	7	210	1	199	1.19e-74	224
Dm_00002071-RA	AT5G45550.1	N/A	86.829	205	27	0	1	205	9	213	1.64e-138	386
Dm_00002076-RA	AT2G06005.1	N/A	69.388	343	94	3	1	333	1	342	1.54e-170	479
Dm_00001758-RA	AT4G15440.1	N/A	54.545	341	148	4	1	337	45	382	4.46e-136	392
Dm_00001757-RA	AT2G32590.1	N/A	50.614	733	255	14	5	721	29	670	0.0	609
Dm_00001755-RA	AT4G22120.3	N/A	64.027	745	264	2	416	1156	1	745	0.0	984
Dm_00001664-RA	AT3G50070.1	N/A	50.746	268	128	2	31	298	4	267	3.56e-81	250
Dm_00001827-RA	AT3G04950.1	N/A	69.730	185	48	1	1	185	55	231	5.18e-94	273
Dm_00019682-RA	AT1G32127.2	N/A	71.970	264	74	0	1	264	1	264	4.61e-142	400
Dm_00015933-RA	AT1G04770.1	N/A	55.307	179	75	3	1	178	129	303	2.61e-62	195
Dm_00019674-RA	AT4G24715.1	N/A	46.186	236	114	6	20	253	2	226	4.90e-63	197
Dm_00019672-RA	AT1G56280.1	N/A	33.871	186	100	6	2	180	28	197	2.70e-25	97.1
Dm_00012390-RA	AT1G30450.4	N/A	83.945	654	99	3	1	653	196	844	0.0	1125
Dm_00012751-RA	AT4G30620.1	N/A	84.416	77	12	0	24	100	67	143	1.22e-43	141
Dm_00012428-RA	AT1G54220.2	N/A	72.802	489	115	7	51	533	63	539	0.0	714
Dm_00012732-RA	AT1G17020.1	N/A	44.898	343	181	4	16	356	16	352	2.67e-105	318
Dm_00009556-RA	AT5G38650.1	N/A	74.074	135	35	0	1	135	1	135	3.09e-75	220
Dm_00014176-RA	AT4G29510.1	N/A	75.145	346	56	2	90	407	47	390	0.0	539
Dm_00012203-RA	AT2G23093.1	N/A	54.204	452	204	2	1	452	1	449	3.60e-169	483
Dm_00010609-RA	AT2G39990.1	N/A	72.281	285	70	1	5	280	9	293	1.59e-147	415
Dm_00008712-RA	AT1G79520.1	N/A	71.018	383	109	2	32	414	22	402	0.0	543
Dm_00007246-RA	AT3G25800.3	N/A	93.356	587	39	0	1	587	1	587	0.0	1129
Dm_00006606-RA	AT5G23060.1	N/A	65.306	343	114	3	39	376	36	378	4.58e-165	468
Dm_00007813-RA	AT1G26880.1	N/A	93.043	115	8	0	1	115	1	115	1.89e-74	217
Dm_00007657-RA	AT1G34270.1	N/A	74.524	420	104	2	94	512	59	476	0.0	663
Dm_00007655-RA	AT1G71870.1	N/A	70.392	510	121	4	5	494	6	505	0.0	702
Dm_00021095-RA	AT5G20950.2	N/A	69.725	218	61	2	10	227	5	217	7.46e-104	313
Dm_00017797-RA	AT2G27710.4	N/A	53.125	96	19	1	1	96	1	70	5.64e-23	87.8
Dm_00021072-RA	AT5G45890.1	N/A	47.788	339	164	6	16	343	10	346	3.71e-110	325
Dm_00012066-RA	AT2G32060.3	N/A	76.699	103	24	0	1	103	25	127	4.08e-54	166
Dm_00011712-RA	AT5G20920.3	N/A	68.720	211	65	1	8	217	6	216	7.93e-90	268
Dm_00011332-RA	AT5G58420.1	N/A	89.695	262	27	0	65	326	1	262	0.0	501
Dm_00008593-RA	AT2G27830.1	N/A	51.149	174	60	4	78	250	41	190	5.25e-45	150
Dm_00010291-RA	AT1G22640.1	N/A	71.552	116	33	0	1	116	1	116	2.22e-59	191
Dm_00007858-RA	AT5G20490.3	N/A	71.599	838	217	4	3	821	626	1461	0.0	1206
Dm_00007857-RA	AT5G12020.1	N/A	59.091	154	60	2	139	290	3	155	1.69e-47	156
Dm_00009953-RA	AT3G07810.1	N/A	62.450	498	162	12	2	478	1	494	0.0	538
Dm_00010288-RA	AT1G53380.2	N/A	53.205	468	195	6	3	464	2	451	5.34e-175	499
Dm_00009256-RA	AT2G02470.1	N/A	69.930	286	45	5	1	276	1	255	6.71e-119	341
Dm_00001556-RA	AT5G01960.1	N/A	53.273	443	117	8	1	405	1	391	2.06e-152	438
Dm_00001571-RA	AT3G08720.1	N/A	56.926	527	139	8	1	498	1	468	0.0	578
Dm_00001568-RA	AT3G52850.1	N/A	69.953	639	161	3	6	644	5	612	0.0	953
Dm_00001428-RA	AT5G50210.1	N/A	66.981	636	184	8	26	649	23	644	0.0	845
Dm_00001436-RA	AT5G50260.1	N/A	67.039	358	115	1	231	588	7	361	2.01e-178	521
Dm_00001431-RA	AT3G48280.1	N/A	41.020	490	273	7	10	489	4	487	6.36e-134	396
Dm_00001488-RA	AT4G24130.1	N/A	61.905	147	56	0	16	162	11	157	5.01e-66	200
Dm_00018008-RA	AT1G02860.1	N/A	60.116	346	111	6	1	330	1	335	2.12e-144	411
Dm_00017851-RA	AT3G06610.1	N/A	82.540	63	10	1	1	62	1	63	2.50e-28	98.2
Dm_00015612-RA	AT5G23230.1	N/A	66.489	188	61	1	10	195	4	191	6.95e-93	273
Dm_00016237-RA	AT5G11390.1	N/A	39.144	631	301	11	3	569	1	612	1.15e-112	357
Dm_00016439-RA	AT1G77920.1	N/A	50.133	377	125	6	20	384	43	368	2.77e-117	345
Dm_00018325-RA	AT5G23760.1	N/A	74.444	90	8	2	1	90	1	75	9.68e-25	90.5
Dm_00016309-RA	AT5G38020.1	N/A	32.648	389	206	12	6	361	3	368	1.71e-51	176
Dm_00012787-RA	AT4G32272.1	N/A	70.845	343	89	2	7	339	3	344	5.80e-179	499
Dm_00011781-RA	AT5G47320.1	N/A	64.789	71	21	2	1	70	131	198	7.31e-23	90.5
Dm_00012937-RA	AT2G28370.1	N/A	63.208	106	39	0	11	116	73	178	2.01e-45	145
Dm_00013877-RA	AT1G18080.1	N/A	79.758	331	54	2	7	336	3	321	0.0	549
Dm_00014107-RA	AT2G32060.3	N/A	70.161	124	37	0	69	192	21	144	3.95e-61	187
Dm_00007337-RA	AT2G37190.1	N/A	89.634	164	17	0	1	164	1	164	3.45e-105	298
Dm_00018688-RA	AT1G17160.1	N/A	70.350	371	101	5	15	379	9	376	1.05e-178	501
Dm_00018699-RA	AT5G41980.1	N/A	35.119	168	92	4	2	155	74	238	5.55e-27	104
Dm_00007309-RA	AT1G65840.1	N/A	59.677	496	177	6	18	509	21	497	0.0	591
Dm_00005924-RA	AT4G12910.1	N/A	65.580	491	131	7	11	470	14	497	0.0	659
Dm_00007154-RA	AT1G51760.1	N/A	48.125	320	162	1	1	320	118	433	1.41e-103	310
Dm_00005458-RA	AT3G21530.1	N/A	55.443	395	152	6	87	473	63	441	2.42e-138	406
Dm_00006983-RA	AT4G38650.1	N/A	59.479	422	154	3	14	434	157	562	0.0	542
Dm_00004080-RA	AT1G18340.1	N/A	59.286	140	52	3	1	139	1	136	1.32e-33	119
Dm_00010112-RA	AT3G12800.1	N/A	76.695	236	54	1	2	236	63	298	3.65e-123	352
Dm_00010107-RA	AT2G44760.1	N/A	55.098	510	196	9	63	567	16	497	0.0	535
Dm_00009129-RA	AT3G07140.2	N/A	59.505	647	236	7	27	673	19	639	0.0	743
Dm_00009307-RA	AT1G64280.1	N/A	48.542	583	262	9	5	576	8	563	0.0	539
Dm_00010494-RA	AT3G24170.3	N/A	77.804	419	89	2	34	448	73	491	0.0	693
Dm_00008381-RA	AT5G10260.1	N/A	93.532	201	13	0	1	201	1	201	1.34e-139	388
Dm_00008976-RA	AT1G58030.1	N/A	57.821	358	115	5	1	332	268	615	2.64e-131	388
Dm_00008653-RA	AT4G28530.1	N/A	70.370	162	32	2	1	146	1	162	4.71e-79	238
Dm_00006721-RA	AT3G13940.1	N/A	41.667	444	221	7	67	491	15	439	3.34e-104	318
Dm_00006178-RA	AT4G08320.1	N/A	46.386	332	128	7	143	465	113	403	4.31e-83	263
Dm_00012222-RA	AT3G61590.3	N/A	64.286	420	131	6	10	416	6	419	0.0	547
Dm_00013462-RA	AT5G02140.1	N/A	62.343	239	82	6	1	238	1	232	2.73e-96	283
Dm_00013698-RA	AT5G49830.1	N/A	68.538	677	191	5	9	684	80	735	0.0	866
Dm_00012684-RA	AT5G61770.2	N/A	74.754	305	76	1	1	305	1	304	9.83e-171	477
Dm_00012262-RA	AT1G14130.1	N/A	54.667	300	132	3	1	296	4	303	7.44e-118	341
Dm_00012810-RA	AT2G47490.1	N/A	73.248	157	40	1	19	175	83	237	1.51e-69	214
Dm_00010854-RA	AT5G60800.1	N/A	41.639	305	132	5	34	335	22	283	4.40e-42	147
Dm_00012017-RA	AT5G06860.1	N/A	37.459	307	119	6	33	267	25	330	1.32e-59	192
Dm_00002054-RA	AT5G52650.1	N/A	77.500	160	34	2	2	160	19	177	9.93e-67	201
Dm_00002048-RA	AT2G46170.1	N/A	57.565	271	92	3	1	270	1	249	1.12e-102	300
Dm_00001331-RA	AT5G45775.2	N/A	95.506	178	8	0	5	182	2	179	4.69e-127	355
Dm_00001344-RA	AT2G27940.1	N/A	51.592	157	59	3	83	237	46	187	1.56e-40	141
Dm_00001342-RA	AT2G27920.1	N/A	64.269	431	150	2	33	459	29	459	0.0	573
Dm_00002232-RA	AT3G22200.1	N/A	75.105	474	78	3	108	562	51	503	0.0	731
Dm_00001621-RA	AT1G09240.1	N/A	61.801	322	113	6	1	316	1	318	2.19e-134	384
Dm_00016417-RA	AT1G24590.1	N/A	38.062	289	76	9	12	284	20	221	1.93e-41	148
Dm_00015519-RA	AT3G06330.1	N/A	47.952	415	172	6	21	420	41	426	6.45e-116	345
Dm_00015663-RA	AT5G65420.4	N/A	49.065	214	105	3	64	275	43	254	4.36e-69	215
Dm_00014692-RA	AT1G10660.2	N/A	33.824	340	170	6	12	331	9	313	1.70e-56	186
Dm_00015782-RA	AT4G23730.1	N/A	64.726	292	99	2	14	304	14	302	4.54e-146	413
Dm_00014419-RA	AT1G18440.1	N/A	55.026	189	51	5	79	263	94	252	9.09e-58	187
Dm_00015665-RA	AT2G42590.2	N/A	73.664	262	66	1	1	259	1	262	4.25e-143	402
Dm_00019730-RA	AT4G08240.1	N/A	50.400	125	57	1	1	125	1	120	1.99e-36	121
Dm_00019875-RA	AT5G14040.1	N/A	77.684	354	71	2	5	350	2	355	0.0	554
Dm_00019758-RA	AT5G09500.1	N/A	87.838	148	18	0	4	151	3	150	5.66e-92	266
Dm_00019768-RA	AT3G45400.1	N/A	66.057	492	141	6	1	486	3	474	0.0	649
Dm_00018654-RA	AT1G65270.1	N/A	69.118	204	58	3	29	231	20	219	1.09e-88	273
Dm_00018766-RA	AT2G38560.1	N/A	51.680	387	168	7	1	378	1	377	1.18e-118	350
Dm_00016748-RA	AT2G39630.1	N/A	72.642	318	87	0	29	346	16	333	2.90e-176	492
Dm_00014751-RA	AT1G70600.1	N/A	87.671	146	18	0	1	146	1	146	5.97e-92	263
Dm_00018515-RA	AT1G57860.1	N/A	82.317	164	29	0	1	164	1	164	3.59e-102	290
Dm_00018787-RA	AT4G17080.1	N/A	55.394	343	137	4	1	331	165	503	3.75e-126	371
Dm_00001154-RA	AT1G47740.1	N/A	67.451	255	76	3	4	256	29	278	1.08e-116	335
Dm_00000738-RA	AT5G57350.3	N/A	77.362	561	90	4	79	639	164	687	0.0	888
Dm_00000169-RA	AT1G55850.1	N/A	54.403	636	273	7	27	660	98	718	0.0	685
Dm_00000170-RA	AT5G06060.1	N/A	59.176	267	97	1	12	278	4	258	5.30e-115	332
Dm_00000174-RA	AT3G49350.1	N/A	65.010	503	149	8	121	613	53	538	0.0	601
Dm_00000175-RA	AT5G24400.1	N/A	62.069	319	101	5	22	324	11	325	4.72e-133	381
Dm_00000183-RA	AT1G32790.1	N/A	61.383	347	77	5	106	441	58	358	8.08e-139	402
Dm_00000192-RA	AT1G75390.1	N/A	42.775	173	66	4	18	186	28	171	6.94e-36	124
Dm_00000195-RA	AT3G49470.2	N/A	67.568	185	45	3	17	191	33	212	2.61e-68	209
Dm_00001357-RA	AT1G07250.1	N/A	43.648	488	240	10	3	474	4	472	4.93e-132	390
Dm_00001356-RA	AT1G07250.1	N/A	43.299	485	248	11	1	472	2	472	4.02e-131	389
Dm_00001865-RA	AT5G08770.1	N/A	46.221	344	138	7	1	344	1	297	2.95e-68	216
Dm_00001876-RA	AT1G74050.1	N/A	67.391	230	44	2	5	204	5	233	4.02e-89	261
Dm_00001675-RA	AT3G28715.1	N/A	92.023	351	28	0	1	351	1	351	0.0	689
Dm_00001678-RA	AT4G24805.1	N/A	78.351	194	41	1	53	245	51	244	4.62e-110	318
Dm_00001674-RA	AT3G48425.1	N/A	68.108	370	105	3	1	368	1	359	0.0	528
Dm_00001694-RA	AT5G44230.2	N/A	41.288	264	145	4	3	256	172	435	2.30e-62	206
Dm_00020512-RA	AT1G16900.1	N/A	70.194	567	160	4	4	564	5	568	0.0	783
Dm_00020137-RA	AT5G20610.1	N/A	50.371	673	286	23	458	1115	497	1136	7.15e-160	505
Dm_00020448-RA	AT5G18130.1	N/A	43.750	176	84	8	185	352	112	280	3.52e-30	117
Dm_00018903-RA	AT2G15570.2	N/A	63.158	114	42	0	3	116	61	174	4.70e-51	159
Dm_00018263-RA	AT5G50850.1	N/A	86.581	313	42	0	1	313	50	362	0.0	570
Dm_00017385-RA	AT5G61890.1	N/A	87.500	64	8	0	214	277	86	149	9.57e-33	124
Dm_00018916-RA	AT2G25620.1	N/A	55.589	331	138	3	45	369	62	389	5.31e-128	373
Dm_00018918-RA	AT5G23740.1	N/A	68.750	128	26	2	1	126	1	116	3.18e-49	155
Dm_00018843-RA	AT5G51220.1	N/A	62.057	282	102	3	1	281	1	278	4.85e-124	356
Dm_00019530-RA	AT4G14210.2	N/A	73.616	542	102	3	18	518	4	545	0.0	830
Dm_00018631-RA	AT2G40010.1	N/A	71.788	358	59	2	1	358	1	316	5.01e-175	489
Dm_00018656-RA	AT1G33490.1	N/A	74.825	143	36	0	20	162	27	169	4.53e-76	226
Dm_00006577-RA	AT2G33845.1	N/A	75.397	126	30	1	16	140	51	176	1.21e-66	200
Dm_00006684-RA	AT5G03380.1	N/A	37.143	420	181	13	25	403	15	392	7.44e-57	191
Dm_00006685-RA	AT3G45020.4	N/A	62.069	116	42	1	20	135	2	115	6.42e-46	146
Dm_00004895-RA	AT1G64780.1	N/A	78.270	474	95	4	30	500	40	508	0.0	736
Dm_00004898-RA	AT5G32470.1	N/A	62.222	630	187	6	32	657	33	615	0.0	730
Dm_00006528-RA	AT4G14340.1	N/A	62.527	467	150	9	15	475	3	450	0.0	581
Dm_00006306-RA	AT1G63370.1	N/A	58.242	455	167	4	44	490	10	449	0.0	548
Dm_00020201-RA	AT4G25150.1	N/A	55.714	280	92	2	8	287	8	255	9.77e-108	313
Dm_00004860-RA	AT5G64550.1	N/A	54.573	667	222	19	1	620	1	633	0.0	599
Dm_00004566-RA	AT5G24510.1	N/A	65.591	93	32	0	1	93	1	93	3.62e-35	116
Dm_00004561-RA	AT5G54160.1	N/A	52.263	243	108	4	1	235	1	243	1.51e-87	264
Dm_00004565-RA	AT2G46800.3	N/A	73.282	393	100	3	21	409	7	398	3.85e-179	506
Dm_00003437-RA	AT2G21250.1	N/A	69.101	356	52	3	1	345	1	309	1.18e-175	489
Dm_00003434-RA	AT4G34700.1	N/A	70.000	80	24	0	2	81	6	85	4.90e-39	125
Dm_00008725-RA	AT1G14400.2	N/A	94.737	152	8	0	4	155	1	152	2.28e-109	308
Dm_00007685-RA	AT5G41920.1	N/A	60.471	382	136	4	35	413	36	405	1.50e-154	443
Dm_00007339-RA	AT3G55640.1	N/A	68.340	259	82	0	62	320	64	322	7.71e-130	375
Dm_00009162-RA	AT1G08310.1	N/A	54.381	331	127	3	13	342	1	308	2.14e-127	368
Dm_00007555-RA	AT2G42740.1	N/A	95.000	180	9	0	1	180	2	181	5.80e-128	357
Dm_00008702-RA	AT1G26910.1	N/A	89.450	218	23	0	1	218	1	218	2.25e-147	409
Dm_00009016-RA	AT5G24910.1	N/A	53.440	436	165	7	4	406	101	531	1.46e-161	465
Dm_00008048-RA	AT1G06730.1	N/A	56.724	409	147	5	81	463	74	478	7.79e-158	457
Dm_00008573-RA	AT1G35160.2	N/A	73.129	294	67	4	2	289	6	293	2.10e-152	428
Dm_00008030-RA	AT5G39360.1	N/A	79.352	247	50	1	11	256	1	247	9.15e-152	423
Dm_00000500-RA	AT1G06590.1	N/A	55.761	920	381	6	1	898	1	916	0.0	969
Dm_00001037-RA	AT4G13400.1	N/A	61.714	350	116	3	60	392	2	350	1.44e-148	425
Dm_00001036-RA	AT5G19460.1	N/A	58.449	361	128	6	1	348	1	352	5.30e-146	417
Dm_00001051-RA	AT2G03500.1	N/A	47.984	496	172	19	2	475	1	432	4.73e-116	348
Dm_00001045-RA	AT5G19930.1	N/A	60.884	294	84	3	469	759	10	275	1.79e-108	333
Dm_00001057-RA	AT5G19990.3	N/A	92.363	419	30	1	1	417	1	419	0.0	791
Dm_00000948-RA	AT5G07290.1	N/A	58.357	353	129	5	255	590	551	902	3.25e-123	386
Dm_00000963-RA	AT5G50870.1	N/A	62.019	208	61	2	1	208	1	190	7.09e-91	265
Dm_00000971-RA	AT3G62870.1	N/A	83.784	259	38	2	68	326	1	255	5.79e-161	449
Dm_00006179-RA	AT2G39890.2	N/A	75.395	443	108	1	1	443	1	442	0.0	695
Dm_00006669-RA	AT1G02880.2	N/A	68.664	217	68	0	56	272	43	259	6.87e-110	318
Dm_00005708-RA	AT1G78300.1	N/A	88.672	256	27	1	3	256	2	257	4.69e-167	462
Dm_00006228-RA	AT1G07140.1	N/A	80.137	146	28	1	1	146	1	145	2.19e-83	245
Dm_00006377-RA	AT2G18420.2	N/A	69.355	62	19	0	51	112	9	70	4.89e-24	87.4
Dm_00009921-RA	AT1G67430.1	N/A	82.432	74	11	1	3	76	104	175	1.74e-38	125
Dm_00009920-RA	AT1G67430.2	N/A	83.486	109	18	0	1	109	1	109	3.74e-64	191
Dm_00010465-RA	AT2G33040.1	N/A	80.620	258	50	0	28	285	44	301	7.97e-159	446
Dm_00008521-RA	AT4G25420.1	N/A	67.021	376	121	3	1	376	1	373	0.0	512
Dm_00009903-RA	AT1G27980.1	N/A	67.913	321	102	1	3	322	6	326	3.82e-153	441
Dm_00001391-RA	AT1G57790.1	N/A	40.909	352	199	5	401	748	1	347	1.10e-87	283
Dm_00001706-RA	AT1G68550.2	N/A	31.765	340	147	16	28	341	36	316	1.99e-29	115
Dm_00001717-RA	AT1G25330.1	N/A	71.818	110	23	1	146	255	91	192	8.29e-48	158
Dm_00001844-RA	AT5G37350.1	N/A	78.230	418	83	3	48	463	39	450	0.0	690
Dm_00001843-RA	AT1G05350.1	N/A	73.333	405	86	6	126	509	28	431	0.0	582
Dm_00002142-RA	AT2G44640.1	N/A	52.273	308	125	6	1	291	1	303	1.57e-89	277
Dm_00020585-RA	AT1G48410.1	N/A	53.642	151	59	1	4	143	120	270	2.08e-46	160
Dm_00014633-RA	AT3G12360.1	N/A	71.453	592	164	4	1	589	1	590	0.0	850
Dm_00011327-RA	AT5G58420.1	N/A	89.695	262	27	0	406	667	1	262	3.15e-176	502
Dm_00014123-RA	AT4G03100.1	N/A	65.867	375	105	4	49	402	39	411	5.04e-173	492
Dm_00013827-RA	AT5G59300.1	N/A	86.585	164	22	0	5	168	3	166	3.29e-101	288
Dm_00014977-RA	AT5G43600.1	N/A	74.148	352	89	2	4	353	124	475	0.0	521
Dm_00014028-RA	AT1G51510.1	N/A	59.896	192	68	3	1	187	1	188	3.12e-73	227
Dm_00015280-RA	AT3G13410.1	N/A	37.745	204	107	5	42	243	119	304	3.91e-38	137
Dm_00016490-RA	AT1G18080.1	N/A	84.277	318	47	2	7	321	3	320	0.0	555
Dm_00003486-RA	AT2G46900.1	N/A	53.139	653	272	9	1	645	1	627	0.0	579
Dm_00003865-RA	AT4G29810.3	N/A	64.103	234	83	1	47	279	104	337	1.69e-110	326
Dm_00020648-RA	AT3G11270.1	N/A	88.667	300	34	0	1	300	1	300	0.0	553
Dm_00019509-RA	AT5G07440.2	N/A	87.591	411	51	0	1	411	1	411	0.0	762
Dm_00020825-RA	AT1G48450.1	N/A	65.054	372	122	6	10	376	55	423	4.88e-162	461
Dm_00020656-RA	AT4G40080.1	N/A	39.803	304	171	5	6	305	3	298	1.80e-60	197
Dm_00020513-RA	AT3G03980.1	N/A	57.295	281	109	3	1	281	1	270	9.44e-111	321
Dm_00009648-RA	AT2G18030.1	N/A	69.167	240	72	1	3	242	17	254	8.77e-124	352
Dm_00011075-RA	AT3G12640.2	N/A	39.088	724	324	27	1	672	1	659	1.37e-117	367
Dm_00010410-RA	AT2G33840.1	N/A	79.545	352	67	2	42	393	39	385	0.0	597
Dm_00011856-RA	AT4G19210.1	N/A	92.562	605	45	0	1	605	1	605	0.0	1163
Dm_00000542-RA	AT5G02450.1	N/A	91.045	67	6	0	2	68	31	97	2.49e-36	117
Dm_00020393-RA	AT1G64520.1	N/A	78.277	267	58	0	1	267	1	267	5.44e-144	404
Dm_00018872-RA	AT2G01060.2	N/A	53.394	221	69	7	23	237	15	207	1.57e-59	189
Dm_00006856-RA	AT1G07790.1	N/A	78.431	153	13	4	1	138	1	148	4.09e-69	205
Dm_00006860-RA	AT2G28200.1	N/A	40.000	235	112	9	66	291	72	286	8.40e-41	143
Dm_00000924-RA	AT3G24830.1	N/A	81.356	177	32	1	1	177	1	176	1.43e-104	300
Dm_00000927-RA	AT3G07070.1	N/A	72.118	373	100	1	8	376	42	414	0.0	545
Dm_00000932-RA	AT4G13710.1	N/A	79.200	375	78	0	14	388	96	470	0.0	657
Dm_00000325-RA	AT2G38960.1	N/A	73.300	397	98	2	38	434	53	441	0.0	617
Dm_00000335-RA	AT1G30080.2	N/A	65.407	344	94	6	43	386	35	353	1.92e-154	442
Dm_00000345-RA	AT2G34480.1	N/A	89.888	178	16	1	1	176	1	178	7.90e-115	332
Dm_00000363-RA	AT1G70780.1	N/A	50.676	148	57	4	2	144	1	137	4.10e-39	129
Dm_00000387-RA	AT1G67970.1	N/A	42.051	390	179	11	11	388	17	371	2.02e-81	254
Dm_00010938-RA	AT1G09580.1	N/A	70.561	214	59	3	8	221	8	217	1.09e-105	303
Dm_00008557-RA	AT1G03860.1	N/A	75.261	287	50	2	54	340	1	266	2.60e-157	443
Dm_00018930-RA	AT1G27970.1	N/A	79.675	123	25	0	3	125	4	126	9.33e-74	215
Dm_00018838-RA	AT2G32450.1	N/A	71.286	801	211	6	3	794	2	792	0.0	1196
Dm_00018410-RA	AT5G06800.1	N/A	46.311	244	75	8	205	428	118	325	1.69e-50	176
Dm_00018508-RA	AT5G01180.1	N/A	71.378	566	158	3	6	568	4	568	0.0	866
Dm_00018729-RA	AT3G01570.1	N/A	54.605	152	59	3	9	152	5	154	8.94e-50	158
Dm_00011200-RA	AT5G13780.1	N/A	81.726	197	25	1	1	197	1	186	2.87e-107	306
Dm_00010646-RA	AT3G58100.1	N/A	57.851	121	49	1	47	167	32	150	4.15e-42	139
Dm_00009798-RA	AT3G09220.1	N/A	54.562	537	199	5	1	535	32	525	0.0	586
Dm_00015674-RA	AT4G36130.1	N/A	91.860	258	21	0	1	258	1	258	4.83e-180	495
Dm_00003686-RA	AT4G36250.1	N/A	53.753	413	138	3	59	468	122	484	4.17e-155	449
Dm_00003527-RA	AT2G29530.1	N/A	74.359	78	20	0	13	90	6	83	1.26e-42	134
Dm_00003829-RA	AT3G60820.1	N/A	81.614	223	41	0	1	223	1	223	1.72e-140	392
Dm_00003878-RA	AT1G68800.1	N/A	85.938	64	9	0	134	197	107	170	2.02e-29	119
Dm_00004333-RA	AT3G63470.1	N/A	48.729	472	219	9	25	481	27	490	7.41e-150	453
Dm_00019863-RA	AT1G08290.1	N/A	51.304	345	107	11	6	301	4	336	6.10e-113	330
Dm_00019916-RA	AT3G12740.1	N/A	75.000	328	81	1	21	348	23	349	0.0	532
Dm_00019846-RA	AT3G05290.1	N/A	69.375	320	94	3	1	318	1	318	4.74e-160	449
Dm_00012622-RA	AT1G36050.2	N/A	68.912	386	118	1	1	384	1	386	0.0	594
Dm_00014190-RA	AT5G53130.1	N/A	71.753	308	73	4	1	306	417	712	2.05e-149	436
Dm_00011526-RA	AT4G33000.2	N/A	62.835	261	73	5	7	265	8	246	1.83e-106	309
Dm_00014463-RA	AT1G74050.1	N/A	65.984	244	69	2	28	271	4	233	2.01e-101	295
Dm_00004415-RA	AT1G23030.1	N/A	55.878	689	223	10	1	685	1	612	0.0	684
Dm_00004107-RA	AT2G45240.1	N/A	77.670	412	76	4	1	411	1	397	0.0	672
Dm_00004097-RA	AT1G77840.1	N/A	62.389	452	143	7	1	448	1	429	0.0	531
Dm_00004031-RA	AT1G02170.1	N/A	51.271	236	111	2	132	363	80	315	6.95e-78	244
Dm_00004126-RA	AT5G59240.1	N/A	84.804	204	23	1	1	204	1	196	2.21e-125	353
Dm_00004129-RA	AT1G50590.1	N/A	67.550	302	89	5	2	294	9	310	9.44e-144	407
Dm_00011333-RA	AT5G45275.1	N/A	66.953	466	137	4	1	453	104	565	0.0	596
Dm_00011569-RA	AT1G69500.1	N/A	75.817	459	102	4	6	459	17	471	0.0	725
Dm_00009502-RA	AT3G12290.1	N/A	84.775	289	44	0	13	301	7	295	2.80e-179	496
Dm_00011383-RA	AT4G26850.1	N/A	72.642	424	95	4	2	425	1	403	0.0	633
Dm_00011899-RA	AT5G08180.2	N/A	75.000	156	37	2	1	154	1	156	2.07e-79	232
Dm_00010440-RA	AT3G25040.1	N/A	85.714	182	26	0	1	182	1	182	4.69e-116	328
Dm_00013701-RA	AT2G44770.1	N/A	77.056	231	53	0	41	271	34	264	7.65e-135	382
Dm_00012834-RA	AT5G04310.3	N/A	55.479	438	151	8	9	419	15	435	5.11e-158	456
Dm_00007615-RA	AT1G23740.1	N/A	67.925	318	99	2	2	317	70	386	6.52e-154	436
Dm_00007614-RA	AT2G33845.1	N/A	72.000	75	16	1	1	75	112	181	7.68e-34	114
Dm_00010408-RA	AT5G20500.1	N/A	68.992	129	38	2	4	131	5	132	4.82e-61	184
Dm_00010389-RA	AT3G29010.3	N/A	61.224	196	76	0	15	210	61	256	6.53e-91	268
Dm_00004513-RA	AT3G58640.2	N/A	57.404	547	124	10	471	1011	366	809	0.0	595
Dm_00004726-RA	AT4G28590.1	N/A	50.357	280	113	6	20	289	9	272	9.50e-85	258
Dm_00005133-RA	AT2G33150.1	N/A	80.736	462	60	1	2	463	29	461	0.0	743
Dm_00000265-RA	AT5G04800.3	N/A	81.757	148	20	2	47	194	1	141	1.25e-79	234
Dm_00000275-RA	AT5G23660.1	N/A	42.500	200	99	4	2	201	100	283	1.39e-41	143
Dm_00000280-RA	AT3G62870.1	N/A	83.398	259	39	2	102	360	1	255	4.02e-160	449
Dm_00000285-RA	AT2G47620.1	N/A	42.882	583	245	15	14	588	2	504	2.40e-119	363
Dm_00000302-RA	AT3G48530.1	N/A	62.651	415	136	4	61	470	23	423	0.0	526
Dm_00000306-RA	AT5G60160.1	N/A	77.640	483	100	3	7	488	1	476	0.0	791
Dm_00000316-RA	AT1G13440.1	N/A	86.446	332	45	0	3	334	5	336	0.0	609
Dm_00000518-RA	AT4G34670.1	N/A	84.109	258	39	2	1	256	5	262	1.01e-154	431
Dm_00000519-RA	AT5G40080.1	N/A	73.418	79	18	1	84	162	6	81	4.71e-36	121
Dm_00000527-RA	AT3G04910.1	N/A	50.681	734	249	19	1	660	4	698	0.0	642
Dm_00017178-RA	AT1G13180.1	N/A	83.663	404	65	1	1	404	1	403	0.0	727
Dm_00018416-RA	AT5G49060.2	N/A	52.646	359	147	7	1	349	1	346	1.39e-111	329
Dm_00019050-RA	AT2G17420.1	N/A	76.667	330	72	2	53	378	55	383	0.0	538
Dm_00013763-RA	AT1G53750.1	N/A	91.011	445	19	2	1	445	1	424	0.0	811
Dm_00014165-RA	AT2G27450.1	N/A	79.401	267	37	2	1	249	33	299	1.71e-156	437
Dm_00013171-RA	AT1G71900.1	N/A	75.926	270	60	1	1	270	75	339	1.52e-147	417
Dm_00007061-RA	AT1G26910.1	N/A	87.317	205	17	2	1	203	1	198	2.65e-128	362
Dm_00007058-RA	AT1G75540.1	N/A	43.721	215	83	6	1	194	1	198	1.71e-51	169
Dm_00007532-RA	AT3G62120.3	N/A	82.164	499	88	1	47	545	18	515	0.0	875
Dm_00007449-RA	AT5G48020.1	N/A	72.981	359	87	1	4	362	3	351	0.0	552
Dm_00007562-RA	AT3G05500.1	N/A	54.065	246	97	2	1	230	1	246	1.95e-83	249
Dm_00007567-RA	AT3G05550.1	N/A	80.682	88	16	1	6	93	3	89	2.92e-36	118
Dm_00008083-RA	AT5G22860.3	N/A	53.511	413	188	3	29	438	28	439	9.29e-162	463
Dm_00008008-RA	AT4G14870.1	N/A	54.615	130	52	2	69	191	47	176	1.50e-36	125
Dm_00005635-RA	AT5G63040.1	N/A	65.854	123	39	1	13	135	181	300	2.01e-39	136
Dm_00005631-RA	AT5G63040.1	N/A	54.167	264	87	3	45	306	86	317	2.71e-77	243
Dm_00008342-RA	AT5G64250.2	N/A	76.292	329	77	1	4	332	2	329	0.0	516
Dm_00008340-RA	AT4G07990.2	N/A	57.073	205	82	2	138	340	15	215	1.16e-74	229
Dm_00000086-RA	AT1G55270.1	N/A	73.934	422	100	5	133	553	22	434	0.0	665
Dm_00000083-RA	AT2G26690.1	N/A	70.157	573	164	3	83	653	1	568	0.0	789
Dm_00000097-RA	AT1G04870.2	N/A	69.188	357	110	0	29	385	26	382	0.0	543
Dm_00000110-RA	AT2G26730.1	N/A	64.823	651	208	8	4	638	1	646	0.0	803
Dm_00000119-RA	AT1G20200.1	N/A	80.204	490	94	2	1	489	1	488	0.0	777
Dm_00000121-RA	AT1G20225.1	N/A	56.000	200	87	1	23	222	19	217	4.67e-75	236
Dm_00000137-RA	AT5G42250.1	N/A	70.725	386	109	3	3	384	4	389	0.0	569
Dm_00000131-RA	AT1G76130.2	N/A	77.381	420	88	1	35	454	1	413	0.0	706
Dm_00000148-RA	AT1G42440.1	N/A	60.046	871	259	9	1	865	1	788	0.0	1045
Dm_00000146-RA	AT1G63610.1	N/A	67.222	360	67	8	9	356	18	338	3.66e-146	417
Dm_00006582-RA	AT5G13970.1	N/A	35.270	482	207	16	1	461	1	398	5.06e-55	189
Dm_00006842-RA	AT3G02050.1	N/A	77.121	778	173	4	11	783	12	789	0.0	1190
Dm_00007126-RA	AT2G38710.4	N/A	79.227	207	43	0	1	207	1	207	4.38e-128	360
Dm_00008265-RA	AT3G19490.1	N/A	87.018	493	63	1	45	536	83	575	0.0	822
Dm_00005431-RA	AT1G21980.1	N/A	72.715	722	171	11	46	758	47	751	0.0	1067
Dm_00013600-RA	AT4G27410.2	N/A	66.929	254	63	4	1	253	1	234	1.62e-114	335
Dm_00011593-RA	AT5G02500.1	N/A	92.485	652	44	2	64	711	1	651	0.0	1234
Dm_00013285-RA	AT3G22630.1	N/A	76.923	117	25	1	3	119	84	198	3.62e-63	191
Dm_00005243-RA	AT1G32540.1	N/A	88.983	118	13	0	26	143	61	178	9.87e-74	218
Dm_00004466-RA	AT5G63940.1	N/A	49.793	723	310	16	39	748	21	703	0.0	614
Dm_00004465-RA	AT5G39450.1	N/A	45.645	620	266	12	4	609	11	573	0.0	528
Dm_00005527-RA	AT1G36730.1	N/A	62.661	466	141	10	1	460	1	439	0.0	543
Dm_00000868-RA	AT4G17500.1	N/A	54.032	248	100	5	3	237	2	248	4.34e-77	234
Dm_00000882-RA	AT5G14750.1	N/A	54.286	140	61	1	5	144	7	143	6.55e-52	166
Dm_00000885-RA	AT4G16720.1	N/A	90.686	204	19	0	1	204	1	204	3.15e-127	357
Dm_00000908-RA	AT4G25200.1	N/A	47.465	217	98	4	1	209	1	209	5.34e-57	179
Dm_00000423-RA	AT3G49400.2	N/A	39.978	923	474	20	1	892	1	874	0.0	617
Dm_00000424-RA	AT1G32790.1	N/A	68.077	260	68	3	152	403	70	322	2.03e-119	352
Dm_00009806-RA	AT4G35550.1	N/A	50.164	305	95	7	6	293	4	268	1.95e-78	239
Dm_00018084-RA	AT3G59850.1	N/A	62.041	245	93	0	1	245	144	388	4.78e-111	325
Dm_00018080-RA	AT5G67480.1	N/A	61.186	371	134	2	5	375	6	366	1.74e-168	476
Dm_00016879-RA	AT1G76520.2	N/A	51.777	394	182	3	5	397	4	390	1.05e-157	449
Dm_00016296-RA	AT2G41250.1	N/A	81.513	238	43	1	72	309	53	289	3.33e-138	392
Dm_00018258-RA	AT4G25500.4	N/A	62.630	289	94	7	24	305	1	282	5.68e-97	295
Dm_00018034-RA	AT3G26300.1	N/A	40.606	495	258	9	53	541	30	494	1.03e-128	386
Dm_00004180-RA	AT4G16820.1	N/A	58.664	479	173	9	46	516	32	493	0.0	545
Dm_00007762-RA	AT3G21070.2	N/A	65.913	531	138	8	19	528	16	524	0.0	681
Dm_00012587-RA	AT2G35610.1	N/A	69.279	638	156	5	5	602	6	643	0.0	913
Dm_00011667-RA	AT5G60750.1	N/A	74.324	222	56	1	1	221	126	347	3.31e-117	338
Dm_00012478-RA	AT1G74790.1	N/A	62.805	656	231	5	18	661	29	683	0.0	828
Dm_00013118-RA	AT5G37475.2	N/A	68.182	132	41	1	42	173	94	224	2.05e-49	159
Dm_00010746-RA	AT4G18220.1	N/A	49.148	352	154	2	4	355	41	367	1.01e-115	342
Dm_00006087-RA	AT5G15610.2	N/A	57.639	432	153	2	1	432	1	402	0.0	524
Dm_00007234-RA	AT1G56450.1	N/A	85.714	196	28	0	24	219	51	246	1.86e-129	365
Dm_00006794-RA	AT5G08030.2	N/A	74.648	355	88	2	14	368	31	383	0.0	562
Dm_00006021-RA	AT3G26380.1	N/A	48.494	664	235	14	9	661	78	645	0.0	586
Dm_00016073-RA	AT3G47370.2	N/A	87.931	116	13	1	1	115	1	116	8.88e-70	205
Dm_00017623-RA	AT3G12580.1	N/A	93.077	650	43	1	1	648	1	650	0.0	1237
Dm_00017520-RA	AT4G19880.1	N/A	73.333	330	87	1	61	390	26	354	0.0	530
Dm_00017557-RA	AT4G30010.1	N/A	62.069	87	33	0	3	89	4	90	2.40e-37	120
Dm_00017456-RA	AT5G51480.1	N/A	64.948	582	189	6	24	599	20	592	0.0	775
Dm_00015919-RA	AT4G17980.1	N/A	58.984	256	65	4	30	275	1	226	1.98e-95	285
Dm_00014355-RA	AT3G17611.1	N/A	63.030	330	110	3	3	321	6	334	5.94e-136	389
Dm_00014585-RA	AT3G24730.1	N/A	80.000	145	29	0	1	145	9	153	4.19e-89	256
Dm_00012756-RA	AT1G70370.2	N/A	58.970	641	231	11	7	633	4	626	0.0	748
Dm_00014723-RA	AT3G20890.1	N/A	58.781	279	81	3	1	247	15	291	1.03e-103	307
Dm_00014360-RA	AT4G31700.1	N/A	82.653	196	32	1	19	214	1	194	6.72e-116	331
Dm_00013194-RA	AT1G52870.2	N/A	61.960	347	101	7	291	627	11	336	2.05e-145	426
Dm_00006965-RA	AT3G09770.1	N/A	70.221	272	71	6	113	376	101	370	1.53e-125	379
Dm_00007551-RA	AT4G27090.1	N/A	84.615	130	20	0	1	130	1	130	2.71e-75	221
Dm_00007312-RA	AT3G29760.2	N/A	55.172	87	39	0	53	139	409	495	1.28e-30	115
Dm_00016546-RA	AT5G13070.1	N/A	83.060	183	31	0	1	183	1	183	2.36e-121	340
Dm_00016207-RA	AT3G01160.1	N/A	52.282	241	93	6	10	234	389	623	2.21e-47	167
Dm_00016575-RA	AT2G34520.1	N/A	51.701	147	58	1	22	155	17	163	2.56e-45	149
Dm_00014320-RA	AT1G60010.1	N/A	43.005	193	88	3	1	193	1	171	7.23e-46	149
Dm_00014083-RA	AT5G61440.1	N/A	61.212	165	62	1	69	233	64	226	3.41e-72	222
Dm_00000994-RA	AT2G23910.2	N/A	62.189	201	72	3	9	206	11	210	2.53e-86	256
Dm_00000995-RA	AT4G30470.1	N/A	65.169	89	31	0	1	89	213	301	1.92e-37	127
Dm_00001018-RA	AT3G14080.1	N/A	81.308	107	20	0	1	107	22	128	4.39e-61	182
Dm_00001026-RA	AT5G20720.1	N/A	68.340	259	70	4	1	253	1	253	6.74e-117	335
Dm_00000771-RA	AT3G52870.1	N/A	54.657	408	139	4	23	397	48	442	1.41e-147	427
Dm_00000775-RA	AT2G27690.1	N/A	62.937	143	50	1	17	156	31	173	6.14e-63	201
Dm_00000791-RA	AT2G27530.2	N/A	82.915	199	31	1	1	196	1	199	6.28e-107	306
Dm_00000790-RA	AT2G26060.1	N/A	65.714	350	95	5	3	327	2	351	4.07e-159	449
Dm_00000807-RA	AT3G52600.1	N/A	60.647	587	193	11	2	559	9	586	0.0	697
Dm_00000816-RA	AT3G22840.1	N/A	70.701	157	39	2	44	197	43	195	7.06e-64	196
Dm_00000811-RA	AT5G06140.1	N/A	77.041	392	78	3	10	391	12	401	0.0	608
Dm_00000925-RA	AT2G32720.1	N/A	72.727	121	33	0	1	121	1	121	4.87e-67	199
Dm_00000198-RA	AT5G54140.1	N/A	63.366	404	147	1	29	431	23	426	0.0	521
Dm_00000218-RA	AT4G19020.1	N/A	53.798	803	301	13	108	878	521	1285	0.0	852
Dm_00000224-RA	AT3G25040.1	N/A	72.139	201	56	0	1	201	1	201	2.91e-109	312
Dm_00000247-RA	AT5G16650.1	N/A	76.768	99	23	0	9	107	11	109	2.13e-52	161
Dm_00000245-RA	AT5G16660.1	N/A	49.405	168	74	6	8	171	7	167	1.85e-42	140
Dm_00000238-RA	AT1G65020.1	N/A	62.136	309	116	1	1	309	1	308	1.61e-142	405
Dm_00001119-RA	AT5G48540.1	N/A	48.611	216	103	3	481	694	36	245	8.74e-61	205
Dm_00013707-RA	AT1G18890.1	N/A	74.816	544	122	5	1	534	1	539	0.0	835
Dm_00013899-RA	AT3G20330.1	N/A	81.424	323	57	1	86	405	68	390	0.0	541
Dm_00015064-RA	AT3G13670.1	N/A	74.776	670	153	5	30	695	27	684	0.0	1055
Dm_00014222-RA	AT3G51700.1	N/A	40.556	180	98	3	274	447	158	334	4.21e-37	139
Dm_00014801-RA	AT5G10350.1	N/A	72.840	243	39	1	1	243	1	216	9.88e-123	348
Dm_00013112-RA	AT3G12050.1	N/A	69.444	360	107	1	1	357	1	360	0.0	517
Dm_00007670-RA	AT1G77380.1	N/A	77.568	477	103	2	13	488	3	476	0.0	753
Dm_00008455-RA	AT3G27540.1	N/A	77.348	362	82	0	10	371	17	378	0.0	624
Dm_00008998-RA	AT5G47550.1	N/A	48.837	86	43	1	42	126	28	113	8.41e-24	89.4
Dm_00021016-RA	AT4G32940.1	N/A	50.612	490	164	6	36	515	57	478	3.45e-163	472
Dm_00021067-RA	AT5G10050.1	N/A	64.945	271	95	0	5	275	6	276	3.37e-138	391
Dm_00020927-RA	AT1G67340.1	N/A	53.125	224	71	3	8	230	169	359	3.34e-71	223
Dm_00019713-RA	AT1G04240.1	N/A	55.367	177	62	3	12	188	5	164	1.58e-62	192
Dm_00013008-RA	AT3G10410.1	N/A	53.106	499	168	9	6	444	4	496	4.92e-179	510
Dm_00013070-RA	AT1G60690.1	N/A	71.848	341	93	3	12	352	7	344	0.0	520
Dm_00010973-RA	AT2G01670.1	N/A	63.462	156	51	4	1	154	7	158	7.39e-61	186
Dm_00012155-RA	AT1G51340.5	N/A	65.351	456	144	5	1	447	11	461	0.0	535
