Dm_00007095-RA	AT2G16250.1	N/A	56.009	857	337	13	41	892	32	853	0.0	880
Dm_00007071-RA	AT3G03050.1	N/A	80.087	1155	209	9	5	1154	7	1145	0.0	1927
Dm_00006515-RA	AT1G03590.1	N/A	68.386	446	120	6	37	473	25	458	0.0	590
Dm_00006300-RA	AT5G09460.1	N/A	37.349	249	107	7	118	344	92	313	1.26e-22	97.4
Dm_00017103-RA	AT2G02130.1	N/A	52.778	72	34	0	4	75	6	77	5.79e-23	83.6
Dm_00016349-RA	AT1G10020.1	N/A	45.349	516	187	17	1	482	1	455	7.90e-120	359
Dm_00007389-RA	AT3G44820.1	N/A	57.878	641	245	9	143	767	1	632	0.0	723
Dm_00007390-RA	AT3G18680.1	N/A	89.627	241	25	0	84	324	88	328	1.07e-159	450
Dm_00007394-RA	AT1G08230.4	N/A	64.013	314	112	1	4	316	19	332	2.38e-139	397
Dm_00007395-RA	AT1G08230.2	N/A	71.739	92	26	0	29	120	15	106	4.39e-43	147
Dm_00007779-RA	AT1G75450.1	N/A	61.856	582	151	13	3	583	9	520	0.0	694
Dm_00007872-RA	AT2G22410.1	N/A	60.462	650	249	2	18	659	20	669	0.0	808
Dm_00009054-RA	AT3G05675.1	N/A	58.548	427	165	6	3	423	10	430	1.15e-165	473
Dm_00008910-RA	AT1G15200.1	N/A	56.180	445	134	10	1	430	1	399	3.55e-143	416
Dm_00020898-RA	AT2G37210.1	N/A	78.505	214	41	1	15	223	1	214	8.40e-123	347
Dm_00019961-RA	AT4G36470.1	N/A	36.316	380	225	7	1	373	1	370	1.25e-72	231
Dm_00018560-RA	AT1G22660.4	N/A	53.545	536	214	7	13	521	83	610	0.0	553
Dm_00018549-RA	AT1G50420.1	N/A	62.887	485	139	8	1	450	4	482	0.0	610
Dm_00006773-RA	AT5G09760.1	N/A	76.786	112	26	0	190	301	276	387	3.61e-56	191
Dm_00007277-RA	AT5G64320.1	N/A	58.850	661	272	0	58	718	53	713	0.0	829
Dm_00009562-RA	AT4G32700.2	N/A	75.233	751	130	3	13	707	520	1270	0.0	1119
Dm_00009931-RA	AT5G54490.1	N/A	53.043	115	53	1	2	115	6	120	5.18e-37	122
Dm_00009935-RA	AT4G05120.2	N/A	69.704	406	118	3	2	405	12	414	0.0	587
Dm_00008808-RA	AT3G03920.1	N/A	81.731	104	13	1	48	151	51	148	5.54e-56	174
Dm_00008810-RA	AT1G07570.2	N/A	62.281	342	127	1	108	447	13	354	4.07e-159	456
Dm_00008478-RA	AT4G14147.2	N/A	82.857	105	18	0	44	148	37	141	3.29e-59	181
Dm_00008874-RA	AT2G26510.1	N/A	65.289	484	166	2	1	483	68	550	0.0	635
Dm_00008663-RA	AT1G77720.1	N/A	75.904	166	30	2	1	156	516	681	1.00e-80	257
Dm_00007158-RA	AT3G17970.1	N/A	65.320	594	200	2	1	594	1	588	0.0	696
Dm_00009356-RA	AT3G19850.1	N/A	48.955	574	239	9	6	570	6	534	1.60e-174	506
Dm_00007891-RA	AT2G36680.1	N/A	66.667	204	56	1	7	210	26	217	9.97e-94	273
Dm_00015617-RA	AT4G21800.2	N/A	65.535	383	75	4	59	436	22	352	2.00e-177	502
Dm_00018465-RA	AT3G01470.1	N/A	46.316	190	77	5	39	222	66	236	3.32e-42	146
Dm_00020993-RA	AT5G13210.1	N/A	63.402	194	51	1	1	174	480	673	1.67e-79	249
Dm_00018570-RA	AT3G14470.1	N/A	30.216	973	591	26	9	961	9	913	5.17e-115	379
Dm_00020813-RA	AT4G24570.1	N/A	69.350	323	89	3	1	323	1	313	2.52e-160	450
Dm_00010656-RA	AT2G03390.1	N/A	69.178	292	81	4	177	460	39	329	1.24e-143	414
Dm_00009453-RA	AT2G20000.1	N/A	65.424	778	227	8	1	772	1	742	0.0	1046
Dm_00015104-RA	AT3G14470.1	N/A	30.638	940	554	28	36	932	40	924	7.36e-110	365
Dm_00015299-RA	AT3G62080.1	N/A	55.446	303	134	1	15	317	5	306	3.43e-119	350
Dm_00015738-RA	AT3G18830.1	N/A	72.763	503	131	2	21	519	28	528	0.0	740
Dm_00015734-RA	AT1G12480.1	N/A	71.610	236	59	2	159	394	326	553	5.76e-105	321
Dm_00013406-RA	AT5G58660.1	N/A	42.988	328	147	9	61	365	34	344	2.01e-78	245
Dm_00003918-RA	AT5G47530.1	N/A	49.587	363	174	4	15	369	15	376	1.12e-126	371
Dm_00003917-RA	AT2G04845.5	N/A	75.449	167	41	0	3	169	9	175	1.17e-95	276
Dm_00002522-RA	AT4G25970.1	N/A	65.978	629	184	8	1	607	1	621	0.0	834
Dm_00003404-RA	AT4G38540.1	N/A	51.436	383	165	3	14	378	26	405	3.10e-135	392
Dm_00003390-RA	AT1G45231.2	N/A	64.807	233	81	1	643	874	294	526	4.77e-100	322
Dm_00003395-RA	AT1G45688.1	N/A	60.286	350	107	3	1	330	1	338	4.42e-133	382
Dm_00003835-RA	AT1G07410.1	N/A	79.832	238	24	3	1	238	1	214	1.97e-136	382
Dm_00003843-RA	AT3G46780.1	N/A	53.552	549	202	12	12	549	4	510	2.98e-165	479
Dm_00018862-RA	AT3G55040.1	N/A	58.794	199	71	2	78	276	99	286	4.07e-81	248
Dm_00019056-RA	AT3G18040.4	N/A	80.216	556	100	7	35	589	73	619	0.0	878
Dm_00019008-RA	AT2G30520.1	N/A	64.636	591	191	6	57	633	7	593	0.0	758
Dm_00012180-RA	AT4G24160.1	N/A	77.976	336	71	2	35	367	77	412	0.0	555
Dm_00013516-RA	AT4G08850.1	N/A	42.111	995	525	19	222	1202	88	1045	0.0	729
Dm_00012975-RA	AT5G25150.1	N/A	67.259	675	189	7	57	724	1	650	0.0	911
Dm_00002782-RA	AT1G04240.1	N/A	61.236	178	55	5	11	174	8	185	1.43e-65	199
Dm_00002551-RA	AT3G23750.1	N/A	61.381	927	321	15	31	942	24	928	0.0	1073
Dm_00002571-RA	AT4G17020.1	N/A	70.861	302	67	1	91	371	144	445	1.45e-153	441
Dm_00002361-RA	AT5G43190.1	N/A	49.051	369	163	8	4	359	35	391	3.96e-100	302
Dm_00002357-RA	AT1G27760.3	N/A	60.998	441	164	4	1	440	1	434	0.0	525
Dm_00018695-RA	AT4G35020.1	N/A	76.991	226	22	2	1	224	1	198	4.15e-120	340
Dm_00019600-RA	AT4G23160.1	N/A	46.596	661	313	14	49	703	56	682	0.0	567
Dm_00013379-RA	AT4G17100.2	N/A	71.935	310	85	2	58	366	5	313	2.70e-154	437
Dm_00012330-RA	AT3G18140.1	N/A	83.226	310	47	2	1	310	1	305	0.0	548
Dm_00020832-RA	AT1G74290.1	N/A	38.961	154	87	4	50	200	168	317	7.95e-25	100
Dm_00020833-RA	AT5G22460.1	N/A	54.231	260	91	1	1	260	85	316	1.12e-100	301
Dm_00019387-RA	AT3G12340.1	N/A	68.000	100	30	1	1	98	1	100	3.63e-40	150
Dm_00006121-RA	AT1G78240.2	N/A	64.680	688	232	6	17	700	1	681	0.0	936
Dm_00009674-RA	AT5G16140.1	N/A	65.844	243	78	2	10	252	3	240	1.22e-113	326
Dm_00021120-RA	AT2G27080.2	N/A	43.673	245	131	3	64	306	21	260	3.48e-67	211
Dm_00019462-RA	AT2G36980.1	N/A	50.562	623	288	6	3	606	2	623	0.0	628
Dm_00017882-RA	AT2G35260.1	N/A	69.805	308	74	5	36	334	36	333	1.66e-131	384
Dm_00016820-RA	AT1G11760.1	N/A	64.474	152	46	2	28	172	1	151	4.91e-64	197
Dm_00017857-RA	AT4G02100.1	N/A	59.928	559	195	9	19	565	5	546	0.0	619
Dm_00017879-RA	AT5G67300.1	N/A	49.648	284	114	6	8	272	3	276	3.09e-81	247
Dm_00017384-RA	AT2G39720.1	N/A	51.524	328	133	9	11	318	3	324	3.97e-98	298
Dm_00009901-RA	AT1G68920.3	N/A	44.963	407	180	15	59	456	42	413	1.36e-80	260
Dm_00011145-RA	AT2G41490.1	N/A	82.734	139	24	0	3	141	225	363	9.26e-78	236
Dm_00008507-RA	AT4G01070.1	N/A	55.626	471	197	8	505	972	8	469	3.13e-176	521
Dm_00015851-RA	AT2G43560.1	N/A	78.977	176	36	1	48	223	49	223	1.58e-92	271
Dm_00016447-RA	AT5G13210.1	N/A	49.805	257	94	4	1	222	36	292	1.22e-74	239
Dm_00002761-RA	AT4G37170.1	N/A	52.427	618	223	4	54	600	34	651	0.0	638
Dm_00002758-RA	AT5G66920.1	N/A	44.848	165	52	6	773	906	124	280	4.50e-30	126
Dm_00001954-RA	AT3G18520.3	N/A	43.805	226	94	5	1	211	1	208	7.26e-47	162
Dm_00002827-RA	AT1G15110.3	N/A	77.017	409	84	2	24	423	18	425	0.0	655
Dm_00019141-RA	AT5G61210.1	N/A	56.272	279	104	6	1	273	1	267	5.65e-93	277
Dm_00018071-RA	AT3G08820.1	N/A	34.690	565	341	10	23	579	29	573	1.02e-111	352
Dm_00006285-RA	AT2G41070.5	N/A	41.624	197	86	6	31	208	60	246	1.18e-30	113
Dm_00005689-RA	AT3G55950.1	N/A	42.130	845	387	24	14	820	19	799	1.36e-174	524
Dm_00014180-RA	AT5G18200.1	N/A	60.641	343	133	2	6	347	9	350	1.41e-158	448
Dm_00014392-RA	AT5G09650.1	N/A	81.200	250	46	1	49	298	51	299	2.23e-153	431
Dm_00014393-RA	AT2G22730.3	N/A	56.491	570	164	7	45	608	42	533	0.0	619
Dm_00015827-RA	AT4G11070.1	N/A	38.462	351	151	12	10	340	7	312	9.28e-60	195
Dm_00019336-RA	AT5G06950.3	N/A	71.698	265	73	1	7	269	66	330	1.70e-136	388
Dm_00006619-RA	AT2G23140.5	N/A	60.671	328	116	4	1	323	315	634	8.11e-125	372
Dm_00019103-RA	AT3G27560.1	N/A	75.424	354	72	3	1	341	1	352	0.0	549
Dm_00019224-RA	AT1G05190.1	N/A	65.455	220	72	2	41	256	4	223	2.16e-102	297
Dm_00019216-RA	AT4G16120.1	N/A	66.332	597	193	4	52	643	46	639	0.0	856
Dm_00015327-RA	AT4G37260.1	N/A	49.346	306	106	9	15	305	6	277	4.51e-86	262
Dm_00003060-RA	AT4G35300.4	N/A	67.377	751	220	13	12	752	1	736	0.0	945
Dm_00003057-RA	AT4G35350.1	N/A	70.088	341	84	6	46	384	29	353	1.74e-174	490
Dm_00003068-RA	AT5G52030.2	N/A	57.480	381	137	4	16	372	4	383	1.07e-138	400
Dm_00003070-RA	AT5G07220.1	N/A	65.403	211	69	3	36	246	14	220	2.68e-92	280
Dm_00003067-RA	AT4G25480.1	N/A	49.372	239	93	7	26	259	1	216	5.42e-60	189
Dm_00003077-RA	AT5G62020.1	N/A	48.097	289	112	7	18	291	16	281	6.67e-80	244
Dm_00003075-RA	AT2G38250.1	N/A	54.417	283	114	3	7	289	16	283	5.98e-73	226
Dm_00007209-RA	AT2G23940.2	N/A	63.810	105	36	1	85	189	1	103	6.52e-48	154
Dm_00007410-RA	AT2G04305.1	N/A	71.209	455	103	5	5	459	8	434	0.0	657
Dm_00009268-RA	AT1G72680.1	N/A	69.577	355	101	2	9	363	8	355	3.20e-180	504
Dm_00011918-RA	AT1G17110.1	N/A	47.898	785	308	12	57	806	151	869	0.0	664
Dm_00011804-RA	AT5G45840.2	N/A	41.359	677	321	13	29	672	34	667	6.56e-162	481
Dm_00009506-RA	AT1G79650.1	N/A	54.525	442	123	9	1	435	1	371	7.12e-150	431
Dm_00012381-RA	AT5G46910.1	N/A	58.420	772	258	16	13	763	2	731	0.0	848
Dm_00009881-RA	AT1G25290.2	N/A	44.876	283	73	2	37	319	135	334	1.12e-77	241
Dm_00010206-RA	AT4G27480.1	N/A	66.268	418	138	2	13	430	7	421	0.0	601
Dm_00021051-RA	AT4G02370.1	N/A	51.938	129	61	1	33	160	31	159	6.94e-49	156
Dm_00009026-RA	AT3G03340.1	N/A	75.562	356	72	5	1	354	1	343	0.0	522
Dm_00009133-RA	AT3G59470.1	N/A	65.823	237	72	6	86	319	21	251	4.74e-102	300
Dm_00009488-RA	AT5G14220.1	N/A	61.722	418	142	6	64	466	1	415	1.47e-180	515
Dm_00020951-RA	AT3G20770.1	N/A	60.364	550	182	14	1	546	2	519	0.0	604
Dm_00017591-RA	AT1G29690.1	N/A	65.841	565	179	5	25	588	10	561	0.0	760
Dm_00019980-RA	AT5G15150.1	N/A	50.000	244	92	8	1	231	22	248	5.05e-58	189
Dm_00004775-RA	AT3G45980.1	N/A	83.444	151	16	3	1	143	1	150	1.75e-75	221
Dm_00004772-RA	AT5G02560.1	N/A	79.739	153	28	2	1	150	1	153	4.88e-75	221
Dm_00004771-RA	AT5G59865.1	N/A	61.644	73	28	0	6	78	33	105	1.96e-21	80.9
Dm_00004541-RA	AT1G07590.1	N/A	61.934	486	165	6	56	541	68	533	0.0	611
Dm_00005296-RA	AT5G42750.1	N/A	39.514	329	142	14	35	333	32	333	5.62e-22	95.5
Dm_00018579-RA	AT5G04670.1	N/A	38.342	579	297	16	292	850	221	759	1.15e-96	320
Dm_00005561-RA	AT5G43920.1	N/A	64.603	517	179	3	1	513	1	517	0.0	706
Dm_00005816-RA	AT1G67820.2	N/A	50.000	414	165	10	57	464	23	400	5.41e-115	355
Dm_00005819-RA	AT1G12990.1	N/A	78.261	391	79	3	17	404	5	392	0.0	664
Dm_00020707-RA	AT4G24975.1	N/A	41.346	104	58	2	22	124	30	131	4.87e-25	94.0
Dm_00017378-RA	AT1G63680.2	N/A	68.462	780	226	8	15	788	7	772	0.0	1009
Dm_00019250-RA	AT5G54620.1	N/A	30.820	305	170	5	15	286	11	307	3.84e-31	123
Dm_00019983-RA	AT1G15140.1	N/A	68.132	273	84	1	1	273	22	291	1.63e-125	365
Dm_00019782-RA	AT2G38310.1	N/A	76.875	160	35	2	45	203	38	196	1.32e-80	239
Dm_00007589-RA	AT1G53570.3	N/A	53.333	615	243	15	1	604	1	582	0.0	534
Dm_00007795-RA	AT2G01300.1	N/A	43.478	115	54	2	7	119	13	118	7.33e-24	92.0
Dm_00013913-RA	AT1G14620.1	N/A	50.000	122	43	2	59	162	112	233	2.53e-36	125
Dm_00014335-RA	AT5G65140.3	N/A	62.500	336	105	7	1	323	1	328	9.70e-144	409
Dm_00012820-RA	AT2G34690.1	N/A	61.497	187	70	2	1	186	1	186	2.11e-76	228
Dm_00016996-RA	AT5G06760.1	N/A	46.000	150	62	2	10	158	3	134	3.80e-28	103
Dm_00016803-RA	AT5G42440.1	N/A	57.231	325	110	5	66	389	59	355	2.45e-120	353
Dm_00003300-RA	AT5G23940.1	N/A	63.239	457	143	8	14	453	1	449	0.0	563
Dm_00002448-RA	AT1G02660.1	N/A	53.887	759	277	16	1	746	1	699	0.0	688
Dm_00003700-RA	AT5G04660.1	N/A	68.526	502	155	2	14	514	12	511	0.0	707
Dm_00003851-RA	AT1G28360.1	N/A	47.317	205	84	5	15	213	3	189	4.76e-42	140
Dm_00003571-RA	AT1G34020.2	N/A	80.124	161	32	0	21	181	173	333	8.13e-93	274
Dm_00010456-RA	AT2G24370.1	N/A	56.000	800	241	11	17	763	20	761	0.0	812
Dm_00010558-RA	AT4G29400.1	N/A	71.809	188	45	1	18	205	123	302	1.83e-98	288
Dm_00010306-RA	AT5G48380.1	N/A	65.839	322	102	3	131	444	299	620	5.01e-152	446
Dm_00010145-RA	AT4G03550.1	N/A	73.094	1784	455	9	4	1769	1	1777	0.0	2673
Dm_00002702-RA	AT2G46890.1	N/A	68.634	322	99	2	3	324	2	321	3.06e-161	453
Dm_00002698-RA	AT3G61960.1	N/A	41.131	513	245	12	4	511	160	620	2.60e-106	332
Dm_00002715-RA	AT3G13880.1	N/A	51.153	694	337	2	58	749	40	733	0.0	719
Dm_00002642-RA	AT2G33710.1	N/A	61.111	90	27	2	86	171	41	126	1.36e-29	111
Dm_00002641-RA	AT4G37020.1	N/A	63.054	203	70	3	36	233	6	208	7.14e-78	233
Dm_00002652-RA	AT1G22370.2	N/A	51.000	100	45	3	1	97	25	123	6.30e-26	102
Dm_00009874-RA	AT3G11945.1	N/A	75.758	99	24	0	114	212	260	358	1.12e-42	148
Dm_00016523-RA	AT3G11110.1	N/A	40.606	165	72	5	54	217	15	154	1.95e-30	110
Dm_00015075-RA	AT1G66510.4	N/A	60.660	394	137	5	1	379	1	391	2.00e-171	488
Dm_00014261-RA	AT5G48340.1	N/A	46.199	513	255	7	37	538	1	503	1.43e-141	419
Dm_00015211-RA	AT1G17420.1	N/A	66.272	928	288	9	3	914	1	919	0.0	1296
Dm_00008970-RA	AT2G44480.2	N/A	48.544	412	200	1	1	400	1	412	1.90e-151	435
Dm_00010792-RA	AT1G14440.2	N/A	40.171	234	94	6	55	288	87	274	1.94e-50	170
Dm_00010219-RA	AT2G30230.1	N/A	45.989	187	82	7	1	180	1	175	1.30e-41	138
Dm_00003670-RA	AT5G53060.1	N/A	55.474	685	249	16	4	667	3	652	0.0	640
Dm_00003677-RA	AT5G24320.1	N/A	45.867	750	325	21	1	726	1	693	0.0	571
Dm_00003136-RA	AT1G08980.1	N/A	61.268	426	146	7	10	424	4	421	1.62e-177	502
Dm_00010491-RA	AT1G48380.1	N/A	49.615	260	97	3	17	263	21	259	3.55e-83	254
Dm_00006366-RA	AT4G32160.1	N/A	48.112	715	282	18	1	645	1	696	0.0	588
Dm_00006481-RA	AT1G50170.1	N/A	57.297	185	55	2	47	231	64	224	7.58e-71	216
Dm_00012801-RA	AT2G05620.2	N/A	66.165	133	40	3	1	128	1	133	5.23e-54	166
Dm_00015326-RA	AT3G11320.1	N/A	89.439	303	32	0	16	318	6	308	0.0	558
Dm_00013646-RA	AT2G46150.1	N/A	38.095	231	128	6	1	226	1	221	6.71e-47	154
Dm_00013864-RA	AT5G22340.1	N/A	46.691	272	109	4	9	244	51	322	5.99e-77	236
Dm_00011441-RA	AT1G04520.1	N/A	55.046	327	119	6	7	331	5	305	1.35e-114	335
Dm_00009699-RA	AT5G19210.2	N/A	59.062	320	121	4	48	360	25	341	1.41e-133	390
Dm_00002459-RA	AT3G11440.2	N/A	60.656	122	45	2	12	130	1	122	1.98e-42	146
Dm_00002369-RA	AT4G37260.1	N/A	50.645	310	90	8	1	283	1	274	7.67e-89	268
Dm_00002377-RA	AT4G24240.1	N/A	47.462	394	146	12	1	382	1	345	4.08e-92	280
Dm_00002378-RA	AT4G06744.1	N/A	58.310	355	141	4	105	453	31	384	7.02e-147	425
Dm_00003087-RA	AT3G54840.1	N/A	83.590	195	32	0	1	195	1	195	1.56e-120	340
Dm_00002677-RA	AT5G55700.1	N/A	64.173	508	177	4	6	511	23	527	0.0	696
Dm_00002675-RA	AT5G55760.1	N/A	73.196	388	91	3	1	376	1	387	0.0	597
Dm_00003194-RA	AT1G70740.1	N/A	53.528	411	143	5	12	374	15	425	1.29e-148	428
Dm_00006513-RA	AT4G01250.1	N/A	50.000	246	83	10	186	418	80	298	5.46e-62	202
Dm_00005275-RA	AT2G20280.1	N/A	75.000	288	66	3	1	286	1	284	7.38e-148	424
Dm_00005729-RA	AT3G56900.1	N/A	54.920	437	95	6	1	380	1	392	2.23e-153	442
Dm_00005907-RA	AT1G30100.1	N/A	67.418	577	164	4	70	646	36	588	0.0	803
Dm_00012171-RA	AT2G41950.1	N/A	52.055	219	100	3	65	283	49	262	1.22e-77	237
Dm_00011662-RA	AT1G78620.1	N/A	73.208	265	71	0	67	331	67	331	2.99e-137	393
Dm_00005935-RA	AT2G40850.1	N/A	47.619	588	245	14	1	571	20	561	3.63e-161	471
Dm_00006184-RA	AT2G17890.1	N/A	71.164	593	117	9	1	571	1	561	0.0	829
Dm_00005898-RA	AT3G62260.1	N/A	58.808	386	124	8	1	355	1	382	3.79e-152	434
Dm_00005292-RA	AT5G49180.1	N/A	48.677	567	270	6	9	567	17	570	0.0	575
Dm_00005620-RA	AT3G63510.1	N/A	73.425	365	96	1	79	442	49	413	0.0	581
Dm_00006124-RA	AT2G36720.1	N/A	46.823	724	338	13	216	923	261	953	0.0	615
Dm_00017411-RA	AT2G27590.1	N/A	62.733	322	108	3	85	406	58	367	5.75e-149	428
Dm_00012078-RA	AT1G12220.1	N/A	36.102	939	535	18	1	933	1	880	1.76e-170	520
Dm_00012077-RA	AT1G12220.3	N/A	36.795	443	249	9	196	636	187	600	9.32e-74	253
Dm_00012905-RA	AT1G48405.1	N/A	34.959	246	131	6	1	243	14	233	5.83e-37	134
Dm_00016184-RA	AT5G47070.1	N/A	63.231	359	124	5	7	364	23	374	1.28e-154	441
Dm_00009447-RA	AT5G51460.2	N/A	61.240	387	129	6	3	377	7	384	1.80e-164	466
Dm_00011495-RA	AT2G39420.1	N/A	58.108	148	62	0	2	149	147	294	1.26e-62	195
Dm_00010914-RA	AT3G28345.1	N/A	74.397	746	180	5	1	742	498	1236	0.0	1118
Dm_00009477-RA	AT5G59700.1	N/A	52.415	828	322	17	68	850	27	827	0.0	775
Dm_00011583-RA	AT5G18110.1	N/A	80.220	182	29	2	101	282	43	217	1.17e-106	309
Dm_00011239-RA	AT3G28917.1	N/A	52.885	104	44	3	1	103	1	100	2.75e-30	103
Dm_00009136-RA	AT5G16260.1	N/A	53.896	462	162	8	1	414	46	504	2.02e-146	426
Dm_00009137-RA	AT5G36890.1	N/A	65.729	391	132	2	83	471	100	490	0.0	563
Dm_00010261-RA	AT4G18690.1	N/A	33.465	254	143	5	30	276	18	252	9.21e-43	148
Dm_00011981-RA	AT1G20810.1	N/A	66.142	127	30	1	18	131	105	231	7.28e-46	149
Dm_00011161-RA	AT1G49400.1	N/A	86.747	83	11	0	1	83	1	83	2.85e-51	157
Dm_00012430-RA	AT2G01630.1	N/A	70.716	461	133	1	21	479	19	479	0.0	695
Dm_00018051-RA	AT1G18210.2	N/A	59.184	147	58	2	4	149	8	153	1.48e-60	185
Dm_00018361-RA	AT1G74290.1	N/A	38.961	154	87	4	50	200	168	317	7.95e-25	100
Dm_00018362-RA	AT5G22460.1	N/A	54.231	260	91	1	1	260	85	316	1.12e-100	301
Dm_00016884-RA	AT3G25700.1	N/A	57.500	440	173	4	20	451	18	451	4.33e-178	506
Dm_00018546-RA	AT2G17220.2	N/A	62.778	360	118	3	48	407	45	388	2.03e-164	469
Dm_00016623-RA	AT2G38970.1	N/A	59.659	704	250	17	1	697	1	677	0.0	773
Dm_00003429-RA	AT5G04200.1	N/A	57.817	339	117	7	3	333	4	324	3.92e-134	385
Dm_00003302-RA	AT1G02260.1	N/A	69.057	530	129	8	12	535	2	502	0.0	705
Dm_00018969-RA	AT2G40095.2	N/A	57.436	195	69	5	2	196	7	187	7.82e-69	209
Dm_00020511-RA	AT1G67580.1	N/A	59.898	788	262	15	1	770	1	752	0.0	829
Dm_00020095-RA	AT3G07470.3	N/A	58.389	149	58	2	1	149	1	145	1.05e-59	182
Dm_00007135-RA	AT1G19010.1	N/A	51.181	127	62	0	1	127	7	133	4.20e-30	118
Dm_00017698-RA	AT2G37010.1	N/A	66.393	1095	342	7	14	1106	12	1082	0.0	1528
Dm_00012035-RA	AT2G19900.1	N/A	79.422	554	109	1	1	549	28	581	0.0	910
Dm_00013313-RA	AT3G12630.1	N/A	81.818	66	12	0	78	143	95	160	3.67e-37	125
Dm_00011212-RA	AT4G00330.1	N/A	46.739	184	78	6	31	201	101	277	1.29e-42	149
Dm_00004944-RA	AT1G33360.1	N/A	54.909	275	57	2	21	295	431	638	2.55e-91	285
Dm_00016508-RA	AT4G14750.1	N/A	44.681	470	149	17	10	464	1	374	1.36e-100	310
Dm_00016099-RA	AT4G17615.1	N/A	80.282	213	42	0	1	213	1	213	3.04e-128	360
Dm_00016246-RA	AT2G42010.2	N/A	64.621	1108	269	19	82	1137	72	1108	0.0	1367
Dm_00010126-RA	AT5G40780.1	N/A	81.364	440	80	1	3	440	7	446	0.0	752
Dm_00009698-RA	AT1G60940.1	N/A	84.181	354	48	1	1	346	1	354	0.0	602
Dm_00004325-RA	AT3G10020.1	N/A	47.436	156	65	6	7	156	2	146	9.63e-29	103
Dm_00005120-RA	AT1G19140.1	N/A	57.055	326	113	6	1	323	1	302	1.95e-124	359
Dm_00008480-RA	AT3G13340.2	N/A	66.416	399	132	2	55	452	50	447	0.0	577
Dm_00008627-RA	AT1G28490.3	N/A	75.000	80	20	0	15	94	109	188	5.40e-33	121
Dm_00002281-RA	AT1G28320.1	N/A	43.020	788	317	20	6	744	5	709	0.0	553
Dm_00002312-RA	AT4G18700.1	N/A	80.087	462	83	4	22	476	20	479	0.0	762
Dm_00002293-RA	AT5G60860.1	N/A	91.244	217	19	0	1	217	1	217	5.19e-149	413
Dm_00002303-RA	AT1G29170.2	N/A	30.323	897	461	31	144	1002	47	817	4.25e-69	253
Dm_00002311-RA	AT3G58670.4	N/A	58.120	117	40	2	5	121	92	199	5.27e-43	140
Dm_00003015-RA	AT4G29750.1	N/A	49.259	607	249	6	338	906	236	821	0.0	556
Dm_00003261-RA	AT5G61840.1	N/A	92.632	380	28	0	43	422	36	415	0.0	745
Dm_00003263-RA	AT5G51020.1	N/A	61.856	291	73	5	5	294	16	269	1.75e-123	354
Dm_00003923-RA	AT2G04780.2	N/A	54.661	236	105	2	10	244	4	238	1.53e-68	212
Dm_00016082-RA	AT1G63430.1	N/A	57.290	679	255	5	13	684	12	662	0.0	787
Dm_00015098-RA	AT2G30040.1	N/A	50.794	378	144	8	23	395	17	357	8.82e-107	326
Dm_00016421-RA	AT2G17705.1	N/A	73.387	124	33	0	3	126	4	127	1.58e-67	200
Dm_00014543-RA	AT5G03040.2	N/A	37.121	528	224	14	1	513	1	435	2.02e-79	256
Dm_00015311-RA	AT2G14680.6	N/A	38.319	595	214	13	40	628	7	454	4.29e-99	311
Dm_00013342-RA	AT2G41870.1	N/A	50.000	248	104	4	7	247	37	271	4.15e-70	216
Dm_00015199-RA	AT2G04780.2	N/A	62.121	198	72	2	1	197	1	196	4.21e-76	231
Dm_00020642-RA	AT1G18210.2	N/A	49.693	163	70	2	1	160	1	154	6.46e-51	160
Dm_00003457-RA	AT5G38240.3	N/A	39.467	375	180	10	21	387	213	548	1.72e-84	269
Dm_00003218-RA	AT3G14470.1	N/A	31.813	899	545	22	1	860	1	870	4.36e-120	390
Dm_00003220-RA	AT3G50530.1	N/A	55.618	356	76	9	52	326	231	585	6.10e-115	346
Dm_00002968-RA	AT2G37630.1	N/A	60.750	400	112	9	1	390	1	365	3.61e-149	427
Dm_00003450-RA	AT5G66500.1	N/A	48.614	541	264	5	24	562	1	529	4.75e-173	506
Dm_00013738-RA	AT2G26930.1	N/A	67.123	365	94	1	12	376	34	372	4.93e-177	497
Dm_00013737-RA	AT5G19500.1	N/A	67.880	467	140	4	9	474	24	481	0.0	592
Dm_00020233-RA	AT5G04550.1	N/A	40.422	616	272	12	1	549	1	588	1.01e-123	377
Dm_00020094-RA	AT1G02730.1	N/A	76.436	1201	242	14	1	1180	1	1181	0.0	1826
Dm_00020226-RA	AT3G55070.2	N/A	50.000	112	52	2	1	110	1	110	1.91e-26	101
Dm_00020227-RA	AT3G55070.2	N/A	63.636	77	22	2	28	101	177	250	1.98e-23	91.7
Dm_00020164-RA	AT3G13620.1	N/A	59.657	466	175	5	2	467	5	457	0.0	545
Dm_00004534-RA	AT2G04032.1	N/A	55.966	352	133	5	20	351	16	365	2.58e-129	375
Dm_00004535-RA	AT4G04955.1	N/A	64.242	495	129	4	28	481	17	504	0.0	642
Dm_00004733-RA	AT2G32590.1	N/A	46.844	602	269	18	1	585	1	568	3.57e-154	459
Dm_00006805-RA	AT2G33020.1	N/A	38.367	649	365	12	39	681	242	861	1.37e-111	357
Dm_00006202-RA	AT2G27060.1	N/A	52.657	1035	443	15	1	1008	1	1015	0.0	969
Dm_00006201-RA	AT3G20770.1	N/A	62.278	562	175	16	1	558	2	530	0.0	638
Dm_00015893-RA	AT3G55760.2	N/A	55.167	600	209	10	60	621	1	578	0.0	607
Dm_00019668-RA	AT3G30380.1	N/A	64.037	431	116	7	1	426	1	397	0.0	544
Dm_00009662-RA	AT3G13860.1	N/A	77.778	360	80	0	5	364	18	377	0.0	577
Dm_00009230-RA	AT2G41770.1	N/A	71.576	774	207	6	1	764	1	771	0.0	1174
Dm_00009149-RA	AT3G14690.1	N/A	47.573	412	205	2	7	417	5	406	1.38e-141	414
Dm_00009894-RA	AT5G59610.4	N/A	48.571	280	115	8	1	264	1	267	6.58e-77	234
Dm_00009298-RA	AT2G41835.1	N/A	55.442	294	97	6	1	275	1	279	2.16e-108	315
Dm_00002904-RA	AT1G61210.1	N/A	73.750	160	41	1	4	163	9	167	6.65e-77	265
Dm_00002401-RA	AT1G65430.1	N/A	79.078	282	59	0	109	390	92	373	5.18e-177	509
Dm_00002397-RA	AT3G24255.5	N/A	34.818	247	155	4	579	820	16	261	9.82e-41	159
Dm_00002251-RA	AT5G57200.1	N/A	78.571	350	44	2	1	350	1	319	0.0	565
Dm_00013212-RA	AT1G77480.2	N/A	51.667	360	172	2	48	406	65	423	8.89e-135	393
Dm_00012059-RA	AT3G20360.1	N/A	35.019	257	158	5	1	250	101	355	6.60e-41	144
Dm_00013263-RA	AT2G35140.1	N/A	63.014	146	52	2	8	151	12	157	6.66e-50	191
Dm_00004151-RA	AT5G04170.1	N/A	58.639	191	76	3	87	274	164	354	1.75e-74	231
Dm_00004656-RA	AT2G26510.1	N/A	64.461	529	184	3	20	545	23	550	0.0	689
Dm_00005200-RA	AT5G54940.3	N/A	85.714	112	16	0	1	112	1	112	1.17e-69	204
Dm_00005488-RA	AT1G31860.1	N/A	60.751	293	102	3	3	295	1	280	1.99e-122	352
Dm_00010180-RA	AT3G57930.1	N/A	51.408	142	62	4	1	138	1	139	5.87e-26	95.5
Dm_00010179-RA	AT3G20780.1	N/A	77.279	691	126	3	12	700	8	669	0.0	1110
Dm_00011902-RA	AT1G59960.1	N/A	53.614	332	147	2	1	331	1	326	1.61e-139	398
Dm_00013814-RA	AT2G24240.1	N/A	65.116	129	36	4	81	206	318	440	1.94e-43	151
Dm_00016611-RA	AT3G02700.1	N/A	60.851	235	90	2	1	235	1	233	1.29e-96	283
Dm_00020000-RA	AT1G15140.1	N/A	68.132	273	84	1	1	273	22	291	1.63e-125	365
Dm_00020013-RA	AT5G20540.1	N/A	60.969	392	117	9	1	370	1	378	2.61e-140	404
Dm_00019999-RA	AT2G16400.1	N/A	47.333	450	166	14	220	664	99	482	1.54e-113	350
Dm_00008766-RA	AT3G54810.2	N/A	68.675	83	19	1	288	363	214	296	3.28e-37	137
Dm_00005312-RA	AT1G07700.1	N/A	67.742	155	47	1	1	155	50	201	1.38e-75	224
Dm_00007773-RA	AT1G72190.1	N/A	48.529	272	80	3	189	400	80	351	2.55e-78	246
Dm_00007106-RA	AT2G27760.1	N/A	55.338	459	184	8	12	459	5	453	1.05e-167	481
Dm_00007108-RA	AT2G27770.1	N/A	43.466	352	137	13	1	326	4	319	7.79e-80	246
Dm_00005649-RA	AT3G07530.5	N/A	39.216	153	91	1	47	197	417	569	3.47e-29	113
Dm_00007734-RA	AT2G26640.1	N/A	82.556	493	86	0	18	510	17	509	0.0	885
Dm_00012925-RA	AT1G01225.1	N/A	38.298	235	127	7	40	263	4	231	5.80e-44	151
Dm_00012576-RA	AT1G25500.2	N/A	74.066	482	123	2	1	481	1	481	0.0	681
Dm_00012857-RA	AT3G21300.1	N/A	72.332	506	137	2	62	564	49	554	0.0	767
Dm_00014782-RA	AT3G12620.1	N/A	62.366	372	134	3	1	370	10	377	2.11e-166	471
Dm_00014785-RA	AT5G12130.2	N/A	76.515	132	16	1	2	133	214	330	1.76e-61	193
Dm_00014784-RA	AT5G12130.1	N/A	49.219	256	75	5	1	206	1	251	7.01e-58	188
Dm_00018315-RA	AT4G14368.2	N/A	62.291	1074	335	14	65	1127	2	1016	0.0	1309
Dm_00019284-RA	AT1G69850.1	N/A	63.322	608	186	6	4	601	5	585	0.0	768
Dm_00019298-RA	AT5G51670.2	N/A	46.444	450	205	6	37	471	37	465	2.55e-129	384
Dm_00019279-RA	AT3G29575.1	N/A	46.454	282	92	7	40	318	5	230	6.58e-64	202
Dm_00019135-RA	AT5G04490.1	N/A	60.335	179	65	1	92	264	124	302	1.86e-76	234
Dm_00017790-RA	AT1G11530.1	N/A	67.521	117	37	1	12	127	2	118	7.98e-58	175
Dm_00018338-RA	AT1G09390.1	N/A	65.266	357	117	4	7	359	15	368	1.52e-175	493
Dm_00017752-RA	AT2G18300.1	N/A	48.261	230	75	6	267	485	74	270	5.32e-53	185
Dm_00018392-RA	AT1G80480.1	N/A	51.945	437	155	4	25	415	17	444	1.02e-140	409
Dm_00014669-RA	AT4G24580.1	N/A	59.389	687	239	10	6	667	49	720	0.0	714
Dm_00013547-RA	AT5G26170.1	N/A	47.541	183	50	5	22	177	8	171	4.05e-44	146
Dm_00013101-RA	AT1G79230.1	N/A	69.393	379	103	4	1	374	1	371	0.0	550
Dm_00013403-RA	AT5G58380.1	N/A	57.778	450	173	4	6	439	1	449	0.0	525
Dm_00011448-RA	AT1G79620.1	N/A	60.952	945	270	12	41	896	37	971	0.0	1100
Dm_00010936-RA	AT5G22050.2	N/A	45.597	318	146	4	18	333	13	305	4.25e-89	270
Dm_00012147-RA	AT1G21910.1	N/A	50.718	209	70	7	35	239	50	229	1.47e-48	160
Dm_00008779-RA	AT5G56900.2	N/A	60.632	475	167	3	51	508	3	474	0.0	593
Dm_00009678-RA	AT1G22030.1	N/A	47.926	217	95	5	1	200	118	333	1.59e-51	169
Dm_00009677-RA	AT1G22030.1	N/A	69.167	120	35	1	1	120	1	118	1.40e-55	177
Dm_00009682-RA	AT1G77850.1	N/A	43.986	582	287	16	23	595	14	565	2.23e-147	439
Dm_00009679-RA	AT4G29540.2	N/A	71.484	256	73	0	82	337	40	295	5.36e-140	400
Dm_00002506-RA	AT3G15880.2	N/A	66.175	1153	331	13	1	1112	1	1135	0.0	1593
Dm_00002513-RA	AT1G52500.2	N/A	68.615	325	73	4	1	323	1	298	9.04e-154	442
Dm_00002852-RA	AT1G70090.2	N/A	70.732	369	104	3	8	373	6	373	0.0	548
Dm_00002541-RA	AT5G01710.1	N/A	62.941	510	179	5	5	507	7	513	0.0	652
Dm_00002584-RA	AT1G05420.2	N/A	39.506	243	100	9	1	217	17	238	2.43e-33	120
Dm_00002921-RA	AT1G02630.1	N/A	57.692	390	156	3	9	398	9	389	1.82e-168	477
Dm_00007434-RA	AT5G66200.1	N/A	63.609	676	211	8	9	682	4	646	0.0	837
Dm_00007697-RA	AT2G40140.1	N/A	46.237	651	255	21	11	638	19	597	2.16e-179	522
Dm_00015860-RA	AT3G13610.1	N/A	53.390	354	161	2	3	355	11	361	7.89e-142	406
Dm_00015873-RA	AT1G01820.1	N/A	80.176	227	45	0	1	227	1	227	2.96e-138	387
Dm_00012385-RA	AT1G70300.1	N/A	69.112	777	199	7	7	748	12	782	0.0	1071
Dm_00000864-RA	AT3G20410.1	N/A	74.164	538	132	4	1	532	1	537	0.0	827
Dm_00000857-RA	AT3G27730.1	N/A	57.450	1255	365	21	3	1232	23	1133	0.0	1376
Dm_00000607-RA	AT4G15800.1	N/A	71.622	74	18	1	51	121	42	115	1.34e-33	113
Dm_00000608-RA	AT4G15800.1	N/A	57.627	118	35	5	6	121	11	115	9.55e-38	124
Dm_00003555-RA	AT3G04650.1	N/A	55.556	477	173	10	1	467	21	468	2.37e-170	488
Dm_00003557-RA	AT5G28650.1	N/A	48.286	350	141	13	14	351	4	325	1.46e-79	248
Dm_00003746-RA	AT5G59420.1	N/A	74.200	469	102	5	1	468	1	451	0.0	730
Dm_00003806-RA	AT2G22360.1	N/A	79.012	243	51	0	17	259	191	433	2.17e-144	412
Dm_00003807-RA	AT1G57680.1	N/A	47.266	256	130	4	64	318	69	320	8.13e-61	201
Dm_00004153-RA	AT5G25480.1	N/A	56.131	367	129	6	1	345	1	357	1.48e-135	392
Dm_00000462-RA	AT5G53130.1	N/A	69.274	716	176	6	40	711	1	716	0.0	992
Dm_00001263-RA	AT5G42320.2	N/A	66.995	406	131	2	38	442	27	430	0.0	589
Dm_00001258-RA	AT1G76250.1	N/A	60.700	257	100	1	2	258	176	431	4.19e-115	337
Dm_00001257-RA	AT1G76250.1	N/A	58.854	192	78	1	160	351	244	434	8.88e-71	227
Dm_00001259-RA	AT1G76250.1	N/A	73.333	90	24	0	91	180	88	177	4.59e-39	138
Dm_00000624-RA	AT4G25810.1	N/A	68.683	281	81	5	29	309	10	283	6.88e-143	404
Dm_00016061-RA	AT1G34380.2	N/A	58.958	307	115	4	75	377	46	345	8.41e-127	369
Dm_00015419-RA	AT5G41760.2	N/A	38.095	252	145	4	27	269	18	267	4.48e-45	155
Dm_00016664-RA	AT2G33500.2	N/A	33.958	427	157	17	24	437	12	326	9.96e-49	176
Dm_00016100-RA	AT3G15130.1	N/A	52.655	678	317	3	3	678	5	680	0.0	735
Dm_00009768-RA	AT3G57120.1	N/A	52.910	378	151	7	62	420	87	456	6.55e-129	380
Dm_00011541-RA	AT2G18290.1	N/A	79.688	192	39	0	1	192	1	192	3.50e-111	315
Dm_00016627-RA	AT4G09730.1	N/A	62.654	648	189	11	23	664	18	618	0.0	739
Dm_00015162-RA	AT1G55140.1	N/A	42.616	237	106	6	32	263	17	228	2.10e-49	163
Dm_00001629-RA	AT4G25800.2	N/A	29.593	713	349	17	3	685	1	590	5.14e-78	261
Dm_00001632-RA	AT5G21140.1	N/A	44.068	295	119	8	1	263	1	281	1.12e-71	224
Dm_00001963-RA	AT2G22070.1	N/A	33.228	632	390	8	92	693	65	694	1.15e-115	365
Dm_00001965-RA	AT4G18530.3	N/A	62.462	325	104	4	17	323	60	384	7.37e-148	422
Dm_00002032-RA	AT1G55020.1	N/A	63.679	848	301	5	27	872	17	859	0.0	1137
Dm_00001551-RA	AT2G32760.1	N/A	51.632	337	154	1	21	357	23	350	1.26e-120	352
Dm_00005483-RA	AT4G00300.1	N/A	49.385	488	220	12	28	502	4	477	7.97e-144	422
Dm_00005550-RA	AT3G06670.1	N/A	54.518	653	260	12	32	665	223	857	0.0	630
Dm_00004620-RA	AT1G13560.2	N/A	66.580	386	62	3	41	405	7	346	5.23e-177	497
Dm_00011577-RA	AT4G14130.1	N/A	64.784	301	84	4	21	318	5	286	1.01e-138	394
Dm_00012261-RA	AT4G25490.1	N/A	60.317	189	66	5	68	248	26	213	1.41e-64	200
Dm_00012260-RA	AT5G51990.1	N/A	54.884	215	83	3	39	251	20	222	3.75e-70	215
Dm_00010496-RA	AT2G46810.3	N/A	38.018	434	139	15	36	450	35	357	7.88e-60	200
Dm_00011429-RA	AT1G68710.1	N/A	72.989	1181	308	7	10	1183	13	1189	0.0	1836
Dm_00010398-RA	AT1G72510.2	N/A	53.216	171	67	5	1	164	1	165	1.59e-53	167
Dm_00017966-RA	AT2G30300.1	N/A	44.867	526	243	8	12	531	1	485	2.33e-134	399
Dm_00019676-RA	AT4G08455.1	N/A	42.544	228	103	3	47	247	30	256	5.65e-53	172
Dm_00019636-RA	AT3G57170.1	N/A	49.057	530	262	4	162	689	34	557	2.01e-155	461
Dm_00019625-RA	AT1G53300.1	N/A	42.531	569	277	9	271	796	137	698	3.39e-134	415
Dm_00004712-RA	AT2G02170.2	N/A	50.607	494	166	18	4	490	63	485	1.35e-119	360
Dm_00004715-RA	AT1G06680.1	N/A	71.587	271	69	2	1	271	1	263	1.04e-134	381
Dm_00004711-RA	AT2G17570.1	N/A	53.929	280	117	2	35	314	28	295	2.57e-109	320
Dm_00004047-RA	AT3G18970.1	N/A	48.696	345	172	4	10	352	76	417	3.32e-105	317
Dm_00004814-RA	AT4G05440.1	N/A	62.848	323	117	2	1	323	1	320	8.39e-145	412
Dm_00004818-RA	AT1G80500.2	N/A	68.148	135	10	1	1	102	1	135	3.48e-59	178
Dm_00003926-RA	AT2G23420.1	N/A	76.207	580	115	3	1	580	1	557	0.0	913
Dm_00003931-RA	AT5G66800.1	N/A	40.361	166	63	7	1	146	1	150	4.96e-25	96.3
Dm_00001937-RA	AT1G14750.1	N/A	37.311	595	307	16	11	564	9	578	1.73e-91	293
Dm_00004281-RA	AT5G24260.4	N/A	67.733	750	223	10	42	778	3	746	0.0	1016
Dm_00004280-RA	AT2G33760.1	N/A	38.037	163	100	1	12	174	105	266	2.07e-29	113
Dm_00003585-RA	AT2G05160.3	N/A	52.103	428	166	13	1	422	1	395	6.19e-133	395
Dm_00003586-RA	AT4G26640.2	N/A	46.858	557	230	16	24	553	36	553	1.59e-136	408
Dm_00019497-RA	AT3G11820.2	N/A	72.835	254	69	0	26	279	4	257	2.10e-133	381
Dm_00020325-RA	AT3G42170.2	N/A	28.790	653	405	17	90	713	33	654	1.98e-82	277
Dm_00020265-RA	AT1G27200.1	N/A	52.372	548	221	10	48	591	59	570	0.0	565
Dm_00002159-RA	AT5G54830.1	N/A	61.591	880	321	9	1	877	42	907	0.0	1107
Dm_00002162-RA	AT5G47520.1	N/A	84.000	225	31	5	2	225	1	221	6.51e-134	375
Dm_00002165-RA	AT5G11000.1	N/A	43.434	396	182	12	24	388	3	387	5.36e-74	235
Dm_00008587-RA	AT1G31830.1	N/A	71.816	479	129	1	1	473	17	495	0.0	724
Dm_00009688-RA	AT3G14470.1	N/A	29.400	1034	610	31	608	1603	36	987	5.50e-104	359
Dm_00016379-RA	AT2G44600.1	N/A	35.714	378	160	17	1	360	1	313	5.83e-44	154
Dm_00017313-RA	AT3G58120.1	N/A	47.176	301	79	8	50	288	45	327	2.50e-68	215
Dm_00015422-RA	AT3G14470.1	N/A	35.048	311	184	8	7	313	207	503	2.91e-51	190
Dm_00007673-RA	AT1G16260.3	N/A	41.074	689	330	19	12	662	8	658	7.14e-141	446
Dm_00009734-RA	AT2G16730.1	N/A	51.951	820	388	6	32	848	26	842	0.0	899
Dm_00008102-RA	AT2G03440.1	N/A	43.750	144	62	3	22	164	62	187	2.50e-24	94.0
Dm_00014091-RA	AT3G26630.1	N/A	33.702	181	117	2	33	212	35	213	2.60e-31	119
Dm_00014366-RA	AT4G27670.1	N/A	41.304	184	81	5	26	209	71	227	1.26e-39	135
Dm_00013309-RA	AT1G01490.2	N/A	59.155	71	28	1	1	70	1	71	5.80e-26	98.2
Dm_00000487-RA	AT5G60760.1	N/A	64.872	743	227	18	33	757	1	727	0.0	875
Dm_00014315-RA	AT1G75560.2	N/A	57.653	196	60	4	101	295	82	255	5.69e-72	223
Dm_00014758-RA	AT1G35140.1	N/A	72.727	66	18	0	94	159	244	309	4.84e-29	108
Dm_00015477-RA	AT2G34140.1	N/A	79.592	49	10	0	270	318	58	106	1.03e-23	98.6
Dm_00014286-RA	AT4G33400.1	N/A	67.581	620	186	7	31	645	36	645	0.0	857
Dm_00012997-RA	AT1G27990.1	N/A	55.351	271	101	5	1	266	1	256	6.57e-88	263
Dm_00011404-RA	AT4G08950.1	N/A	74.342	152	36	1	1	149	163	314	9.88e-84	248
Dm_00010528-RA	AT5G04930.1	N/A	67.931	1160	335	6	67	1226	14	1136	0.0	1640
Dm_00008308-RA	AT1G53050.1	N/A	47.018	721	306	14	1	685	1	681	0.0	601
Dm_00009300-RA	AT4G27040.1	N/A	83.600	250	41	0	1	250	1	250	5.18e-160	444
Dm_00010368-RA	AT2G30550.2	N/A	64.399	441	146	6	58	494	92	525	0.0	587
Dm_00017664-RA	AT1G34380.2	N/A	58.958	307	115	4	75	377	46	345	8.41e-127	369
Dm_00001084-RA	AT2G23690.1	N/A	64.800	125	36	2	1	117	1	125	4.90e-52	163
Dm_00001079-RA	AT2G23450.2	N/A	50.894	727	297	14	1	704	17	706	0.0	693
Dm_00001083-RA	AT4G37235.1	N/A	56.579	152	56	2	11	160	6	149	3.83e-49	155
Dm_00001095-RA	AT3G05940.1	N/A	75.303	413	98	4	1	411	4	414	0.0	636
Dm_00001097-RA	AT4G16330.2	N/A	68.387	310	89	2	45	354	63	363	8.41e-159	449
Dm_00000672-RA	AT1G29195.1	N/A	49.495	198	90	2	3	198	1	190	3.68e-61	189
Dm_00000687-RA	AT1G29070.1	N/A	70.455	88	21	1	4	91	73	155	9.13e-31	106
Dm_00000700-RA	AT2G29120.1	N/A	30.435	851	502	22	11	814	3	810	1.66e-122	392
Dm_00001920-RA	AT4G05000.1	N/A	78.947	209	44	0	1	209	2	210	2.23e-124	350
Dm_00001599-RA	AT2G01170.2	N/A	65.138	327	110	2	54	380	104	426	1.21e-149	430
Dm_00001603-RA	AT3G02600.1	N/A	67.568	296	88	2	7	298	43	334	1.23e-148	421
Dm_00010129-RA	AT3G10850.1	N/A	75.758	132	31	1	68	198	103	234	3.18e-69	215
Dm_00010333-RA	AT5G45340.1	N/A	70.551	472	114	5	3	464	6	462	0.0	684
Dm_00008931-RA	AT4G23160.1	N/A	45.072	690	320	12	61	738	40	682	0.0	564
Dm_00010675-RA	AT4G21090.1	N/A	76.056	142	30	1	48	189	60	197	2.81e-73	219
Dm_00010187-RA	AT2G46780.1	N/A	45.763	177	44	8	1	140	1	162	6.69e-28	105
Dm_00013036-RA	AT2G17390.1	N/A	64.308	325	107	3	12	332	25	344	5.77e-141	402
Dm_00011123-RA	AT4G35230.1	N/A	87.281	456	56	1	49	504	55	508	0.0	848
Dm_00010933-RA	AT3G14470.1	N/A	31.429	210	132	5	36	238	39	243	8.86e-24	100
Dm_00010951-RA	AT5G25930.1	N/A	51.515	990	422	12	16	964	15	987	0.0	942
Dm_00009731-RA	AT3G09470.2	N/A	61.644	438	153	4	5	436	6	434	0.0	537
Dm_00012193-RA	AT3G30390.2	N/A	65.227	463	150	6	1	458	1	457	0.0	593
Dm_00001166-RA	AT4G35130.1	N/A	32.974	649	412	11	40	680	71	704	6.43e-122	382
Dm_00001197-RA	AT1G05510.1	N/A	58.091	241	74	3	5	224	7	241	3.76e-98	286
Dm_00001202-RA	AT3G07340.2	N/A	40.633	379	130	16	1	373	32	321	1.45e-60	202
Dm_00000006-RA	AT5G01970.1	N/A	57.237	304	101	8	126	426	57	334	2.83e-105	318
Dm_00000048-RA	AT5G05350.1	N/A	41.935	310	164	3	31	336	148	445	2.85e-73	238
Dm_00000052-RA	AT2G38470.1	N/A	62.452	261	60	4	254	488	178	426	2.43e-97	320
Dm_00000050-RA	AT5G03570.2	N/A	60.913	504	182	4	54	553	14	506	0.0	595
Dm_00017167-RA	AT2G33490.3	N/A	44.729	664	263	22	1	621	1	603	4.15e-146	437
Dm_00017559-RA	AT3G14470.1	N/A	31.458	871	513	25	17	852	13	834	3.65e-114	374
Dm_00017651-RA	AT1G14860.1	N/A	61.212	165	57	2	8	171	1	159	1.87e-64	197
Dm_00017904-RA	AT5G13410.1	N/A	70.892	213	51	4	42	244	45	256	2.66e-105	305
Dm_00014690-RA	AT5G10280.1	N/A	67.265	223	65	4	1	217	1	221	4.01e-105	311
Dm_00016480-RA	AT5G60250.1	N/A	37.262	526	277	13	26	525	4	502	8.06e-101	318
Dm_00016118-RA	AT4G01940.1	N/A	60.173	231	73	5	54	266	2	231	1.57e-88	263
Dm_00003873-RA	AT5G22400.1	N/A	67.123	365	104	6	69	419	87	449	1.68e-163	469
Dm_00004018-RA	AT4G08950.1	N/A	68.372	215	62	3	45	257	35	245	1.76e-102	301
Dm_00004017-RA	AT2G16460.1	N/A	72.396	192	53	0	64	255	39	230	1.06e-97	285
Dm_00004019-RA	AT4G36240.1	N/A	37.993	279	112	10	51	323	10	233	3.21e-41	144
Dm_00003515-RA	AT2G18750.3	N/A	53.499	686	234	15	1	668	1	619	0.0	679
Dm_00003789-RA	AT5G10790.1	N/A	43.772	578	267	17	1	569	5	533	4.18e-145	431
Dm_00003784-RA	AT5G20400.1	N/A	51.673	269	123	4	34	299	7	271	5.03e-95	285
Dm_00003786-RA	AT1G15710.1	N/A	62.195	328	123	1	38	365	19	345	2.10e-153	437
Dm_00004057-RA	AT2G13620.1	N/A	39.364	818	457	13	59	871	9	792	0.0	574
Dm_00003955-RA	AT5G40250.1	N/A	51.128	399	127	16	1	364	1	366	2.37e-111	330
Dm_00003384-RA	AT2G28200.1	N/A	37.107	318	135	13	17	315	15	286	4.46e-45	155
Dm_00004143-RA	AT5G08520.1	N/A	62.258	310	88	13	1	295	3	298	8.10e-117	338
Dm_00004244-RA	AT4G01570.1	N/A	58.750	800	301	11	151	938	18	800	0.0	923
Dm_00004245-RA	AT5G04960.1	N/A	50.887	564	257	8	1	553	1	555	0.0	555
Dm_00020311-RA	AT3G26510.2	N/A	64.706	119	34	2	15	128	7	122	1.68e-46	152
Dm_00019946-RA	AT4G38180.1	N/A	36.534	479	278	7	2	471	172	633	1.59e-101	327
Dm_00019791-RA	AT5G13160.1	N/A	68.298	470	122	8	1	463	1	450	0.0	632
Dm_00001319-RA	AT5G57550.1	N/A	69.149	282	80	4	12	290	5	282	1.28e-145	410
Dm_00005598-RA	AT2G41080.1	N/A	57.143	658	274	4	13	670	1	650	0.0	764
Dm_00005597-RA	AT1G06410.2	N/A	72.071	845	231	3	1	845	1	840	0.0	1289
Dm_00005592-RA	AT2G42750.1	N/A	65.789	342	94	5	1	321	1	340	6.16e-147	417
Dm_00005595-RA	AT3G58710.1	N/A	37.566	189	93	6	5	182	98	272	1.31e-25	99.8
Dm_00005189-RA	AT4G15420.2	N/A	63.937	574	191	5	1	572	124	683	0.0	782
Dm_00009279-RA	AT1G01225.1	N/A	70.916	251	64	2	1	251	1	242	1.08e-127	363
Dm_00009478-RA	AT2G37980.1	N/A	76.906	446	99	3	22	465	195	638	0.0	725
Dm_00003997-RA	AT3G05620.1	N/A	60.417	528	190	8	643	1163	26	541	0.0	658
Dm_00005048-RA	AT1G15520.1	N/A	69.959	1448	405	7	4	1448	3	1423	0.0	2146
Dm_00003473-RA	AT4G38900.2	N/A	55.929	565	181	27	1	550	1	512	2.44e-164	480
Dm_00004635-RA	AT2G17220.2	N/A	42.265	362	174	8	3	363	44	371	2.82e-91	280
Dm_00004639-RA	AT2G17220.1	N/A	41.398	372	169	10	3	369	45	372	5.22e-89	274
Dm_00004637-RA	AT2G17220.1	N/A	47.262	347	161	7	3	346	45	372	6.10e-106	317
Dm_00004633-RA	AT2G17220.1	N/A	43.380	355	171	8	3	354	45	372	5.27e-95	289
Dm_00005701-RA	AT5G39820.1	N/A	60.891	202	52	5	14	197	17	209	1.04e-81	253
Dm_00002072-RA	AT5G35570.1	N/A	59.097	731	201	19	6	726	3	645	0.0	788
Dm_00001760-RA	AT2G36800.1	N/A	27.273	462	283	10	12	436	20	465	2.56e-43	159
Dm_00001645-RA	AT1G45249.1	N/A	51.869	428	143	15	10	416	7	392	7.12e-110	332
Dm_00001662-RA	AT4G24240.1	N/A	48.819	381	128	10	1	356	1	339	4.24e-104	311
Dm_00020586-RA	AT5G38970.1	N/A	66.598	482	140	4	50	530	1	462	0.0	672
Dm_00019609-RA	AT3G59760.1	N/A	81.737	334	49	1	63	396	109	430	0.0	526
Dm_00019685-RA	AT5G11750.1	N/A	64.706	119	42	0	25	143	77	195	1.66e-53	168
Dm_00019359-RA	AT5G02500.1	N/A	90.979	654	49	2	1	647	1	651	0.0	1217
Dm_00011970-RA	AT4G36730.1	N/A	47.978	371	110	9	1	370	1	289	1.04e-96	291
Dm_00011298-RA	AT4G27480.1	N/A	65.550	418	142	1	11	426	4	421	0.0	604
Dm_00013117-RA	AT1G56180.2	N/A	53.333	105	43	3	37	135	35	139	1.30e-25	99.4
Dm_00014204-RA	AT1G61900.3	N/A	57.218	381	160	3	19	398	26	404	1.79e-158	453
Dm_00007244-RA	AT1G25500.2	N/A	74.066	482	123	2	1	481	1	481	0.0	681
Dm_00008137-RA	AT3G11450.1	N/A	64.006	639	223	4	44	678	10	645	0.0	711
Dm_00008133-RA	AT3G02680.1	N/A	38.198	555	267	11	18	549	31	532	9.62e-104	323
Dm_00007812-RA	AT1G26850.1	N/A	76.355	609	135	3	39	638	7	615	0.0	999
Dm_00007652-RA	AT1G34320.1	N/A	64.444	675	208	12	1	661	1	657	0.0	847
Dm_00009290-RA	AT1G52530.1	N/A	53.012	166	65	2	1	153	154	319	4.93e-54	176
Dm_00021005-RA	AT5G09760.1	N/A	69.841	315	94	1	1	315	237	550	6.30e-167	476
Dm_00010163-RA	AT2G47180.1	N/A	68.481	349	91	7	12	358	13	344	6.41e-170	477
Dm_00010162-RA	AT3G62280.1	N/A	66.667	336	101	2	181	506	31	365	3.04e-167	477
Dm_00009413-RA	AT1G79020.1	N/A	64.208	461	149	8	1	454	1	452	0.0	559
Dm_00009369-RA	AT1G10550.1	N/A	57.235	311	123	4	20	323	3	310	8.55e-131	375
Dm_00009774-RA	AT3G62200.1	N/A	74.176	182	47	0	2	183	8	189	5.18e-87	286
Dm_00001554-RA	AT4G20780.1	N/A	56.132	212	67	3	13	224	6	191	2.59e-73	221
Dm_00001555-RA	AT5G01970.1	N/A	50.529	378	111	11	1	371	1	309	3.43e-100	301
Dm_00001425-RA	AT3G28890.1	N/A	35.950	726	345	15	16	671	30	705	3.93e-114	359
Dm_00001474-RA	AT1G64720.1	N/A	61.069	393	127	7	24	416	19	385	7.44e-171	484
Dm_00001727-RA	AT3G19000.1	N/A	54.645	366	143	4	1	357	1	352	1.64e-132	390
Dm_00016833-RA	AT3G07960.1	N/A	68.850	748	199	10	38	784	1	715	0.0	1045
Dm_00017787-RA	AT1G60190.1	N/A	40.883	702	387	12	1	692	1	684	2.08e-160	478
Dm_00017888-RA	AT5G66520.1	N/A	37.838	518	296	7	15	531	19	511	3.45e-125	381
Dm_00016440-RA	AT1G77930.1	N/A	73.077	156	42	0	2	157	107	262	5.12e-78	233
Dm_00011817-RA	AT4G29250.1	N/A	43.939	462	222	9	4	447	14	456	2.55e-126	374
Dm_00014170-RA	AT3G24255.1	N/A	40.833	120	64	3	1	113	1	120	1.11e-22	92.0
Dm_00011500-RA	AT1G76880.1	N/A	51.356	553	189	11	62	603	50	533	1.45e-152	454
Dm_00013565-RA	AT4G23030.1	N/A	68.737	483	142	4	24	504	10	485	0.0	598
Dm_00013980-RA	AT3G46510.1	N/A	60.610	688	225	5	1	683	1	647	0.0	810
Dm_00013278-RA	AT3G12620.1	N/A	79.365	63	13	0	6	68	170	232	2.26e-26	99.0
Dm_00007167-RA	AT2G18170.1	N/A	50.661	227	71	8	1	189	140	363	2.47e-61	195
Dm_00006940-RA	AT2G46370.1	N/A	63.841	578	203	5	1	575	1	575	0.0	788
Dm_00017274-RA	AT5G61390.1	N/A	55.556	495	189	7	5	489	11	484	0.0	521
Dm_00018749-RA	AT2G33420.1	N/A	60.056	1064	368	15	82	1138	26	1039	0.0	1261
Dm_00007306-RA	AT1G65820.1	N/A	64.384	146	51	1	1	146	1	145	3.90e-69	205
Dm_00005277-RA	AT5G13090.1	N/A	42.188	256	125	8	48	302	35	268	1.90e-48	163
Dm_00006750-RA	AT3G17770.1	N/A	54.167	216	68	3	40	254	369	554	4.68e-66	219
Dm_00005880-RA	AT1G80840.1	N/A	47.692	325	114	12	1	296	1	298	1.32e-81	249
Dm_00005879-RA	AT1G15960.1	N/A	71.023	528	113	4	1	528	32	519	0.0	743
Dm_00006739-RA	AT1G68550.2	N/A	32.822	326	146	15	29	326	36	316	2.10e-34	128
Dm_00008895-RA	AT3G63190.1	N/A	60.355	169	36	1	39	207	79	216	7.95e-62	194
Dm_00010335-RA	AT5G11090.1	N/A	48.214	224	90	6	1	209	2	214	1.29e-50	163
Dm_00010119-RA	AT1G35660.1	N/A	49.331	1494	612	32	11	1474	27	1405	0.0	1276
Dm_00007975-RA	AT3G13620.1	N/A	71.616	458	123	2	30	487	7	457	0.0	669
Dm_00008843-RA	AT3G58030.1	N/A	50.273	366	148	11	152	496	83	435	4.06e-99	305
Dm_00010371-RA	AT3G60210.1	N/A	79.167	72	14	1	9	79	67	138	2.83e-37	121
Dm_00021083-RA	AT5G54380.1	N/A	73.042	779	189	14	2	774	92	855	0.0	1110
Dm_00021014-RA	AT4G07960.1	N/A	73.435	719	163	9	1	711	1	699	0.0	1030
Dm_00020959-RA	AT2G36540.1	N/A	48.472	229	95	5	42	265	36	246	1.78e-59	189
Dm_00020999-RA	AT1G17020.1	N/A	51.862	349	161	3	17	362	14	358	1.04e-122	373
Dm_00019708-RA	AT1G52855.1	N/A	75.000	68	17	0	1	68	1	68	2.95e-35	114
Dm_00007177-RA	AT5G62190.1	N/A	71.218	542	155	1	113	653	88	629	0.0	800
Dm_00006405-RA	AT3G60240.2	N/A	58.140	172	72	0	87	258	1551	1722	4.15e-63	214
Dm_00010905-RA	AT4G03250.1	N/A	50.385	260	105	2	71	325	3	243	2.07e-68	235
Dm_00010904-RA	AT5G19420.3	N/A	69.014	213	35	4	14	197	501	711	6.48e-92	287
Dm_00012597-RA	AT1G14870.1	N/A	61.702	141	53	1	29	168	12	152	4.79e-61	186
Dm_00002215-RA	AT3G05940.1	N/A	76.794	418	92	3	7	420	3	419	0.0	659
Dm_00002227-RA	AT4G15110.1	N/A	73.835	558	124	3	49	603	40	578	0.0	877
Dm_00002000-RA	AT2G02960.4	N/A	76.471	221	45	4	49	266	33	249	2.04e-105	311
Dm_00001997-RA	AT1G09157.1	N/A	53.846	247	86	7	1	223	1	243	1.58e-73	223
Dm_00001996-RA	AT1G14205.1	N/A	51.500	200	55	5	1	194	5	168	4.32e-56	175
Dm_00015208-RA	AT1G31930.6	N/A	66.098	879	239	11	4	862	5	844	0.0	1139
Dm_00014668-RA	AT3G14470.1	N/A	28.495	372	253	5	1	365	4	369	6.56e-38	153
Dm_00015464-RA	AT3G62720.1	N/A	75.870	460	96	4	1	452	1	453	0.0	735
Dm_00013745-RA	AT3G15260.2	N/A	68.498	273	84	1	28	298	16	288	6.70e-137	389
Dm_00015329-RA	AT5G58940.4	N/A	57.778	315	133	0	32	346	116	430	2.56e-135	395
Dm_00019774-RA	AT3G24050.1	N/A	48.598	214	88	6	7	207	58	262	1.48e-46	155
Dm_00017599-RA	AT1G11330.1	N/A	54.885	348	146	4	272	611	496	840	1.89e-127	395
Dm_00019718-RA	AT1G07350.6	N/A	63.736	91	31	1	28	118	33	121	1.19e-33	116
Dm_00019763-RA	AT5G15490.1	N/A	88.773	481	53	1	1	481	1	480	0.0	904
Dm_00019560-RA	AT2G30020.1	N/A	58.081	396	142	6	1	373	1	395	1.02e-148	426
Dm_00019679-RA	AT5G41700.3	N/A	83.019	106	18	0	1	106	1	106	3.25e-65	194
Dm_00019764-RA	AT4G19600.1	N/A	86.111	180	25	0	1	180	77	256	1.37e-115	338
Dm_00016530-RA	AT5G66740.1	N/A	66.753	388	102	5	1	385	1	364	0.0	538
Dm_00018599-RA	AT1G48405.1	N/A	30.032	313	180	9	1	308	14	292	1.02e-33	126
Dm_00018615-RA	AT3G18690.1	N/A	37.344	241	104	7	1	240	1	195	2.86e-26	102
Dm_00015888-RA	AT5G18150.1	N/A	48.913	92	31	2	1	92	1	76	6.81e-26	91.7
Dm_00018651-RA	AT5G19820.1	N/A	77.538	1064	238	1	1	1063	1	1064	0.0	1703
Dm_00018650-RA	AT5G19790.1	N/A	39.216	255	125	8	31	267	10	252	1.11e-42	146
Dm_00001149-RA	AT5G04070.1	N/A	55.495	364	153	4	10	373	1	355	5.49e-132	382
Dm_00000725-RA	AT5G57230.1	N/A	57.333	75	19	1	9	83	54	115	3.67e-26	94.4
Dm_00000745-RA	AT4G30200.2	N/A	45.515	747	299	23	3	684	11	714	0.0	532
Dm_00000748-RA	AT4G30210.2	N/A	72.727	638	161	5	11	637	12	647	0.0	914
Dm_00000764-RA	AT5G57625.1	N/A	66.165	133	45	0	87	219	75	207	6.96e-65	200
Dm_00000759-RA	AT4G30310.2	N/A	77.005	561	100	3	47	590	10	558	0.0	899
Dm_00001742-RA	AT4G34350.1	N/A	76.972	469	103	3	1	467	1	466	0.0	749
Dm_00001744-RA	AT4G34320.1	N/A	65.736	394	110	3	1	394	1	369	8.74e-169	477
Dm_00001349-RA	AT1G49890.1	N/A	40.497	684	296	26	1	624	1	633	2.14e-110	346
Dm_00001363-RA	AT1G27461.1	N/A	40.104	384	185	12	1	369	1	354	7.25e-76	239
Dm_00001366-RA	AT1G30755.1	N/A	49.515	618	268	14	1	606	1	586	0.0	529
Dm_00001873-RA	AT5G63770.2	N/A	68.247	696	215	5	22	716	22	712	0.0	986
Dm_00001874-RA	AT2G44500.1	N/A	63.879	562	186	4	18	569	18	572	0.0	723
Dm_00001872-RA	AT5G08720.1	N/A	66.717	658	203	5	23	670	66	717	0.0	862
Dm_00020346-RA	AT3G29230.1	N/A	36.278	532	314	8	16	540	26	539	2.60e-115	354
Dm_00020427-RA	AT3G16770.1	N/A	50.365	137	56	4	1	126	1	136	6.27e-37	132
Dm_00018840-RA	AT3G03280.1	N/A	40.541	185	88	4	1	183	1	165	3.13e-41	137
Dm_00017058-RA	AT5G13200.1	N/A	61.328	256	93	2	7	261	16	266	4.69e-120	345
Dm_00020338-RA	AT2G02080.5	N/A	43.396	530	182	16	34	543	48	479	2.00e-112	345
Dm_00018902-RA	AT3G11690.1	N/A	38.788	165	74	4	50	201	55	205	2.80e-25	99.4
Dm_00018952-RA	AT3G01050.1	N/A	54.701	117	53	0	1	117	1	117	1.66e-47	148
Dm_00005280-RA	AT5G49690.1	N/A	43.534	464	199	9	14	435	9	451	1.96e-123	367
Dm_00005281-RA	AT3G04670.1	N/A	47.550	347	137	10	40	376	1	312	1.66e-91	279
Dm_00006102-RA	AT2G41460.4	N/A	54.705	457	172	6	23	472	61	489	2.09e-176	504
Dm_00005804-RA	AT1G07570.2	N/A	66.774	310	103	0	16	325	27	336	6.19e-160	458
Dm_00003991-RA	AT3G28210.2	N/A	63.905	169	59	1	1	167	1	169	6.40e-71	213
Dm_00004092-RA	AT2G42610.1	N/A	77.027	148	29	2	26	169	2	148	5.27e-83	244
Dm_00007680-RA	AT1G79400.1	N/A	36.982	868	428	24	7	854	6	774	8.49e-167	504
Dm_00000501-RA	AT3G59080.1	N/A	59.538	519	172	8	48	566	55	535	0.0	610
Dm_00001028-RA	AT3G24480.1	N/A	68.029	416	117	2	44	458	34	434	0.0	556
Dm_00001066-RA	AT1G15410.2	N/A	50.397	252	117	2	86	333	79	326	1.19e-88	270
Dm_00000952-RA	AT3G26744.2	N/A	45.714	525	199	14	53	559	37	493	1.33e-125	378
Dm_00000960-RA	AT1G30240.2	N/A	47.654	682	310	9	1	653	1	664	0.0	610
Dm_00000991-RA	AT4G30440.1	N/A	83.953	430	65	2	7	436	2	427	0.0	741
Dm_00006219-RA	AT3G45640.1	N/A	82.016	367	66	0	15	381	4	370	0.0	645
Dm_00005885-RA	AT2G41945.1	N/A	68.644	118	37	0	1	118	1	118	4.32e-56	172
Dm_00009177-RA	AT5G66320.2	N/A	37.184	277	151	7	84	350	54	317	2.28e-37	137
Dm_00009176-RA	AT4G01575.1	N/A	54.762	126	52	3	21	145	23	144	1.02e-41	136
Dm_00010633-RA	AT4G15020.2	N/A	34.361	454	262	11	161	600	178	609	1.51e-68	237
Dm_00010473-RA	AT3G27690.2	N/A	84.644	267	40	1	1	267	33	298	1.43e-171	476
Dm_00001392-RA	AT5G63830.1	N/A	53.282	259	114	3	203	460	123	375	5.28e-93	288
Dm_00001408-RA	AT5G04820.1	N/A	39.914	233	114	9	19	228	11	240	3.45e-35	128
Dm_00001713-RA	AT1G68460.1	N/A	52.229	314	133	3	34	343	54	354	1.27e-104	311
Dm_00001860-RA	AT3G48510.1	N/A	39.210	329	144	15	7	316	3	294	7.45e-45	155
Dm_00015290-RA	AT3G07470.3	N/A	69.524	105	32	0	2	106	43	147	1.53e-52	163
Dm_00014885-RA	AT4G37260.1	N/A	42.754	276	125	8	10	262	11	276	1.63e-53	176
Dm_00014654-RA	AT5G60440.1	N/A	38.068	176	90	4	2	171	5	167	6.48e-30	115
Dm_00013731-RA	AT1G74160.1	N/A	41.732	1016	459	39	65	1044	106	1024	0.0	565
Dm_00014590-RA	AT2G25800.1	N/A	70.133	375	108	3	41	413	615	987	0.0	568
Dm_00014987-RA	AT2G42280.1	N/A	39.614	207	86	6	278	463	129	317	1.58e-25	108
Dm_00013744-RA	AT3G23070.1	N/A	67.405	316	81	3	7	300	487	802	1.05e-140	420
Dm_00014004-RA	AT3G57800.2	N/A	42.379	269	128	6	1	267	1	244	5.19e-46	158
Dm_00018382-RA	AT2G05940.1	N/A	60.836	383	139	4	5	379	4	383	1.54e-164	472
Dm_00003903-RA	AT5G53670.1	N/A	36.158	177	88	4	6	166	65	232	2.46e-25	97.8
Dm_00003855-RA	AT4G33050.2	N/A	56.396	555	200	8	38	583	2	523	0.0	575
Dm_00003858-RA	AT2G19460.1	N/A	44.531	128	54	3	1	128	1	111	3.05e-22	88.6
Dm_00004003-RA	AT5G24030.1	N/A	55.058	514	181	7	20	502	89	583	0.0	558
Dm_00004450-RA	AT3G14470.1	N/A	32.877	438	282	5	35	465	39	471	9.12e-72	259
Dm_00004454-RA	AT1G03920.1	N/A	75.319	470	98	2	35	486	58	527	0.0	741
Dm_00004447-RA	AT3G14470.1	N/A	27.881	1076	640	27	36	1078	39	1011	5.55e-97	334
Dm_00020717-RA	AT2G17220.2	N/A	48.134	268	123	5	22	288	119	371	5.31e-83	256
Dm_00020669-RA	AT3G62390.2	N/A	49.409	423	161	7	1	420	1	373	8.32e-139	411
Dm_00010326-RA	AT5G35550.1	N/A	51.020	196	82	3	1	194	1	184	1.02e-61	195
Dm_00000531-RA	AT1G08720.1	N/A	51.031	970	382	21	15	930	1	931	0.0	872
Dm_00000549-RA	AT1G08830.2	N/A	80.000	145	29	0	1	145	1	145	2.10e-81	236
Dm_00000554-RA	AT1G08860.1	N/A	59.083	589	181	9	1	540	1	578	0.0	687
Dm_00000566-RA	AT5G27380.1	N/A	65.619	509	153	3	76	584	52	538	0.0	698
Dm_00017025-RA	AT3G11760.1	N/A	44.757	782	308	22	1	747	1	693	0.0	570
Dm_00005520-RA	AT4G21770.1	N/A	66.080	398	120	4	8	400	75	462	0.0	564
Dm_00006857-RA	AT1G47578.1	N/A	64.583	240	76	1	53	292	45	275	9.96e-118	340
Dm_00000941-RA	AT4G28720.1	N/A	69.877	405	114	3	8	411	10	407	0.0	611
Dm_00000347-RA	AT2G34460.1	N/A	71.774	248	64	4	1	246	35	278	6.81e-127	361
Dm_00000357-RA	AT1G66330.1	N/A	57.944	428	148	9	1	424	1	400	5.11e-142	413
Dm_00000358-RA	AT1G66345.1	N/A	42.992	528	283	8	24	541	22	541	2.03e-148	437
Dm_00000389-RA	AT1G24620.1	N/A	71.812	149	42	0	54	202	33	181	7.49e-76	226
Dm_00018647-RA	AT4G27280.1	N/A	69.298	114	35	0	4	117	13	126	1.50e-52	162
Dm_00004253-RA	AT1G20160.2	N/A	46.314	719	351	10	294	1000	22	717	0.0	620
Dm_00003526-RA	AT2G29510.1	N/A	31.068	927	492	27	34	936	36	839	3.99e-82	283
Dm_00004207-RA	AT3G61860.1	N/A	65.909	264	61	5	2	241	1	259	1.78e-111	321
Dm_00003824-RA	AT2G45360.1	N/A	39.474	152	69	2	6	157	18	146	1.48e-26	105
Dm_00003828-RA	AT3G60810.2	N/A	76.974	152	30	2	16	167	60	206	2.71e-80	237
Dm_00019769-RA	AT1G72640.1	N/A	51.906	341	97	8	1	329	1	286	4.77e-102	303
Dm_00012032-RA	AT2G42220.1	N/A	74.396	207	40	2	59	265	38	231	5.90e-108	312
Dm_00004101-RA	AT4G08500.1	N/A	40.828	676	242	20	8	611	3	592	4.02e-130	404
Dm_00004483-RA	AT5G05140.1	N/A	43.249	474	198	17	5	448	4	436	2.31e-100	307
Dm_00004078-RA	AT1G21340.1	N/A	37.319	276	117	13	19	273	20	260	1.21e-38	136
Dm_00004350-RA	AT5G67385.1	N/A	61.646	644	191	11	36	663	1	604	0.0	771
Dm_00004026-RA	AT4G07960.1	N/A	74.897	725	151	9	1	720	1	699	0.0	1056
Dm_00004033-RA	AT1G10020.1	N/A	64.570	477	128	9	1	455	1	458	0.0	558
Dm_00012014-RA	AT3G09830.3	N/A	62.972	424	95	4	1	413	1	373	0.0	511
Dm_00012846-RA	AT1G74700.1	N/A	68.953	277	86	0	29	305	3	279	1.17e-147	416
Dm_00010445-RA	AT1G71340.1	N/A	53.871	310	105	4	25	300	21	326	2.13e-105	310
Dm_00010479-RA	AT3G14470.1	N/A	31.323	514	295	21	3	503	444	912	5.01e-46	173
Dm_00012267-RA	AT4G26060.1	N/A	64.706	102	30	2	60	155	14	115	6.25e-40	134
Dm_00012833-RA	AT3G11220.1	N/A	62.571	350	115	5	59	400	14	355	2.96e-142	409
Dm_00008166-RA	AT2G31190.1	N/A	71.202	441	117	2	1	441	1	431	0.0	643
Dm_00008167-RA	AT2G40600.1	N/A	60.800	125	44	1	10	134	89	208	1.97e-50	161
Dm_00011848-RA	AT3G44260.1	N/A	71.841	277	62	3	10	283	17	280	1.06e-140	397
Dm_00002877-RA	AT5G50170.1	N/A	48.721	938	445	10	202	1112	97	1025	0.0	912
Dm_00003344-RA	AT2G45910.1	N/A	57.944	535	206	4	429	955	308	831	0.0	627
Dm_00004725-RA	AT3G23410.1	N/A	60.069	581	221	4	120	691	167	745	0.0	684
Dm_00004360-RA	AT5G52020.1	N/A	52.660	188	78	3	79	265	54	231	2.95e-47	157
Dm_00005135-RA	AT1G04760.2	N/A	85.388	219	32	0	1	219	1	219	1.64e-137	384
Dm_00000651-RA	AT5G11550.1	N/A	44.875	361	134	8	52	405	11	313	5.60e-72	228
Dm_00000255-RA	AT3G02645.1	N/A	36.549	539	290	10	7	542	9	498	2.12e-110	340
Dm_00000264-RA	AT2G15580.1	N/A	44.828	203	97	5	1	196	1	195	3.30e-48	156
Dm_00000296-RA	AT4G24900.1	N/A	43.510	416	162	13	6	351	2	414	3.89e-95	293
Dm_00000524-RA	AT5G28150.1	N/A	59.272	302	107	5	1	299	1	289	4.42e-126	361
Dm_00019080-RA	AT5G24318.2	N/A	52.164	439	204	4	21	453	10	448	1.28e-159	459
Dm_00015002-RA	AT2G30570.1	N/A	56.376	149	45	5	4	150	3	133	7.21e-39	128
Dm_00013191-RA	AT5G51800.1	N/A	49.847	654	257	14	361	974	349	971	0.0	613
Dm_00014164-RA	AT5G22400.1	N/A	62.408	407	123	5	68	471	87	466	2.78e-169	485
Dm_00007448-RA	AT3G12160.1	N/A	74.439	223	53	4	1	223	1	219	1.51e-122	347
Dm_00007566-RA	AT1G09140.3	N/A	74.490	196	48	1	5	200	1	194	3.33e-96	282
Dm_00000092-RA	AT3G19360.1	N/A	41.515	330	162	14	48	359	60	376	4.99e-68	219
Dm_00000106-RA	AT2G26640.1	N/A	79.637	496	101	0	14	509	12	507	0.0	867
Dm_00000163-RA	AT1G20823.1	N/A	64.384	146	41	3	18	154	21	164	8.99e-57	177
Dm_00000156-RA	AT1G76360.1	N/A	64.198	243	87	0	35	277	215	457	4.98e-106	318
Dm_00000157-RA	AT1G76360.1	N/A	63.441	93	34	0	68	160	123	215	5.37e-35	127
Dm_00007363-RA	AT1G70780.1	N/A	45.802	131	59	4	25	155	17	135	3.02e-29	104
Dm_00008216-RA	AT5G23290.1	N/A	73.333	120	32	0	12	131	3	122	1.42e-62	188
Dm_00007129-RA	AT5G04760.1	N/A	68.391	174	44	3	19	192	5	167	4.14e-73	222
Dm_00004943-RA	AT4G28720.1	N/A	69.975	403	116	3	9	406	9	411	0.0	606
Dm_00005767-RA	AT3G46290.1	N/A	61.021	862	291	13	1	849	1	830	0.0	1025
Dm_00005844-RA	AT2G19910.1	N/A	38.462	676	273	12	78	749	455	991	5.09e-127	403
Dm_00004471-RA	AT1G64640.1	N/A	57.246	138	48	4	42	178	33	160	9.81e-48	155
Dm_00005528-RA	AT1G77810.2	N/A	75.141	354	80	3	12	365	39	384	0.0	563
Dm_00000722-RA	AT5G26990.1	N/A	35.968	253	126	9	1	250	1	220	3.26e-37	130
Dm_00000708-RA	AT5G60860.1	N/A	97.297	74	2	0	1	74	1	74	3.51e-47	149
Dm_00000723-RA	AT1G28380.1	N/A	57.541	610	250	6	7	613	8	611	0.0	717
Dm_00000900-RA	AT4G16600.1	N/A	62.777	497	172	3	1	487	1	494	0.0	661
Dm_00000414-RA	AT5G24630.8	N/A	46.983	232	62	4	175	404	226	398	5.44e-54	185
Dm_00000408-RA	AT5G17210.1	N/A	50.222	225	91	3	2	223	1	207	2.68e-75	226
Dm_00000418-RA	AT5G54130.2	N/A	69.583	480	95	5	15	488	1	435	0.0	672
Dm_00012632-RA	AT4G25370.1	N/A	54.225	142	58	2	60	199	85	221	3.47e-39	143
Dm_00013393-RA	AT3G14470.1	N/A	30.503	954	547	31	38	956	40	912	3.60e-103	347
Dm_00015003-RA	AT5G11950.3	N/A	73.039	204	55	0	1	204	1	204	3.92e-115	327
Dm_00017893-RA	AT5G60920.1	N/A	73.913	437	108	1	55	485	5	441	0.0	718
Dm_00017894-RA	AT5G15630.1	N/A	78.987	395	63	1	1	395	37	411	0.0	674
Dm_00015937-RA	AT3G15210.1	N/A	60.317	126	38	3	12	128	9	131	1.16e-39	136
Dm_00017067-RA	AT1G55190.1	N/A	59.669	181	69	1	1	181	1	177	4.20e-68	211
Dm_00016602-RA	AT5G47780.1	N/A	61.493	683	192	9	6	685	1	615	0.0	845
Dm_00018035-RA	AT1G67700.5	N/A	62.174	230	77	4	6	235	3	222	7.25e-97	282
Dm_00017484-RA	AT2G30900.1	N/A	48.442	353	170	6	6	350	17	365	1.04e-122	358
Dm_00018068-RA	AT1G50600.3	N/A	63.172	372	137	0	253	624	154	525	1.76e-172	501
Dm_00004172-RA	AT1G32810.2	N/A	46.588	337	143	12	788	1104	694	1013	3.81e-61	228
Dm_00011607-RA	AT2G41640.1	N/A	56.751	511	186	11	29	535	13	492	0.0	563
Dm_00007259-RA	AT5G13020.1	N/A	58.065	403	141	9	20	411	11	396	1.48e-148	427
Dm_00006790-RA	AT3G14470.1	N/A	31.308	428	244	18	6	414	520	916	1.89e-31	132
Dm_00006642-RA	AT3G28880.1	N/A	47.959	196	96	2	294	489	2	191	4.34e-46	174
Dm_00006019-RA	AT5G53670.1	N/A	36.041	197	101	6	16	194	33	222	1.45e-24	97.4
Dm_00016245-RA	AT1G76680.1	N/A	74.138	232	55	1	2	233	145	371	4.21e-129	369
Dm_00014581-RA	AT5G37860.1	N/A	54.762	84	38	0	49	132	9	92	2.49e-24	97.8
Dm_00016891-RA	AT3G12620.1	N/A	71.538	390	94	4	3	391	4	377	0.0	573
Dm_00016062-RA	AT1G34370.2	N/A	55.212	518	175	12	3	501	1	480	4.59e-180	515
Dm_00013596-RA	AT3G05210.1	N/A	60.539	408	128	6	2	403	5	385	6.45e-162	462
Dm_00014840-RA	AT2G31810.3	N/A	69.195	435	92	4	71	505	75	467	0.0	588
Dm_00006822-RA	AT1G64940.1	N/A	57.736	530	195	8	1	528	1	503	0.0	603
Dm_00016567-RA	AT4G09810.1	N/A	69.912	339	87	2	49	387	6	329	2.32e-173	487
Dm_00016547-RA	AT1G51200.4	N/A	54.696	181	66	4	1	173	1	173	1.31e-55	173
Dm_00000998-RA	AT4G30510.1	N/A	61.690	355	124	3	9	353	8	360	2.87e-162	459
Dm_00000779-RA	AT2G36320.1	N/A	50.000	178	68	3	1	174	1	161	8.79e-56	173
Dm_00000785-RA	AT2G36270.2	N/A	47.619	441	166	11	47	451	31	442	1.24e-99	305
Dm_00000809-RA	AT5G06130.2	N/A	74.597	248	63	0	26	273	68	315	2.67e-135	385
Dm_00000239-RA	AT1G64970.1	N/A	65.075	335	114	2	19	350	14	348	1.24e-154	438
Dm_00001113-RA	AT3G07360.1	N/A	54.603	478	194	8	1	473	1	460	1.47e-175	501
Dm_00011267-RA	AT1G07010.1	N/A	69.435	301	92	0	19	319	62	362	1.89e-155	441
Dm_00021097-RA	AT2G07180.1	N/A	61.468	436	157	4	58	486	8	439	0.0	534
Dm_00021008-RA	AT2G24220.2	N/A	67.705	353	114	0	7	359	5	357	3.28e-151	433
Dm_00012773-RA	AT3G05840.2	N/A	77.419	403	65	2	1	377	1	403	0.0	653
Dm_00012919-RA	AT2G25290.1	N/A	52.483	745	290	13	1	687	1	739	0.0	732
Dm_00011473-RA	AT4G11440.1	N/A	48.611	432	202	8	172	595	156	575	1.44e-122	375
Dm_00011438-RA	AT3G28630.2	N/A	53.488	172	70	6	1	172	33	194	8.81e-53	181
