Dm_00007424-RA	AT3G11960.2	N/A	57.426	101	41	1	30	128	1228	1328	7.93e-30	112
Dm_00007086-RA	AT1G79850.1	N/A	65.693	137	38	3	31	162	17	149	1.77e-49	156
Dm_00007007-RA	AT3G61150.1	N/A	37.172	686	373	14	3	676	166	805	1.03e-136	421
Dm_00007457-RA	AT1G27050.1	N/A	44.811	212	108	4	1	210	1	205	1.07e-48	158
Dm_00007454-RA	AT1G14420.1	N/A	56.739	460	177	7	1	439	1	459	0.0	530
Dm_00006516-RA	AT1G03560.1	N/A	65.738	610	207	2	44	652	46	654	0.0	863
Dm_00006698-RA	AT4G16510.1	N/A	69.397	232	68	2	3	234	4	232	3.80e-115	329
Dm_00006841-RA	AT2G32040.1	N/A	80.702	399	73	1	1	395	162	560	0.0	594
Dm_00006297-RA	AT5G09550.1	N/A	82.432	444	72	1	1	438	1	444	0.0	763
Dm_00006816-RA	AT3G24860.1	N/A	44.262	122	60	5	80	198	53	169	4.06e-26	107
Dm_00009247-RA	AT1G71220.3	N/A	76.596	94	22	0	1	94	1089	1182	4.25e-46	158
Dm_00009246-RA	AT1G71220.2	N/A	56.818	176	61	5	1	164	1159	1331	6.95e-51	179
Dm_00016469-RA	AT5G23140.1	N/A	83.544	237	35	1	10	242	4	240	2.58e-147	412
Dm_00015832-RA	AT5G19380.1	N/A	63.824	387	134	3	42	426	52	434	5.57e-154	444
Dm_00015858-RA	AT4G29010.1	N/A	63.175	611	173	2	32	642	153	711	0.0	798
Dm_00007317-RA	AT5G57780.1	N/A	34.615	182	79	5	16	197	11	152	1.40e-25	97.8
Dm_00006850-RA	AT4G08310.1	N/A	48.235	425	195	7	17	431	33	442	9.68e-103	317
Dm_00006439-RA	AT5G14060.1	N/A	72.483	447	93	5	44	490	40	456	0.0	638
Dm_00007781-RA	AT3G17300.3	N/A	77.778	72	15	1	1	72	1	71	1.49e-38	124
Dm_00008433-RA	AT3G60245.1	N/A	95.604	91	4	0	34	124	1	91	5.15e-59	178
Dm_00008615-RA	AT2G44710.1	N/A	57.003	614	219	12	100	685	183	779	0.0	607
Dm_00008197-RA	AT1G71230.1	N/A	77.134	328	62	2	7	334	4	318	3.08e-178	498
Dm_00008988-RA	AT1G54100.2	N/A	78.982	452	60	1	12	428	42	493	0.0	723
Dm_00007924-RA	AT5G17270.1	N/A	53.532	906	350	14	1	856	1	885	0.0	890
Dm_00008783-RA	AT2G44820.2	N/A	44.286	140	71	2	40	179	14	146	4.20e-25	97.4
Dm_00020819-RA	AT1G43760.1	N/A	30.588	255	170	5	472	721	204	456	3.87e-28	120
Dm_00020921-RA	AT4G34160.1	N/A	55.068	296	123	5	1	294	1	288	1.59e-104	312
Dm_00017525-RA	AT5G58620.1	N/A	48.413	756	222	26	10	758	13	607	0.0	580
Dm_00018160-RA	AT3G58610.2	N/A	87.732	538	64	2	58	594	55	591	0.0	987
Dm_00015574-RA	AT1G33390.1	N/A	57.404	601	208	5	11	609	642	1196	0.0	659
Dm_00016802-RA	AT5G08570.3	N/A	86.640	509	68	0	1	509	1	509	0.0	934
Dm_00005688-RA	AT2G44710.1	N/A	55.164	794	314	16	1	767	1	779	0.0	675
Dm_00006882-RA	AT3G15120.1	N/A	47.353	340	162	6	1	329	1272	1605	1.98e-79	277
Dm_00006774-RA	AT5G64650.1	N/A	88.679	159	18	0	1	159	1	159	3.53e-104	295
Dm_00009934-RA	AT4G05150.1	N/A	43.371	445	190	20	9	419	42	458	2.26e-73	238
Dm_00006819-RA	AT3G02530.1	N/A	86.343	432	49	1	1	432	113	534	0.0	779
Dm_00009084-RA	AT5G40200.1	N/A	74.545	605	129	5	1	597	1	588	0.0	863
Dm_00008390-RA	AT5G16860.1	N/A	58.137	848	335	5	20	866	22	850	0.0	1011
Dm_00017248-RA	AT3G02760.2	N/A	57.110	879	334	12	24	879	22	880	0.0	918
Dm_00015692-RA	AT3G49080.1	N/A	77.561	205	45	1	11	215	227	430	2.47e-112	328
Dm_00016201-RA	AT4G23990.1	N/A	56.745	467	195	4	1	465	281	742	0.0	548
Dm_00018668-RA	AT3G14040.1	N/A	59.475	343	135	2	49	391	102	440	1.02e-148	429
Dm_00018439-RA	AT1G22160.1	N/A	51.049	143	56	4	2	136	1	137	6.47e-39	129
Dm_00018210-RA	AT4G36130.1	N/A	91.085	258	23	0	1	258	1	258	3.22e-180	495
Dm_00018569-RA	AT5G15980.1	N/A	45.298	638	314	12	40	664	53	668	2.81e-168	497
Dm_00020808-RA	AT3G16780.1	N/A	87.978	183	22	0	1	183	1	183	1.57e-116	329
Dm_00017416-RA	AT2G33180.1	N/A	51.748	143	56	2	32	174	37	166	1.33e-44	145
Dm_00010657-RA	AT1G69350.1	N/A	50.859	757	356	11	51	802	1	746	0.0	748
Dm_00009454-RA	AT3G48990.1	N/A	76.505	515	118	2	1	514	1	513	0.0	800
Dm_00010838-RA	AT5G49910.1	N/A	83.214	560	86	2	27	584	164	717	0.0	912
Dm_00008306-RA	AT1G09795.1	N/A	75.000	344	79	1	49	392	50	386	0.0	533
Dm_00014926-RA	AT2G39710.1	N/A	62.413	431	146	7	6	432	22	440	0.0	539
Dm_00002531-RA	AT5G63620.1	N/A	73.698	384	81	2	72	436	44	426	0.0	600
Dm_00003406-RA	AT5G05320.1	N/A	49.107	224	110	2	2	225	4	223	4.17e-68	215
Dm_00003409-RA	AT2G20940.2	N/A	56.835	139	45	3	12	150	4	127	5.23e-46	146
Dm_00003831-RA	AT2G19940.3	N/A	62.615	436	105	2	83	518	12	389	0.0	556
Dm_00003007-RA	AT4G17670.1	N/A	47.458	177	69	6	6	179	4	159	2.66e-40	134
Dm_00003184-RA	AT1G13700.1	N/A	61.303	261	98	3	7	265	7	266	2.05e-114	330
Dm_00019024-RA	AT5G51740.1	N/A	58.022	455	163	10	1	440	1	442	2.05e-179	508
Dm_00018603-RA	AT5G38720.3	N/A	65.772	149	50	1	171	318	165	313	2.95e-65	208
Dm_00018221-RA	AT2G30150.2	N/A	49.664	447	219	5	13	457	13	455	7.66e-163	468
Dm_00019027-RA	AT1G43760.1	N/A	28.636	220	132	4	41	256	172	370	3.46e-27	110
Dm_00017544-RA	AT3G02090.1	N/A	75.376	532	125	2	1	529	1	529	0.0	837
Dm_00012964-RA	AT1G16870.1	N/A	69.756	410	113	3	18	416	70	479	0.0	574
Dm_00012510-RA	AT1G26190.1	N/A	70.250	679	174	7	1	657	1	673	0.0	949
Dm_00012582-RA	AT3G10840.4	N/A	54.220	391	150	7	14	401	8	372	2.02e-142	414
Dm_00013134-RA	AT3G12150.1	N/A	77.994	359	77	2	1	357	4	362	0.0	566
Dm_00013562-RA	AT4G05410.1	N/A	46.377	276	130	6	4	279	2	259	1.91e-58	202
Dm_00012458-RA	AT3G03630.1	N/A	73.529	136	36	0	94	229	161	296	1.72e-58	190
Dm_00002793-RA	AT3G04810.1	N/A	51.306	651	251	20	1	633	1	603	0.0	550
Dm_00002567-RA	AT4G13750.1	N/A	44.192	2772	1348	55	21	2733	88	2719	0.0	2108
Dm_00002359-RA	AT2G15690.1	N/A	60.158	379	147	2	213	591	205	579	1.34e-173	504
Dm_00002997-RA	AT4G26270.1	N/A	72.222	468	71	3	11	440	6	452	0.0	672
Dm_00002996-RA	AT1G51965.1	N/A	61.897	643	239	4	12	652	15	653	0.0	819
Dm_00002994-RA	AT1G47890.1	N/A	37.015	1005	547	14	624	1573	46	1019	3.45e-163	521
Dm_00018547-RA	AT3G56970.1	N/A	49.405	168	75	3	85	250	65	224	3.43e-39	137
Dm_00019553-RA	AT4G29080.1	N/A	47.761	268	110	9	8	260	21	273	8.51e-59	189
Dm_00019580-RA	AT3G19950.1	N/A	45.181	332	136	5	1	322	5	300	1.11e-87	268
Dm_00019360-RA	AT1G48110.1	N/A	43.348	669	320	13	85	735	11	638	1.85e-168	499
Dm_00019371-RA	AT1G17260.1	N/A	74.472	521	115	3	235	742	432	947	0.0	795
Dm_00009666-RA	AT5G38470.1	N/A	64.560	364	93	6	3	337	22	378	7.31e-151	429
Dm_00011015-RA	AT3G49660.1	N/A	69.279	319	85	3	18	336	6	311	1.06e-168	472
Dm_00011016-RA	AT1G65540.3	N/A	71.045	670	182	6	98	761	56	719	0.0	888
Dm_00012414-RA	AT4G25040.1	N/A	37.500	144	84	1	6	149	32	169	3.43e-22	87.8
Dm_00012046-RA	AT1G70280.2	N/A	61.924	499	162	6	4	478	1	495	0.0	565
Dm_00012045-RA	AT1G60070.1	N/A	73.864	880	207	7	1	878	1	859	0.0	1355
Dm_00012176-RA	AT1G79690.2	N/A	66.592	449	148	1	9	457	3	449	0.0	626
Dm_00012299-RA	AT5G53970.1	N/A	73.086	405	104	2	19	419	9	412	0.0	631
Dm_00013442-RA	AT2G36670.2	N/A	63.732	477	156	5	26	499	38	500	0.0	619
Dm_00020801-RA	AT5G26150.1	N/A	64.115	418	147	3	98	514	286	701	0.0	564
Dm_00008022-RA	AT1G62340.1	N/A	57.210	846	307	8	7	835	22	829	0.0	936
Dm_00008867-RA	AT5G14530.1	N/A	78.966	290	61	0	31	320	25	314	2.81e-178	497
Dm_00009286-RA	AT1G18260.1	N/A	80.386	311	55	1	24	328	339	649	0.0	535
Dm_00008497-RA	AT1G77180.1	N/A	72.801	614	149	10	1	601	1	609	0.0	820
Dm_00009182-RA	AT1G77660.1	N/A	56.030	398	162	5	4	400	3	388	1.86e-147	426
Dm_00002985-RA	AT2G31660.1	N/A	70.588	1037	275	8	1	1009	1	1035	0.0	1452
Dm_00002499-RA	AT3G22450.2	N/A	44.755	286	114	6	66	349	49	292	4.88e-66	212
Dm_00002409-RA	AT5G67220.1	N/A	72.868	387	96	2	39	422	28	408	0.0	583
Dm_00002416-RA	AT3G50120.1	N/A	53.632	468	175	10	55	498	73	522	5.08e-170	490
Dm_00015882-RA	AT3G55260.1	N/A	57.524	525	157	6	17	475	10	534	0.0	587
Dm_00018430-RA	AT3G02550.1	N/A	49.455	275	116	4	1	273	1	254	7.82e-83	249
Dm_00018048-RA	AT4G27750.1	N/A	59.091	352	94	2	1	349	1	305	6.54e-142	404
Dm_00018049-RA	AT4G27680.1	N/A	76.031	388	89	3	2	387	3	388	0.0	593
Dm_00017595-RA	AT2G14960.1	N/A	78.852	610	107	4	1	609	1	589	0.0	994
Dm_00017479-RA	AT5G66680.1	N/A	72.406	424	116	1	5	428	2	424	0.0	645
Dm_00017916-RA	AT4G39690.1	N/A	68.142	113	36	0	1	113	538	650	8.75e-47	159
Dm_00017915-RA	AT4G39690.1	N/A	67.442	86	28	0	4	89	454	539	1.08e-34	124
Dm_00017913-RA	AT4G39690.1	N/A	41.912	136	52	2	315	450	274	382	1.23e-21	98.2
Dm_00009900-RA	AT1G68990.1	N/A	62.114	1003	344	8	1	994	1	976	0.0	1281
Dm_00009899-RA	AT2G04030.1	N/A	78.882	805	144	5	1	805	1	779	0.0	1272
Dm_00010878-RA	AT1G79150.1	N/A	53.191	846	335	11	22	851	1	801	0.0	830
Dm_00009239-RA	AT2G40760.1	N/A	76.816	358	80	2	101	456	98	454	0.0	582
Dm_00014310-RA	AT1G49910.1	N/A	86.228	334	46	0	9	342	5	338	0.0	620
Dm_00012916-RA	AT3G12930.1	N/A	65.761	184	54	1	96	270	54	237	1.83e-85	255
Dm_00012917-RA	AT1G16610.7	N/A	57.927	164	50	6	12	168	120	271	5.35e-36	134
Dm_00015198-RA	AT3G57090.2	N/A	51.462	171	53	7	1	143	1	169	5.40e-48	152
Dm_00014916-RA	AT5G53850.2	N/A	71.042	518	120	2	21	538	14	501	0.0	755
Dm_00015850-RA	AT3G16810.1	N/A	54.503	644	243	7	51	674	28	641	0.0	664
Dm_00003041-RA	AT3G27230.1	N/A	72.115	416	108	4	1	415	1	409	0.0	615
Dm_00003031-RA	AT1G20030.1	N/A	70.175	228	64	3	2	227	5	230	1.05e-114	331
Dm_00002836-RA	AT1G49540.1	N/A	64.755	837	281	9	4	833	5	834	0.0	1095
Dm_00002823-RA	AT5G08680.1	N/A	85.178	533	71	3	24	554	32	558	0.0	915
Dm_00019142-RA	AT5G61220.2	N/A	56.627	83	36	0	10	92	3	85	1.43e-28	99.0
Dm_00018158-RA	AT5G47940.1	N/A	36.408	412	200	11	17	415	13	375	8.20e-61	218
Dm_00018203-RA	AT3G46740.1	N/A	74.063	694	171	3	123	813	129	816	0.0	1095
Dm_00018131-RA	AT5G14030.3	N/A	61.828	186	62	3	16	192	10	195	2.36e-76	227
Dm_00018011-RA	AT4G13420.1	N/A	53.358	804	296	8	4	774	28	785	0.0	843
Dm_00016927-RA	AT3G14900.1	N/A	55.226	641	211	13	65	660	1	610	0.0	656
Dm_00017854-RA	AT1G80570.3	N/A	60.430	465	179	2	1	462	1	463	0.0	555
Dm_00018205-RA	AT2G28315.1	N/A	70.166	362	80	2	64	425	1	334	1.67e-173	489
Dm_00017908-RA	AT2G03200.1	N/A	47.664	428	209	7	30	448	34	455	1.38e-134	395
Dm_00006250-RA	AT4G02800.1	N/A	51.244	201	76	5	66	255	110	299	7.34e-51	170
Dm_00006359-RA	AT1G36095.1	N/A	51.899	79	38	0	3	81	137	215	4.65e-22	87.0
Dm_00005361-RA	AT1G53390.1	N/A	59.659	1056	376	11	4	1041	86	1109	0.0	1258
Dm_00005968-RA	AT1G03860.1	N/A	80.669	269	50	1	2	270	1	267	2.78e-165	461
Dm_00005966-RA	AT2G38280.1	N/A	70.016	637	143	3	145	762	230	837	0.0	937
Dm_00012979-RA	AT2G39130.1	N/A	66.007	556	158	7	8	543	6	550	0.0	724
Dm_00015287-RA	AT1G17840.1	N/A	80.540	704	126	3	27	722	1	701	0.0	1121
Dm_00015730-RA	AT3G45300.1	N/A	79.899	398	52	3	42	431	32	409	0.0	624
Dm_00018991-RA	AT2G05830.1	N/A	75.482	363	89	0	14	376	2	364	0.0	543
Dm_00006332-RA	AT1G06070.1	N/A	68.027	294	80	4	52	342	50	332	4.18e-133	389
Dm_00016130-RA	AT2G17250.1	N/A	52.586	580	189	8	1	506	1	568	0.0	572
Dm_00019274-RA	AT2G03270.1	N/A	82.484	628	109	1	13	639	5	632	0.0	1056
Dm_00019334-RA	AT4G29090.1	N/A	28.502	207	134	3	2	196	120	324	2.33e-22	95.5
Dm_00018845-RA	AT3G61110.1	N/A	94.118	85	5	0	6	90	2	86	1.48e-57	171
Dm_00014791-RA	AT4G38420.1	N/A	65.591	186	63	1	80	264	359	544	1.10e-80	253
Dm_00015444-RA	AT2G20050.1	N/A	68.992	774	195	5	1	759	1	744	0.0	1045
Dm_00014911-RA	AT1G29900.1	N/A	78.987	533	93	3	523	1044	659	1183	0.0	865
Dm_00015081-RA	AT5G15410.1	N/A	65.211	733	230	9	10	726	3	726	0.0	906
Dm_00015481-RA	AT1G12000.1	N/A	84.444	540	83	1	36	574	27	566	0.0	957
Dm_00014427-RA	AT3G43190.2	N/A	77.340	812	179	2	1	811	1	808	0.0	1324
Dm_00002943-RA	AT2G27210.1	N/A	91.995	862	67	2	3	864	147	1006	0.0	1563
Dm_00002929-RA	AT1G18800.1	N/A	79.747	158	29	1	1	155	1	158	9.13e-85	250
Dm_00002620-RA	AT3G57660.2	N/A	48.953	1720	772	28	1	1692	1	1642	0.0	1555
Dm_00002621-RA	AT5G64420.1	N/A	54.078	1128	458	19	336	1431	203	1302	0.0	1054
Dm_00002638-RA	AT4G37300.1	N/A	48.305	118	52	3	7	124	1	109	3.70e-27	101
Dm_00006200-RA	AT1G64190.1	N/A	84.394	487	76	0	55	541	1	487	0.0	870
Dm_00006099-RA	AT5G08370.1	N/A	77.126	341	78	0	52	392	29	369	0.0	567
Dm_00007463-RA	AT4G00650.1	N/A	52.907	172	77	1	304	471	143	314	2.36e-53	184
Dm_00012406-RA	AT5G65620.2	N/A	68.881	858	198	6	1	856	15	805	0.0	1159
Dm_00008913-RA	AT3G18990.1	N/A	48.039	102	52	1	44	144	3	104	6.67e-23	97.1
Dm_00010224-RA	AT1G77250.1	N/A	37.647	425	232	6	201	618	119	517	1.17e-89	288
Dm_00010727-RA	AT5G45140.3	N/A	64.827	779	181	6	17	702	41	819	0.0	1011
Dm_00008157-RA	AT1G75390.1	N/A	38.926	149	87	4	12	160	24	168	3.59e-21	85.1
Dm_00008886-RA	AT1G25350.1	N/A	76.023	684	161	2	11	693	5	686	0.0	1080
Dm_00020989-RA	AT3G45880.2	N/A	63.190	326	111	3	281	606	5	321	1.79e-146	428
Dm_00009783-RA	AT4G16370.1	N/A	82.763	731	126	0	11	741	7	737	0.0	1262
Dm_00008228-RA	AT5G54800.1	N/A	59.401	367	87	7	31	346	32	387	1.77e-131	381
Dm_00008234-RA	AT4G13810.3	N/A	35.968	620	337	16	69	648	20	619	1.29e-92	300
Dm_00008229-RA	AT4G27070.1	N/A	80.255	471	73	2	19	469	5	475	0.0	770
Dm_00008225-RA	AT4G10400.3	N/A	32.143	224	143	5	3	221	2	221	1.01e-22	98.2
Dm_00008802-RA	AT5G43670.1	N/A	68.592	554	172	1	3	554	241	794	0.0	805
Dm_00019183-RA	AT5G43060.1	N/A	68.251	463	129	9	144	600	1	451	0.0	630
Dm_00019055-RA	AT3G07050.1	N/A	68.547	585	160	7	61	640	13	578	0.0	720
Dm_00018594-RA	AT2G44020.1	N/A	79.953	424	85	0	1	424	65	488	0.0	714
Dm_00019132-RA	AT5G13680.1	N/A	54.692	1300	552	8	4	1297	51	1319	0.0	1405
Dm_00017402-RA	AT1G14570.2	N/A	51.331	526	174	10	1	502	1	468	2.47e-173	496
Dm_00004381-RA	AT4G09800.1	N/A	94.702	151	8	0	10	160	2	152	8.54e-106	299
Dm_00004209-RA	AT1G27090.1	N/A	59.926	272	84	5	11	271	2	259	2.63e-106	316
Dm_00016799-RA	AT1G22410.1	N/A	87.417	453	57	0	66	518	70	522	0.0	852
Dm_00016535-RA	AT1G13040.2	N/A	55.426	516	227	3	41	554	1	515	0.0	580
Dm_00015715-RA	AT1G57860.1	N/A	82.716	162	28	0	1	162	1	162	2.07e-101	288
Dm_00015735-RA	AT3G15000.1	N/A	51.756	427	135	16	1	398	1	385	7.73e-93	286
Dm_00015285-RA	AT2G42800.1	N/A	63.527	414	135	4	48	451	32	439	3.56e-175	499
Dm_00009196-RA	AT3G51800.3	N/A	75.835	389	85	2	2	390	3	382	0.0	588
Dm_00010022-RA	AT3G25230.1	N/A	89.888	89	9	0	8	96	89	177	2.45e-51	169
Dm_00020479-RA	AT4G08455.1	N/A	47.718	241	103	3	53	292	43	261	6.50e-68	213
Dm_00017054-RA	AT3G62030.3	N/A	78.698	169	36	0	15	183	89	257	3.40e-98	285
Dm_00019153-RA	AT5G03800.1	N/A	51.874	827	383	7	3	818	74	896	0.0	866
Dm_00005918-RA	AT5G40770.1	N/A	83.696	276	45	0	1	276	1	276	5.96e-173	479
Dm_00020841-RA	AT5G66730.1	N/A	55.556	549	184	14	1	538	1	500	1.09e-168	487
Dm_00020568-RA	AT4G11650.1	N/A	65.169	89	30	1	1	89	36	123	1.82e-32	116
Dm_00011501-RA	AT3G13772.1	N/A	82.955	616	95	2	25	630	26	641	0.0	1082
Dm_00011802-RA	AT5G55190.1	N/A	97.110	173	5	0	14	186	25	197	1.00e-126	355
Dm_00012313-RA	AT4G25730.1	N/A	60.048	836	305	11	1	833	1	810	0.0	903
Dm_00020005-RA	AT1G69780.1	N/A	57.468	308	100	11	1	297	7	294	4.57e-105	308
Dm_00019984-RA	AT5G08680.1	N/A	92.947	397	28	0	1	397	162	558	0.0	761
Dm_00020003-RA	AT2G19860.2	N/A	53.150	254	112	4	104	353	132	382	9.50e-83	257
Dm_00017543-RA	AT5G05520.1	N/A	57.884	482	198	2	63	544	47	523	0.0	602
Dm_00020083-RA	AT1G48030.2	N/A	82.157	510	87	2	1	509	1	507	0.0	844
Dm_00020072-RA	AT5G22350.1	N/A	66.432	426	141	2	1	424	1	426	0.0	590
Dm_00018349-RA	AT4G29680.1	N/A	68.452	504	141	1	11	514	8	493	0.0	690
Dm_00019906-RA	AT3G49240.1	N/A	55.377	623	262	6	1	623	1	607	0.0	671
Dm_00007598-RA	AT2G20450.1	N/A	81.061	132	25	0	2	133	3	134	2.38e-74	218
Dm_00008118-RA	AT5G26830.1	N/A	67.223	479	113	1	222	700	268	702	0.0	663
Dm_00007294-RA	AT4G34910.1	N/A	68.134	568	174	4	14	575	46	612	0.0	718
Dm_00006640-RA	AT5G18610.3	N/A	78.841	345	64	4	7	342	167	511	0.0	519
Dm_00007110-RA	AT2G36530.1	N/A	80.531	452	57	2	6	457	24	444	0.0	734
Dm_00007114-RA	AT3G44750.2	N/A	49.425	87	43	1	37	123	5	90	3.34e-22	92.4
Dm_00008202-RA	AT4G12840.2	N/A	59.509	326	97	5	4	298	73	394	1.14e-132	382
Dm_00008207-RA	AT1G64880.1	N/A	63.950	319	107	3	7	322	182	495	1.12e-142	415
Dm_00014875-RA	AT3G57610.1	N/A	79.158	475	93	2	38	512	22	490	0.0	766
Dm_00015117-RA	AT5G61150.2	N/A	53.571	644	255	16	1	622	2	623	2.59e-165	486
Dm_00014221-RA	AT1G53840.1	N/A	50.847	590	267	8	1	576	1	581	0.0	558
Dm_00015970-RA	AT2G45510.1	N/A	57.388	291	114	5	68	351	221	508	1.72e-112	337
Dm_00003298-RA	AT4G25630.1	N/A	87.805	246	30	0	65	310	74	319	1.36e-161	453
Dm_00002917-RA	AT3G60860.1	N/A	71.885	939	246	9	20	943	858	1793	0.0	1341
Dm_00003570-RA	AT5G62050.1	N/A	52.089	359	149	6	1	354	1	341	2.29e-125	367
Dm_00003574-RA	AT3G61690.1	N/A	48.268	1386	588	42	1	1343	1	1300	0.0	1122
Dm_00003092-RA	AT3G09630.1	N/A	81.534	352	65	0	1	352	1	352	0.0	624
Dm_00003370-RA	AT2G23470.1	N/A	61.099	455	165	5	77	523	65	515	0.0	528
Dm_00011389-RA	AT3G63340.5	N/A	50.435	460	132	7	2	408	604	1020	1.29e-145	440
Dm_00010663-RA	AT2G45590.1	N/A	43.265	735	297	18	1	670	1	680	9.75e-159	473
Dm_00009843-RA	AT1G05840.1	N/A	65.702	242	80	2	33	273	122	361	1.16e-113	336
Dm_00009006-RA	AT5G15080.1	N/A	74.675	308	72	3	14	315	24	331	2.59e-162	462
Dm_00009669-RA	AT1G03530.1	N/A	49.281	278	104	5	297	572	299	541	8.05e-62	224
Dm_00010762-RA	AT5G14230.1	N/A	64.209	746	258	3	20	763	5	743	0.0	941
Dm_00010240-RA	AT2G28100.1	N/A	66.525	469	153	3	34	499	31	498	0.0	680
Dm_00002431-RA	AT1G47710.1	N/A	60.000	390	153	2	1	387	1	390	1.24e-170	482
Dm_00002706-RA	AT5G16620.1	N/A	54.046	346	137	5	69	395	73	415	2.39e-96	295
Dm_00002471-RA	AT2G30780.1	N/A	47.797	454	223	3	26	474	7	451	1.27e-154	447
Dm_00009514-RA	AT3G16000.1	N/A	42.857	609	341	2	39	647	123	724	4.49e-125	387
Dm_00009512-RA	AT1G79930.2	N/A	80.077	783	154	2	1	782	1	782	0.0	1308
Dm_00009515-RA	AT3G15990.1	N/A	74.525	526	134	0	14	539	124	649	0.0	827
Dm_00009516-RA	AT3G15990.1	N/A	60.000	85	34	0	62	146	25	109	7.27e-32	120
Dm_00016113-RA	AT1G23280.1	N/A	66.667	204	51	2	1	200	1	191	3.16e-92	277
Dm_00015494-RA	AT2G31440.1	N/A	72.157	255	63	1	1	255	1	247	3.35e-137	386
Dm_00016262-RA	AT1G43190.1	N/A	55.300	566	103	7	1	560	1	422	0.0	563
Dm_00014609-RA	AT2G18260.1	N/A	52.174	115	50	3	10	122	45	156	2.37e-28	107
Dm_00015495-RA	AT4G17770.1	N/A	78.593	668	134	3	1	667	1	660	0.0	1107
Dm_00015131-RA	AT2G28380.1	N/A	53.989	376	132	11	1	339	1	372	3.66e-120	354
Dm_00014576-RA	AT2G20310.1	N/A	34.100	261	136	6	7	263	9	237	5.38e-34	135
Dm_00010155-RA	AT4G00100.1	N/A	90.714	140	13	0	1	140	1	140	2.09e-91	261
Dm_00010946-RA	AT5G02190.1	N/A	64.010	414	135	5	91	499	45	449	1.03e-178	509
Dm_00010948-RA	AT1G77120.1	N/A	80.475	379	74	0	93	471	1	379	0.0	652
Dm_00006930-RA	AT1G25230.1	N/A	56.958	309	123	4	41	340	32	339	1.54e-127	369
Dm_00010797-RA	AT1G35620.1	N/A	57.407	432	180	3	22	450	10	440	0.0	513
Dm_00003367-RA	AT2G23450.2	N/A	53.571	700	272	13	9	674	24	704	0.0	725
Dm_00003621-RA	AT3G33520.1	N/A	63.739	444	133	6	3	442	2	421	0.0	548
Dm_00003331-RA	AT4G24680.2	N/A	32.649	1608	801	54	47	1605	9	1383	6.19e-176	568
Dm_00002955-RA	AT5G21970.2	N/A	66.492	382	120	5	1	381	43	417	0.0	511
Dm_00002958-RA	AT3G14470.1	N/A	30.522	1091	631	33	13	1055	12	1023	1.13e-109	367
Dm_00010768-RA	AT1G72550.2	N/A	72.664	578	149	3	32	602	1	576	0.0	875
Dm_00010319-RA	AT1G63110.1	N/A	51.037	482	188	10	8	458	2	466	3.89e-146	426
Dm_00014904-RA	AT2G19480.3	N/A	75.163	306	69	1	1	306	1	299	8.21e-155	440
Dm_00006417-RA	AT1G45616.1	N/A	37.059	993	481	18	307	1177	24	994	2.47e-163	511
Dm_00005794-RA	AT4G23540.1	N/A	38.208	636	342	10	39	660	5	603	1.45e-118	387
Dm_00004747-RA	AT4G30160.2	N/A	72.746	987	243	10	1	965	1	983	0.0	1454
Dm_00005806-RA	AT2G17800.1	N/A	94.416	197	7	1	57	249	1	197	6.40e-138	385
Dm_00004384-RA	AT1G51980.1	N/A	67.442	430	138	2	73	502	23	450	0.0	564
Dm_00006095-RA	AT3G04580.1	N/A	52.679	784	322	13	24	794	18	765	0.0	748
Dm_00012419-RA	AT1G64510.1	N/A	47.482	139	60	5	6	143	1	127	4.78e-27	100
Dm_00012627-RA	AT1G24510.1	N/A	89.831	531	54	0	33	563	1	531	0.0	1004
Dm_00012344-RA	AT5G62390.1	N/A	40.655	519	190	14	1	478	1	442	2.92e-91	285
Dm_00014628-RA	AT1G80570.3	N/A	56.809	470	190	4	1	464	1	463	1.34e-177	506
Dm_00013863-RA	AT3G44330.1	N/A	72.531	557	153	0	3	559	7	563	0.0	831
Dm_00002366-RA	AT2G03200.1	N/A	46.714	426	209	8	39	454	38	455	3.87e-129	382
Dm_00002668-RA	AT1G55870.1	N/A	56.661	623	258	4	38	658	36	648	0.0	709
Dm_00002684-RA	AT5G55610.1	N/A	57.322	239	96	3	108	345	90	323	1.16e-89	272
Dm_00005273-RA	AT5G02810.1	N/A	33.791	728	298	27	49	657	46	708	5.18e-58	210
Dm_00005724-RA	AT5G05080.1	N/A	65.543	267	75	5	8	274	2	251	8.55e-116	333
Dm_00005976-RA	AT5G37570.1	N/A	50.638	549	256	3	22	569	13	547	0.0	543
Dm_00005977-RA	AT5G01400.2	N/A	52.809	178	81	1	12	189	738	912	5.07e-54	186
Dm_00006495-RA	AT1G64230.2	N/A	96.622	148	5	0	1	148	1	148	5.23e-108	304
Dm_00012645-RA	AT5G49890.1	N/A	75.705	745	170	3	58	791	31	775	0.0	1106
Dm_00010967-RA	AT5G36880.2	N/A	80.408	638	122	2	84	718	52	689	0.0	1112
Dm_00012540-RA	AT5G49810.1	N/A	67.692	1105	318	6	4	1108	5	1070	0.0	1535
Dm_00005943-RA	AT2G40890.1	N/A	77.095	358	82	0	236	593	150	507	0.0	598
Dm_00004850-RA	AT4G38710.2	N/A	45.946	444	158	18	1	403	1	403	2.37e-63	211
Dm_00004580-RA	AT4G33990.2	N/A	32.419	620	331	13	23	571	82	684	9.70e-91	297
Dm_00004584-RA	AT3G20730.1	N/A	43.992	491	269	4	1	487	74	562	7.06e-134	399
Dm_00004877-RA	AT4G39260.3	N/A	81.111	90	17	0	36	125	2	91	4.35e-49	154
Dm_00018986-RA	AT2G27880.1	N/A	56.471	850	301	15	189	998	177	997	0.0	926
Dm_00013156-RA	AT5G27140.2	N/A	63.700	427	118	4	24	449	1	391	0.0	521
Dm_00011204-RA	AT5G53150.4	N/A	28.488	688	365	16	9	587	2	671	5.65e-70	240
Dm_00013855-RA	AT2G30630.1	N/A	71.176	510	137	6	25	532	22	523	0.0	716
Dm_00013500-RA	AT5G48470.1	N/A	74.825	143	31	1	58	195	241	383	2.94e-69	216
Dm_00013666-RA	AT1G73200.1	N/A	42.313	787	362	22	4	714	7	777	0.0	542
Dm_00015242-RA	AT4G26230.1	N/A	85.593	118	16	1	1	118	1	117	7.76e-70	205
Dm_00016197-RA	AT4G15900.1	N/A	69.717	459	91	3	3	418	7	460	0.0	641
Dm_00012165-RA	AT1G12880.1	N/A	62.329	146	53	1	27	170	25	170	6.00e-62	190
Dm_00016164-RA	AT1G15440.1	N/A	66.667	945	253	9	1	933	1	895	0.0	1295
Dm_00010056-RA	AT4G12750.1	N/A	47.962	957	427	14	30	957	178	1092	0.0	802
Dm_00008602-RA	AT3G23990.1	N/A	85.765	562	69	2	1	551	1	562	0.0	965
Dm_00009691-RA	AT1G64185.1	N/A	67.925	53	17	0	1	53	1	53	2.80e-23	85.5
Dm_00011980-RA	AT1G76400.1	N/A	60.794	579	204	1	6	561	36	614	0.0	744
Dm_00011519-RA	AT1G01540.2	N/A	83.268	257	32	1	80	336	189	434	2.61e-156	447
Dm_00012431-RA	AT5G63140.1	N/A	69.474	285	84	3	1	283	102	385	1.41e-149	427
Dm_00012234-RA	AT2G25180.1	N/A	53.453	391	137	12	5	375	4	369	2.73e-107	336
Dm_00012133-RA	AT3G13980.1	N/A	38.760	258	105	12	85	335	133	344	3.13e-24	102
Dm_00011415-RA	AT2G20810.1	N/A	75.279	538	128	4	1	535	1	536	0.0	826
Dm_00018277-RA	AT1G29370.1	N/A	42.568	888	383	31	37	870	17	831	8.85e-163	496
Dm_00018321-RA	AT4G21150.1	N/A	52.281	285	125	4	17	292	228	510	4.08e-93	290
Dm_00017013-RA	AT4G03030.1	N/A	54.657	408	161	6	7	394	32	435	3.47e-142	413
Dm_00018545-RA	AT2G17200.1	N/A	60.746	563	179	9	1	533	1	551	0.0	586
Dm_00016954-RA	AT5G37720.2	N/A	59.559	136	52	2	59	191	64	199	3.25e-49	161
Dm_00002845-RA	AT5G37020.1	N/A	62.654	814	236	18	25	797	3	789	0.0	913
Dm_00002846-RA	AT3G02710.1	N/A	74.074	513	96	4	25	503	14	523	0.0	721
Dm_00003415-RA	AT5G06120.5	N/A	55.701	535	182	4	7	498	537	1059	0.0	577
Dm_00003751-RA	AT2G20580.1	N/A	78.009	864	175	2	26	889	39	887	0.0	1357
Dm_00003537-RA	AT4G16180.2	N/A	71.094	768	197	2	8	773	73	817	0.0	1137
Dm_00003632-RA	AT2G04865.2	N/A	63.653	553	180	5	54	603	6	540	0.0	709
Dm_00003644-RA	AT5G22810.1	N/A	59.184	343	136	2	15	353	17	359	5.54e-148	422
Dm_00003639-RA	AT1G08750.3	N/A	89.796	294	30	0	15	308	12	305	0.0	555
Dm_00020564-RA	AT1G28280.2	N/A	53.023	215	72	9	40	247	47	239	1.97e-52	170
Dm_00020544-RA	AT2G01900.1	N/A	57.107	401	133	5	1	371	1	392	7.52e-161	457
Dm_00020567-RA	AT5G49910.1	N/A	82.271	722	101	7	1	700	1	717	0.0	1156
Dm_00020601-RA	AT4G29840.1	N/A	81.801	533	80	6	1	530	1	519	0.0	878
Dm_00007862-RA	AT1G10130.1	N/A	81.910	995	172	3	1	989	1	993	0.0	1664
Dm_00007860-RA	AT4G07410.2	N/A	54.186	430	174	6	1	419	285	702	6.25e-148	437
Dm_00008567-RA	AT3G18580.1	N/A	51.121	223	97	2	1	221	5	217	1.67e-73	222
Dm_00007939-RA	AT3G55605.1	N/A	48.473	262	115	5	1	249	1	255	6.56e-68	210
Dm_00007940-RA	AT5G05980.2	N/A	53.846	364	129	9	4	356	159	494	2.00e-115	349
Dm_00006549-RA	AT1G10840.1	N/A	80.826	339	62	2	1	338	1	337	0.0	567
Dm_00008089-RA	AT3G14690.2	N/A	51.866	509	229	5	11	510	45	546	0.0	556
Dm_00007713-RA	AT2G37220.1	N/A	57.088	261	93	6	55	301	13	268	2.77e-89	268
Dm_00017465-RA	AT3G23560.2	N/A	53.521	355	128	3	2	322	3	354	4.35e-123	359
Dm_00017896-RA	AT3G20930.1	N/A	61.679	274	96	3	102	375	72	336	9.18e-112	331
Dm_00015511-RA	AT5G52470.1	N/A	88.980	245	27	0	61	305	63	307	2.92e-164	459
Dm_00017192-RA	AT1G10270.1	N/A	62.615	543	197	1	40	576	86	628	0.0	672
Dm_00016591-RA	AT2G19680.2	N/A	71.429	119	34	0	5	123	1	119	2.35e-59	179
Dm_00017327-RA	AT2G45510.1	N/A	48.127	534	218	7	390	916	21	502	5.15e-166	494
Dm_00017869-RA	AT2G01950.1	N/A	66.369	1121	348	10	79	1189	37	1138	0.0	1451
Dm_00017721-RA	AT2G40280.1	N/A	66.736	478	115	5	123	587	77	523	0.0	670
Dm_00017687-RA	AT3G49710.1	N/A	62.483	725	266	4	1	723	1	721	0.0	924
Dm_00016386-RA	AT4G02930.1	N/A	82.420	438	71	4	1	435	1	435	0.0	695
Dm_00017925-RA	AT3G51790.1	N/A	76.596	188	40	1	64	251	57	240	2.48e-107	311
Dm_00010015-RA	AT3G13470.1	N/A	78.947	532	101	1	1	532	1	521	0.0	811
Dm_00013088-RA	AT3G07030.5	N/A	76.582	158	29	3	1	157	1	151	1.89e-77	245
Dm_00011188-RA	AT5G06400.1	N/A	46.244	1025	505	14	41	1059	43	1027	0.0	890
Dm_00012816-RA	AT4G08280.2	N/A	72.632	95	25	1	50	143	39	133	2.35e-44	142
Dm_00012352-RA	AT5G55200.1	N/A	51.342	298	110	5	1	269	1	292	2.31e-90	270
Dm_00006233-RA	AT5G35930.4	N/A	45.960	792	399	13	37	817	95	868	0.0	652
Dm_00005834-RA	AT5G56310.1	N/A	50.503	497	240	3	8	499	18	513	8.41e-180	518
Dm_00016147-RA	AT1G29880.1	N/A	81.700	694	123	1	53	746	40	729	0.0	1161
Dm_00016210-RA	AT1G77670.1	N/A	83.073	384	65	0	9	392	55	438	0.0	692
Dm_00016286-RA	AT1G53240.1	N/A	81.050	343	62	1	5	347	1	340	0.0	571
Dm_00014500-RA	AT5G53900.2	N/A	58.447	438	106	15	1	424	1	376	1.46e-151	434
Dm_00004317-RA	AT5G03720.2	N/A	42.618	359	163	10	19	362	9	339	1.17e-79	253
Dm_00005392-RA	AT4G38220.1	N/A	72.941	425	104	3	23	447	17	430	0.0	640
Dm_00008788-RA	AT5G66540.2	N/A	64.530	234	80	2	131	364	262	492	1.78e-96	298
Dm_00007485-RA	AT1G64230.2	N/A	79.121	182	4	1	1	182	1	148	8.91e-102	290
Dm_00007578-RA	AT4G00820.1	N/A	40.774	439	136	18	61	426	146	533	4.22e-70	231
Dm_00008483-RA	AT2G41620.1	N/A	67.016	858	234	5	1	812	1	855	0.0	1182
Dm_00008482-RA	AT1G10840.1	N/A	79.553	313	63	1	17	328	6	318	0.0	523
Dm_00008631-RA	AT4G20980.4	N/A	76.231	589	121	10	2	577	5	587	0.0	902
Dm_00003281-RA	AT5G60960.1	N/A	63.270	471	163	5	73	538	54	519	0.0	602
Dm_00003278-RA	AT3G54630.1	N/A	40.143	558	302	7	20	575	33	560	1.32e-134	405
Dm_00003280-RA	AT4G32180.1	N/A	81.375	902	147	10	1	891	1	892	0.0	1444
Dm_00003258-RA	AT5G07290.1	N/A	56.563	320	116	5	389	702	561	863	1.62e-103	339
Dm_00003250-RA	AT3G48860.2	N/A	47.446	607	200	16	2	519	1	577	1.88e-143	425
Dm_00016155-RA	AT5G28780.1	N/A	42.723	213	109	3	92	294	114	323	5.24e-41	145
Dm_00016389-RA	AT2G31610.1	N/A	84.211	247	39	0	1	247	1	247	1.70e-149	417
Dm_00016294-RA	AT1G07930.2	N/A	76.216	370	42	4	1	325	1	369	0.0	546
Dm_00014056-RA	AT4G11650.1	N/A	49.130	230	100	7	6	225	1	223	2.04e-68	211
Dm_00013503-RA	AT4G21150.1	N/A	67.327	202	64	1	104	303	452	653	1.83e-91	287
Dm_00013394-RA	AT3G25150.1	N/A	42.787	409	210	5	1	388	3	408	2.18e-98	304
Dm_00015137-RA	AT1G73960.1	N/A	55.645	1249	503	15	1	1205	1	1242	0.0	1306
Dm_00020299-RA	AT1G48210.2	N/A	74.644	351	85	3	1	349	1	349	0.0	530
Dm_00013650-RA	AT2G44710.4	N/A	40.102	197	117	1	18	213	195	391	1.52e-46	165
Dm_00010960-RA	AT2G01970.1	N/A	87.361	538	68	0	1	538	52	589	0.0	966
Dm_00013091-RA	AT2G18900.1	N/A	38.920	352	114	7	6	292	485	800	1.04e-65	220
Dm_00013794-RA	AT3G62270.1	N/A	75.718	696	158	4	1	694	1	687	0.0	1076
Dm_00013214-RA	AT2G33410.1	N/A	53.616	401	162	6	1	399	1	379	1.12e-111	336
Dm_00012569-RA	AT5G48440.1	N/A	58.178	428	167	4	54	475	38	459	6.35e-174	499
Dm_00011730-RA	AT5G44230.1	N/A	56.260	647	256	6	33	679	38	657	0.0	745
Dm_00002914-RA	AT2G44130.1	N/A	43.095	420	189	11	15	411	17	409	2.29e-101	307
Dm_00003215-RA	AT4G37080.2	N/A	47.059	680	269	13	1	661	1	608	0.0	536
Dm_00003612-RA	AT5G66520.1	N/A	36.646	483	294	5	62	543	21	492	1.01e-104	331
Dm_00003495-RA	AT3G04550.1	N/A	51.435	453	188	7	277	722	13	440	5.65e-139	416
Dm_00014337-RA	AT5G61380.1	N/A	45.024	633	204	18	17	526	4	615	1.20e-153	452
Dm_00011925-RA	AT1G63855.4	N/A	65.258	213	59	3	32	232	9	218	8.75e-98	285
Dm_00013200-RA	AT5G20720.1	N/A	58.081	198	80	2	7	203	57	252	3.12e-75	227
Dm_00012548-RA	AT2G13600.1	N/A	32.598	635	374	7	143	731	42	668	1.58e-114	362
Dm_00014217-RA	AT3G08950.1	N/A	71.090	211	61	0	237	447	124	334	5.93e-114	338
Dm_00014602-RA	AT5G20810.1	N/A	63.636	66	23	1	49	114	78	142	4.47e-24	91.3
Dm_00013854-RA	AT1G22860.1	N/A	82.162	185	33	0	11	195	800	984	4.63e-107	330
Dm_00012289-RA	AT5G44730.1	N/A	75.000	252	61	2	1	251	3	253	1.49e-145	407
Dm_00020184-RA	AT2G40360.2	N/A	57.292	672	194	6	101	720	79	709	0.0	773
Dm_00017031-RA	AT2G32120.2	N/A	64.654	563	193	4	1	558	1	562	0.0	764
Dm_00020170-RA	AT3G51030.1	N/A	78.378	111	24	0	2	112	3	113	1.19e-65	194
Dm_00020157-RA	AT4G33670.1	N/A	79.048	315	66	0	9	323	4	318	0.0	526
Dm_00004954-RA	AT2G21440.1	N/A	46.784	855	386	17	99	935	200	1003	0.0	676
Dm_00004947-RA	AT1G19600.1	N/A	59.524	210	67	2	19	228	12	203	1.25e-77	239
Dm_00005056-RA	AT4G01370.1	N/A	78.446	399	55	2	1	399	1	368	0.0	652
Dm_00005266-RA	AT1G07030.1	N/A	64.955	331	101	4	1	330	1	317	5.04e-147	417
Dm_00005261-RA	AT2G40290.1	N/A	82.558	344	59	1	1	343	1	344	0.0	551
Dm_00004226-RA	AT3G19184.1	N/A	56.757	222	86	4	1	213	1	221	6.57e-78	236
Dm_00006115-RA	AT5G56510.5	N/A	55.853	299	129	1	295	593	266	561	3.25e-113	349
Dm_00007237-RA	AT5G38470.1	N/A	58.883	394	97	7	1	346	1	377	3.28e-138	398
Dm_00006807-RA	AT5G54580.1	N/A	70.213	94	22	1	12	99	62	155	7.25e-38	128
Dm_00007171-RA	AT3G17450.2	N/A	39.106	179	109	0	68	246	299	477	1.47e-38	149
Dm_00005991-RA	AT1G54220.2	N/A	64.037	545	176	11	5	535	1	539	0.0	660
Dm_00007868-RA	AT3G52200.1	N/A	64.388	556	191	3	13	566	70	620	0.0	689
Dm_00015747-RA	AT1G62990.1	N/A	85.714	91	13	0	13	103	201	291	6.61e-54	169
Dm_00015748-RA	AT1G62990.1	N/A	61.458	96	31	2	25	119	4	94	9.40e-32	114
Dm_00014781-RA	AT4G18905.1	N/A	59.881	506	170	7	1	490	1	489	0.0	568
Dm_00019532-RA	AT5G54860.1	N/A	51.163	473	214	4	8	474	27	488	3.71e-165	475
Dm_00019407-RA	AT3G48560.1	N/A	82.336	351	60	1	188	538	322	670	0.0	615
Dm_00019408-RA	AT1G26610.1	N/A	28.520	561	263	19	9	544	8	455	1.47e-31	127
Dm_00019083-RA	AT4G15480.1	N/A	58.710	465	189	3	6	469	16	478	0.0	575
Dm_00019670-RA	AT5G15720.1	N/A	46.221	344	175	7	32	368	24	364	1.04e-94	287
Dm_00019608-RA	AT5G38530.1	N/A	77.547	481	103	3	15	491	27	506	0.0	795
Dm_00019440-RA	AT1G67680.1	N/A	63.582	670	209	7	1	656	1	649	0.0	778
Dm_00009458-RA	AT1G27310.1	N/A	83.000	100	16	1	1	99	1	100	8.08e-59	176
Dm_00009463-RA	AT1G67325.1	N/A	62.362	271	55	5	1	225	4	273	2.10e-107	315
Dm_00009892-RA	AT2G29190.2	N/A	60.115	1043	324	23	6	1030	1	969	0.0	1118
Dm_00009897-RA	AT1G07480.3	N/A	59.626	374	132	11	5	369	6	369	1.44e-114	339
Dm_00009363-RA	AT4G15530.5	N/A	77.847	966	197	6	8	970	11	962	0.0	1545
Dm_00008803-RA	AT1G13450.1	N/A	54.484	446	141	12	23	450	1	402	2.41e-151	436
Dm_00008741-RA	AT5G20720.1	N/A	64.855	276	72	4	4	278	2	253	7.12e-116	333
Dm_00009236-RA	AT1G78160.2	N/A	61.714	350	117	2	443	792	319	651	9.27e-152	459
Dm_00008814-RA	AT5G53460.1	N/A	81.897	2193	383	5	1	2185	1	2187	0.0	3721
Dm_00008813-RA	AT5G24170.2	N/A	69.863	73	18	1	169	241	49	117	4.75e-27	103
Dm_00002903-RA	AT1G61215.1	N/A	37.060	483	230	20	15	446	14	473	7.24e-52	182
Dm_00002902-RA	AT1G11170.8	N/A	63.081	344	117	5	2	340	7	345	4.01e-154	443
Dm_00002395-RA	AT3G02650.1	N/A	48.282	524	247	9	75	590	57	564	3.61e-165	483
Dm_00018448-RA	AT5G50400.1	N/A	35.778	559	305	14	74	614	52	574	3.86e-111	346
Dm_00012106-RA	AT5G15020.2	N/A	56.269	1292	477	22	1	1222	1	1274	0.0	1301
Dm_00013779-RA	AT1G29370.2	N/A	49.462	279	104	12	27	274	419	691	2.71e-61	205
Dm_00012913-RA	AT1G18580.1	N/A	74.674	537	134	2	1	535	1	537	0.0	844
Dm_00013844-RA	AT1G56700.2	N/A	68.349	218	68	1	1	218	1	217	3.60e-111	317
Dm_00011529-RA	AT3G55440.1	N/A	72.308	130	28	2	87	216	64	185	9.12e-61	192
Dm_00004940-RA	AT1G80630.1	N/A	40.351	570	316	7	7	570	2	553	4.74e-119	364
Dm_00004587-RA	AT1G72370.2	N/A	68.905	283	43	2	2	284	5	242	9.66e-137	391
Dm_00005079-RA	AT1G32310.1	N/A	68.333	60	19	0	57	116	29	88	6.29e-25	91.7
Dm_00005146-RA	AT2G47420.1	N/A	77.593	241	52	2	61	301	1	239	4.23e-134	394
Dm_00004521-RA	AT2G45850.1	N/A	44.972	358	173	6	1	344	1	348	1.90e-85	262
Dm_00004807-RA	AT5G13510.1	N/A	41.718	163	86	2	45	207	45	198	1.54e-39	136
Dm_00005742-RA	AT1G03080.2	N/A	41.580	1823	934	17	35	1819	1	1730	0.0	1199
Dm_00005745-RA	AT5G07950.1	N/A	51.799	139	65	2	34	172	135	271	1.78e-41	141
Dm_00005741-RA	AT1G03090.2	N/A	66.842	760	217	7	8	767	9	733	0.0	1014
Dm_00005485-RA	AT5G63910.1	N/A	62.179	468	172	3	33	499	36	499	0.0	598
Dm_00005491-RA	AT5G63840.1	N/A	73.403	955	212	7	13	962	4	921	0.0	1466
Dm_00012852-RA	AT1G09780.1	N/A	84.000	350	54	1	7	354	6	355	0.0	614
Dm_00010690-RA	AT3G06850.1	N/A	58.873	355	133	3	35	389	142	483	4.92e-143	415
Dm_00012441-RA	AT4G01990.1	N/A	38.085	470	283	6	536	1001	34	499	2.78e-100	324
Dm_00013760-RA	AT3G10040.1	N/A	44.037	436	190	10	11	419	6	414	2.20e-89	278
Dm_00013818-RA	AT5G09840.1	N/A	34.857	875	451	24	8	859	144	922	1.52e-137	435
Dm_00014345-RA	AT1G09620.1	N/A	70.561	1087	313	4	5	1091	2	1081	0.0	1607
Dm_00017940-RA	AT1G63100.2	N/A	46.038	732	284	31	1	699	1	654	1.39e-173	512
Dm_00017939-RA	AT4G11740.1	N/A	48.429	541	214	18	35	560	68	558	6.35e-116	355
Dm_00020001-RA	AT5G08680.1	N/A	92.947	397	28	0	1	397	162	558	0.0	761
Dm_00008043-RA	AT1G73020.3	N/A	64.769	650	225	3	1	649	1	647	0.0	860
Dm_00008768-RA	AT5G20660.1	N/A	59.392	921	352	8	1	914	1	906	0.0	1098
Dm_00006762-RA	AT5G57280.1	N/A	71.575	292	71	3	184	466	1	289	6.94e-147	421
Dm_00007469-RA	AT5G02810.1	N/A	41.720	628	240	25	41	584	104	689	3.98e-85	280
Dm_00006821-RA	AT5G19130.1	N/A	58.034	417	158	1	2	418	17	416	3.60e-157	460
Dm_00008041-RA	AT1G09300.2	N/A	53.824	340	122	7	2	313	129	461	1.23e-115	342
Dm_00006450-RA	AT1G61870.1	N/A	58.333	408	160	3	1	398	1	408	7.82e-171	483
Dm_00006624-RA	AT1G43690.1	N/A	58.233	498	134	8	14	498	163	599	0.0	552
Dm_00005344-RA	AT3G50910.1	N/A	42.237	438	196	14	1	421	1	398	1.07e-79	254
Dm_00008138-RA	AT2G35390.2	N/A	78.663	389	56	1	34	422	41	402	0.0	635
Dm_00006710-RA	AT2G46520.1	N/A	68.037	973	304	6	1	968	1	971	0.0	1380
Dm_00006714-RA	AT2G19260.2	N/A	39.648	227	90	8	266	482	402	591	1.81e-39	152
Dm_00007732-RA	AT2G26650.1	N/A	57.834	868	335	11	14	866	6	857	0.0	1023
Dm_00012577-RA	AT1G68650.1	N/A	71.300	223	51	2	3	212	5	227	8.32e-108	309
Dm_00012364-RA	AT5G42790.1	N/A	77.338	278	57	1	1	272	1	278	4.45e-154	431
Dm_00012532-RA	AT3G12680.1	N/A	57.308	260	95	5	158	415	136	381	4.32e-104	319
Dm_00013111-RA	AT4G38470.3	N/A	66.126	493	145	8	1	483	3	483	0.0	619
Dm_00013568-RA	AT4G34110.1	N/A	64.787	656	197	11	1	649	1	629	0.0	815
Dm_00018007-RA	AT5G11490.1	N/A	78.462	845	171	5	1	838	1	841	0.0	1362
Dm_00016778-RA	AT2G19640.2	N/A	53.528	411	155	11	15	413	9	395	1.20e-131	384
Dm_00019190-RA	AT4G23460.1	N/A	85.222	900	124	4	1	899	1	892	0.0	1546
Dm_00018266-RA	AT1G04500.4	N/A	44.731	427	168	16	17	421	5	385	4.64e-89	275
Dm_00017813-RA	AT5G11590.1	N/A	60.591	203	63	5	42	230	20	219	3.40e-67	208
Dm_00018184-RA	AT4G23990.1	N/A	49.558	226	106	3	29	253	46	264	6.05e-64	213
Dm_00017791-RA	AT4G05200.1	N/A	46.995	649	305	13	47	685	15	634	0.0	570
Dm_00015714-RA	AT3G46790.1	N/A	41.468	586	326	8	84	662	82	657	4.00e-164	486
Dm_00019411-RA	AT5G13020.1	N/A	44.837	368	163	6	1	348	50	397	6.05e-91	279
Dm_00016973-RA	AT3G57150.1	N/A	76.829	492	82	4	1	492	1	460	0.0	729
Dm_00017999-RA	AT5G01450.1	N/A	40.146	411	204	8	61	442	24	421	6.80e-86	270
Dm_00018402-RA	AT1G75130.1	N/A	49.061	479	216	4	26	478	26	502	7.51e-169	486
Dm_00018247-RA	AT2G03890.1	N/A	67.069	662	184	9	1	640	1	650	0.0	859
Dm_00018341-RA	AT4G15850.1	N/A	66.229	533	163	5	90	619	1	519	0.0	693
Dm_00013622-RA	AT3G44530.2	N/A	68.358	1005	283	9	1	1000	1	975	0.0	1375
Dm_00011889-RA	AT1G60900.1	N/A	77.922	385	79	3	26	407	208	589	0.0	617
Dm_00013571-RA	AT3G58560.1	N/A	75.041	605	132	8	1	593	1	598	0.0	893
Dm_00010400-RA	AT3G46450.1	N/A	52.657	207	98	0	16	222	201	407	2.71e-84	261
Dm_00009218-RA	AT1G74260.1	N/A	79.310	1334	268	3	86	1418	80	1406	0.0	2231
Dm_00011376-RA	AT1G16570.1	N/A	59.275	469	136	4	17	442	1	457	0.0	547
Dm_00011352-RA	AT1G34160.1	N/A	55.707	587	244	5	38	614	1	581	0.0	670
Dm_00011675-RA	AT3G26990.2	N/A	47.173	566	213	12	36	569	1	512	5.15e-145	428
Dm_00009092-RA	AT5G10710.1	N/A	45.936	283	84	7	132	394	74	307	2.89e-69	221
Dm_00011737-RA	AT4G18770.1	N/A	42.632	380	150	12	108	479	96	415	1.18e-77	251
Dm_00011463-RA	AT4G02120.1	N/A	79.474	570	79	2	1	561	1	541	0.0	922
Dm_00013490-RA	AT5G65750.1	N/A	85.700	1021	143	2	1	1018	1	1021	0.0	1866
Dm_00012806-RA	AT5G08490.8	N/A	49.372	796	383	7	41	824	20	807	0.0	775
Dm_00013375-RA	AT4G21065.1	N/A	62.199	582	214	5	34	609	14	595	0.0	775
Dm_00013247-RA	AT1G67325.1	N/A	68.551	283	70	6	4	280	3	272	3.58e-120	348
Dm_00010991-RA	AT3G17465.1	N/A	69.817	328	94	3	1	327	1	324	2.69e-163	458
Dm_00010968-RA	AT3G61040.1	N/A	45.532	470	243	6	47	510	34	496	2.29e-144	424
Dm_00015606-RA	AT1G09620.1	N/A	71.809	1089	291	5	8	1092	5	1081	0.0	1651
Dm_00002866-RA	AT1G74790.1	N/A	61.431	643	239	6	26	667	21	655	0.0	827
Dm_00002577-RA	AT5G49580.1	N/A	44.085	710	328	16	5	688	1	667	0.0	547
Dm_00002583-RA	AT5G28060.1	N/A	76.087	138	19	1	1	138	1	124	1.31e-71	211
Dm_00002585-RA	AT3G22530.1	N/A	49.342	152	65	3	1	147	32	176	1.73e-43	143
Dm_00008127-RA	AT2G31660.1	N/A	74.566	1038	257	4	1	1034	1	1035	0.0	1556
Dm_00007505-RA	AT5G55190.1	N/A	89.450	218	23	0	265	482	1	218	9.92e-145	414
Dm_00008067-RA	AT4G25960.1	N/A	76.117	1231	277	3	21	1238	46	1272	0.0	1937
Dm_00008744-RA	AT5G66240.1	N/A	72.789	294	51	1	14	307	64	328	3.36e-153	432
Dm_00009491-RA	AT5G47030.1	N/A	71.094	128	35	1	16	141	76	203	2.92e-61	187
Dm_00009492-RA	AT5G47030.1	N/A	59.783	92	35	1	4	95	3	92	2.83e-32	114
Dm_00008221-RA	AT4G03500.2	N/A	40.351	570	300	9	104	664	79	617	4.36e-123	379
Dm_00009431-RA	AT2G30620.2	N/A	50.000	164	69	3	1	159	1	156	3.48e-33	121
Dm_00013480-RA	AT5G53390.1	N/A	28.621	290	176	9	14	297	16	280	1.01e-27	112
Dm_00013481-RA	AT5G12420.1	N/A	37.190	121	76	0	2	122	354	474	3.47e-21	87.8
Dm_00015764-RA	AT5G03340.1	N/A	91.885	801	59	4	1	797	1	799	0.0	1511
Dm_00000847-RA	AT1G50840.2	N/A	64.260	845	241	10	289	1120	255	1051	0.0	1103
Dm_00000859-RA	AT1G11650.2	N/A	58.005	381	140	9	43	418	1	366	1.70e-139	405
Dm_00000865-RA	AT2G05710.1	N/A	84.755	938	137	2	82	1018	58	990	0.0	1685
Dm_00000574-RA	AT5G20890.1	N/A	88.550	524	60	0	1	524	3	526	0.0	936
Dm_00000586-RA	AT1G55040.1	N/A	50.826	726	303	17	6	713	3	692	0.0	581
Dm_00000587-RA	AT1G09020.1	N/A	70.348	489	123	3	1	470	1	486	0.0	691
Dm_00000597-RA	AT1G80190.4	N/A	57.692	208	71	5	6	208	1	196	1.31e-79	238
Dm_00000616-RA	AT3G05545.1	N/A	44.575	424	153	22	10	380	27	421	2.60e-72	233
Dm_00001138-RA	AT2G16090.1	N/A	61.706	598	198	9	30	605	2	590	0.0	738
Dm_00003724-RA	AT3G16010.1	N/A	67.994	628	197	3	7	632	10	635	0.0	891
Dm_00003732-RA	AT1G52320.2	N/A	51.238	808	306	15	1	747	1	781	0.0	684
Dm_00003549-RA	AT3G04590.2	N/A	48.980	245	97	7	79	298	165	406	3.11e-64	207
Dm_00003801-RA	AT5G23530.1	N/A	51.176	340	154	4	1	340	1	328	5.19e-123	357
Dm_00003808-RA	AT5G22260.1	N/A	45.934	701	311	18	30	711	15	666	0.0	570
Dm_00003814-RA	AT5G08500.1	N/A	75.619	525	106	4	251	758	71	590	0.0	800
Dm_00004155-RA	AT4G32420.1	N/A	70.286	175	52	0	1	175	1	175	8.82e-86	290
Dm_00003968-RA	AT4G09040.1	N/A	49.466	281	123	4	4	272	3	276	1.97e-75	233
Dm_00000446-RA	AT5G53480.1	N/A	81.473	869	161	0	7	875	1	869	0.0	1468
Dm_00000456-RA	AT4G10955.1	N/A	49.852	337	156	5	41	377	27	350	4.27e-112	331
Dm_00001254-RA	AT4G11420.1	N/A	68.889	990	277	8	1	964	1	985	0.0	1271
Dm_00000628-RA	AT5G11430.1	N/A	36.472	924	410	32	91	971	39	828	1.79e-138	439
Dm_00000643-RA	AT4G32720.2	N/A	51.861	403	162	7	9	409	6	378	3.84e-123	362
Dm_00000648-RA	AT5G57850.1	N/A	68.598	328	96	3	12	336	50	373	9.85e-161	454
Dm_00000646-RA	AT5G25757.1	N/A	81.707	492	88	2	19	509	10	500	0.0	835
Dm_00011879-RA	AT4G29520.1	N/A	62.452	261	95	1	30	287	30	290	1.78e-113	330
Dm_00009770-RA	AT5G05210.1	N/A	47.135	384	152	9	23	370	14	382	1.82e-84	262
Dm_00012758-RA	AT4G16280.4	N/A	39.850	665	237	19	39	689	40	555	2.57e-105	339
Dm_00012524-RA	AT2G36490.1	N/A	79.245	53	11	0	2	54	1305	1357	2.93e-24	97.4
Dm_00012004-RA	AT3G58530.1	N/A	53.015	398	124	4	18	415	19	353	2.78e-139	402
Dm_00012027-RA	AT4G34030.1	N/A	81.450	469	85	1	435	903	121	587	0.0	785
Dm_00012991-RA	AT5G38600.3	N/A	43.266	349	114	13	4	335	92	373	3.60e-64	211
Dm_00017508-RA	AT5G42150.1	N/A	81.507	146	25	1	4	147	170	315	8.26e-86	254
Dm_00017191-RA	AT3G54660.1	N/A	68.467	574	139	8	6	548	3	565	0.0	781
Dm_00017020-RA	AT3G13920.1	N/A	82.110	436	54	1	1	436	1	412	0.0	733
Dm_00015134-RA	AT4G02280.1	N/A	82.099	486	86	1	1	485	78	563	0.0	845
Dm_00001969-RA	AT1G65380.1	N/A	57.511	699	286	6	40	737	29	717	0.0	728
Dm_00002167-RA	AT2G03150.1	N/A	56.566	297	117	4	399	685	422	716	1.05e-108	374
Dm_00002183-RA	AT3G11810.1	N/A	43.417	357	153	7	10	344	14	343	2.08e-78	244
Dm_00002174-RA	AT5G23710.1	N/A	42.979	235	118	7	12	237	3	230	8.54e-48	157
Dm_00001549-RA	AT4G13780.1	N/A	70.913	832	180	3	14	825	8	797	0.0	1212
Dm_00001544-RA	AT4G30990.1	N/A	43.910	312	159	5	35	339	2294	2596	3.27e-79	264
Dm_00004986-RA	AT4G04970.1	N/A	66.722	1794	556	14	33	1812	2	1768	0.0	2402
Dm_00004891-RA	AT2G04740.1	N/A	69.910	555	156	4	55	607	26	571	0.0	800
Dm_00004889-RA	AT3G14040.1	N/A	59.942	342	134	2	50	391	102	440	4.02e-148	429
Dm_00006042-RA	AT4G27010.2	N/A	35.815	2767	1433	65	46	2678	17	2574	0.0	1351
Dm_00006045-RA	AT5G54900.1	N/A	62.463	341	97	6	108	445	58	370	3.22e-143	415
Dm_00016620-RA	AT2G29760.1	N/A	36.870	575	358	4	20	591	36	608	5.68e-138	419
Dm_00011746-RA	AT3G62830.1	N/A	65.769	260	79	4	1	258	1	252	1.36e-111	330
Dm_00011039-RA	AT1G26460.1	N/A	60.948	612	233	3	9	614	12	623	0.0	773
Dm_00011011-RA	AT5G60390.1	N/A	94.655	449	24	0	1	449	1	449	0.0	886
Dm_00011170-RA	AT1G56070.1	N/A	93.112	842	58	0	20	861	2	843	0.0	1657
Dm_00011173-RA	AT1G77120.1	N/A	77.215	395	73	2	3	397	2	379	0.0	635
Dm_00011718-RA	AT2G28150.1	N/A	53.631	537	213	19	1	517	1	521	2.22e-148	436
Dm_00011719-RA	AT5G22920.1	N/A	68.592	277	84	2	18	291	5	281	7.76e-145	409
Dm_00010752-RA	AT3G20050.1	N/A	86.245	538	60	1	136	659	8	545	0.0	945
Dm_00019785-RA	AT1G31830.1	N/A	70.122	492	139	4	1	484	1	492	0.0	698
Dm_00019693-RA	AT4G33090.1	N/A	71.034	870	235	2	4	856	2	871	0.0	1308
Dm_00019557-RA	AT5G65010.1	N/A	84.238	571	69	1	1	571	1	550	0.0	1021
Dm_00019615-RA	AT5G06550.1	N/A	71.767	464	123	4	52	514	46	502	0.0	689
Dm_00019793-RA	AT5G66520.1	N/A	39.683	630	330	12	29	624	7	620	6.21e-159	470
Dm_00004795-RA	AT3G18100.1	N/A	43.988	657	303	14	45	682	81	691	7.16e-166	499
Dm_00004705-RA	AT4G35630.1	N/A	76.709	395	83	4	48	440	42	429	0.0	638
Dm_00004706-RA	AT2G17620.1	N/A	57.143	427	147	11	9	434	32	423	2.74e-145	421
Dm_00004505-RA	AT5G60670.1	N/A	88.485	165	19	0	1	165	1	165	3.37e-105	298
Dm_00001938-RA	AT1G16020.1	N/A	54.450	573	190	6	7	576	2	506	0.0	622
Dm_00001942-RA	AT1G68050.1	N/A	67.147	624	152	12	83	706	48	618	0.0	826
Dm_00001952-RA	AT5G25060.1	N/A	68.265	980	258	15	110	1077	5	943	0.0	1228
Dm_00002320-RA	AT1G80720.1	N/A	48.469	196	94	3	1	195	1	190	1.54e-64	197
Dm_00004075-RA	AT3G61540.1	N/A	67.311	517	152	4	7	512	5	515	0.0	725
Dm_00003898-RA	AT3G49950.1	N/A	55.581	430	146	10	75	491	12	409	8.27e-153	442
Dm_00003893-RA	AT2G23060.1	N/A	68.735	419	116	5	11	424	5	413	0.0	587
Dm_00019678-RA	AT5G09810.1	N/A	98.408	377	6	0	1	377	1	377	0.0	772
Dm_00019496-RA	AT3G52380.1	N/A	48.585	212	82	2	119	304	117	327	5.96e-66	210
Dm_00020195-RA	AT3G57150.1	N/A	80.994	463	68	2	1	463	1	443	0.0	734
Dm_00020360-RA	AT4G11060.1	N/A	51.111	225	81	6	1	225	1	196	9.90e-65	204
Dm_00020635-RA	AT3G49910.1	N/A	82.979	141	22	2	1	139	1	141	1.17e-81	237
Dm_00020363-RA	AT4G22350.2	N/A	70.662	559	132	7	11	563	6	538	0.0	741
Dm_00001458-RA	AT4G21660.1	N/A	66.894	586	153	11	1	559	1	572	0.0	677
Dm_00002156-RA	AT2G25140.1	N/A	76.383	940	202	4	58	992	38	962	0.0	1459
Dm_00001809-RA	AT5G26860.1	N/A	69.620	1027	218	10	1	1024	46	981	0.0	1369
Dm_00008672-RA	AT5G54080.2	N/A	83.488	430	69	1	21	450	13	440	0.0	766
Dm_00009690-RA	AT4G37030.1	N/A	63.919	546	193	3	14	557	12	555	0.0	720
Dm_00009207-RA	AT4G36630.1	N/A	68.900	1000	297	7	1	996	1	990	0.0	1417
Dm_00007907-RA	AT3G16260.1	N/A	63.932	829	237	11	1	811	133	917	0.0	1028
Dm_00007948-RA	AT3G07670.1	N/A	69.293	495	128	4	8	482	6	496	0.0	670
Dm_00007949-RA	AT5G48220.1	N/A	64.198	405	107	7	8	403	3	378	0.0	510
Dm_00009636-RA	AT1G51580.1	N/A	35.039	645	363	19	46	682	21	617	4.12e-95	307
Dm_00009637-RA	AT4G19890.1	N/A	61.619	667	236	7	53	717	53	701	0.0	834
Dm_00017287-RA	AT5G23250.1	N/A	79.118	340	58	1	1	327	1	340	0.0	541
Dm_00009342-RA	AT5G58130.1	N/A	35.271	258	98	10	66	319	69	261	3.85e-31	130
Dm_00008736-RA	AT5G20250.4	N/A	73.158	760	193	4	1	760	96	844	0.0	1173
Dm_00013293-RA	AT1G10070.2	N/A	71.477	298	84	1	17	314	55	351	4.50e-163	461
Dm_00014367-RA	AT5G03560.4	N/A	61.091	275	85	5	49	321	107	361	4.11e-105	312
Dm_00013017-RA	AT4G04940.1	N/A	68.548	957	237	9	1	951	1	899	0.0	1331
Dm_00013141-RA	AT1G72440.1	N/A	53.395	972	373	19	3	919	1	947	0.0	897
Dm_00000469-RA	AT5G60450.2	N/A	55.657	769	273	12	50	807	37	748	0.0	796
Dm_00000467-RA	AT3G53390.1	N/A	66.406	512	150	7	28	522	24	530	0.0	707
Dm_00000486-RA	AT2G28050.1	N/A	40.107	374	220	4	67	437	42	414	4.98e-92	287
Dm_00000494-RA	AT2G28000.1	N/A	81.053	95	18	0	6	100	492	586	1.41e-40	140
Dm_00015223-RA	AT5G10910.1	N/A	57.801	391	140	6	76	460	63	434	1.21e-142	415
Dm_00011653-RA	AT5G38690.1	N/A	38.284	606	307	13	52	635	8	568	7.39e-124	379
Dm_00014775-RA	AT2G42120.2	N/A	68.502	454	111	1	1	454	1	422	0.0	650
Dm_00014753-RA	AT5G17380.1	N/A	78.772	570	121	0	7	576	3	572	0.0	928
Dm_00014131-RA	AT1G71691.2	N/A	69.970	333	99	1	54	385	52	384	5.39e-176	495
Dm_00014289-RA	AT1G29940.1	N/A	64.324	185	63	2	10	191	550	734	1.57e-77	251
Dm_00014354-RA	AT1G09570.3	N/A	69.798	1139	324	4	4	1142	6	1124	0.0	1667
Dm_00014347-RA	AT2G40570.1	N/A	58.613	476	164	10	11	482	11	457	0.0	530
Dm_00010472-RA	AT3G07770.1	N/A	71.696	802	204	5	1	799	1	782	0.0	1141
Dm_00010531-RA	AT3G10690.1	N/A	69.103	903	231	9	43	901	48	946	0.0	1219
Dm_00008310-RA	AT3G46870.1	N/A	68.359	256	77	3	3	258	4	255	1.13e-119	342
Dm_00008316-RA	AT4G28390.1	N/A	82.540	378	62	3	3	376	2	379	0.0	605
Dm_00009036-RA	AT2G16030.1	N/A	44.444	243	120	3	1	240	1	231	3.41e-68	210
Dm_00007029-RA	AT3G01470.1	N/A	41.000	300	137	12	42	339	10	271	3.72e-48	163
Dm_00010367-RA	AT2G30570.1	N/A	59.406	101	35	2	3	103	39	133	8.04e-31	106
Dm_00000063-RA	AT3G11630.1	N/A	82.653	196	17	1	54	232	71	266	9.24e-118	337
Dm_00001080-RA	AT4G37210.1	N/A	55.582	421	165	8	62	472	74	482	9.22e-135	398
Dm_00001098-RA	AT2G20420.1	N/A	79.426	418	62	1	2	395	1	418	0.0	682
Dm_00000667-RA	AT4G18780.1	N/A	75.956	994	164	10	1	928	1	985	0.0	1523
Dm_00000675-RA	AT1G29160.1	N/A	51.429	175	60	4	20	184	8	167	2.54e-50	160
Dm_00000694-RA	AT1G28690.1	N/A	55.513	517	207	8	20	522	10	517	0.0	577
Dm_00000690-RA	AT4G18570.1	N/A	75.342	292	62	5	367	648	351	642	3.94e-144	434
Dm_00001506-RA	AT5G56140.1	N/A	66.885	305	75	5	5	302	28	313	1.80e-135	386
Dm_00001519-RA	AT3G07660.1	N/A	31.957	460	224	25	449	824	293	747	1.11e-29	127
Dm_00001923-RA	AT4G05020.1	N/A	75.451	554	133	3	34	586	31	582	0.0	857
Dm_00001916-RA	AT2G22360.1	N/A	77.744	328	64	3	21	347	120	439	0.0	508
Dm_00001921-RA	AT5G11810.1	N/A	44.843	223	112	5	1	220	92	306	1.31e-55	179
Dm_00001594-RA	AT2G01130.1	N/A	69.831	1064	308	4	163	1220	56	1112	0.0	1534
Dm_00010458-RA	AT3G51840.1	N/A	68.319	464	69	3	90	552	10	396	0.0	638
Dm_00007357-RA	AT1G10490.1	N/A	70.771	999	236	10	1	951	1	991	0.0	1355
Dm_00010678-RA	AT1G44920.1	N/A	63.402	194	68	2	84	275	58	250	6.47e-83	249
Dm_00008495-RA	AT1G09770.1	N/A	74.970	835	206	2	1	835	1	832	0.0	1237
Dm_00010149-RA	AT2G28110.1	N/A	62.381	420	144	4	52	458	22	440	0.0	549
Dm_00011137-RA	AT4G24620.1	N/A	78.939	622	116	4	3	622	2	610	0.0	1023
Dm_00013037-RA	AT1G55620.2	N/A	64.144	806	234	9	50	837	11	779	0.0	983
Dm_00012683-RA	AT5G38560.1	N/A	59.381	485	154	7	242	719	218	666	0.0	581
Dm_00013915-RA	AT3G22150.2	N/A	55.820	799	327	5	22	816	25	801	0.0	925
Dm_00011944-RA	AT1G10700.1	N/A	61.220	410	108	5	47	452	49	411	2.51e-171	487
Dm_00010864-RA	AT5G03340.1	N/A	91.855	798	60	2	9	801	13	810	0.0	1500
Dm_00011642-RA	AT1G72330.1	N/A	73.712	563	113	5	1	551	1	540	0.0	844
Dm_00009730-RA	AT5G02540.1	N/A	72.274	321	89	0	8	328	1	321	8.04e-169	473
Dm_00010091-RA	AT3G21215.3	N/A	64.238	151	37	2	1	140	1	145	1.66e-54	174
Dm_00010090-RA	AT3G21215.3	N/A	83.146	89	15	0	37	125	225	313	2.68e-51	165
Dm_00011684-RA	AT3G15000.1	N/A	54.321	162	55	4	17	169	11	162	4.56e-44	150
Dm_00001180-RA	AT3G57260.2	N/A	53.398	309	136	3	1	308	54	355	4.92e-109	321
Dm_00001196-RA	AT4G24290.3	N/A	38.235	680	323	9	11	688	14	598	1.67e-149	447
Dm_00017447-RA	AT2G40070.1	N/A	59.016	610	189	16	1	559	1	600	0.0	545
Dm_00017613-RA	AT1G79360.1	N/A	45.131	534	269	8	4	526	5	525	2.04e-160	467
Dm_00017701-RA	AT4G20940.1	N/A	67.678	1055	321	11	17	1069	1	1037	0.0	1365
Dm_00016715-RA	AT3G13460.1	N/A	54.250	647	261	19	1	635	1	624	0.0	630
Dm_00016714-RA	AT3G13470.1	N/A	85.455	605	76	2	1	605	1	593	0.0	1010
Dm_00016274-RA	AT4G30100.1	N/A	61.677	1336	429	23	1	1314	1	1275	0.0	1568
Dm_00016527-RA	AT1G05500.1	N/A	63.368	576	178	5	1	559	1	560	0.0	758
Dm_00003512-RA	AT1G59760.1	N/A	75.992	1008	217	7	81	1083	1	988	0.0	1557
Dm_00003508-RA	AT1G12820.1	N/A	54.704	574	249	3	22	584	4	577	0.0	633
Dm_00003510-RA	AT4G21470.1	N/A	68.254	378	118	1	1	378	3	378	0.0	539
Dm_00003797-RA	AT5G35430.1	N/A	44.262	854	389	20	3	845	1	778	0.0	608
Dm_00003787-RA	AT1G15690.1	N/A	86.423	766	101	1	4	766	5	770	0.0	1356
Dm_00004063-RA	AT2G34500.1	N/A	65.538	502	158	4	2	503	1	487	0.0	681
Dm_00004054-RA	AT1G02640.1	N/A	45.131	842	371	14	1	834	1	759	0.0	723
Dm_00003957-RA	AT1G60140.4	N/A	70.336	863	251	2	1	860	1	861	0.0	1302
Dm_00004252-RA	AT4G38120.3	N/A	45.798	1190	585	16	8	1169	6	1163	0.0	912
Dm_00001780-RA	AT2G36460.1	N/A	82.353	357	52	2	1	346	1	357	0.0	591
Dm_00001790-RA	AT3G52790.1	N/A	51.887	106	43	2	17	114	4	109	1.38e-32	111
Dm_00001895-RA	AT1G55810.1	N/A	82.863	461	73	2	4	463	1	456	0.0	795
Dm_00001890-RA	AT3G13225.2	N/A	34.120	1017	512	31	1	984	1	892	1.55e-117	382
Dm_00001300-RA	AT5G23300.1	N/A	79.625	427	70	3	25	438	18	440	0.0	676
Dm_00001305-RA	AT3G19740.1	N/A	73.964	603	115	2	64	666	432	992	0.0	902
Dm_00001316-RA	AT3G09100.2	N/A	62.857	630	212	10	26	645	55	672	0.0	778
Dm_00014126-RA	AT2G43820.1	N/A	54.212	463	185	7	11	467	7	448	2.74e-180	512
Dm_00005195-RA	AT3G49180.1	N/A	56.319	364	141	6	1	355	1	355	1.43e-147	426
Dm_00005192-RA	AT4G15410.1	N/A	52.546	432	182	9	1	420	1	421	7.65e-123	363
Dm_00005298-RA	AT3G56160.3	N/A	60.059	338	121	3	64	397	80	407	7.47e-126	369
Dm_00005100-RA	AT5G04590.1	N/A	75.430	639	155	2	1	637	1	639	0.0	1015
Dm_00005464-RA	AT4G26780.1	N/A	63.374	243	79	2	21	261	61	295	5.14e-86	259
Dm_00004872-RA	AT1G63770.3	N/A	72.899	583	133	2	1	583	430	987	0.0	886
Dm_00008634-RA	AT5G06860.1	N/A	49.048	210	97	6	37	240	25	230	6.50e-54	177
Dm_00009274-RA	AT3G46210.2	N/A	73.786	206	47	1	1	199	1	206	2.49e-112	320
Dm_00004682-RA	AT1G16350.1	N/A	66.331	496	160	3	7	499	4	495	0.0	653
Dm_00005478-RA	AT1G02870.1	N/A	61.157	121	39	3	1	119	1	115	5.17e-44	142
Dm_00005374-RA	AT2G02990.1	N/A	61.275	204	78	1	22	225	28	230	2.47e-98	286
Dm_00005355-RA	AT2G35680.1	N/A	35.942	345	134	12	1	269	1	334	1.83e-47	161
Dm_00005454-RA	AT4G04910.1	N/A	75.729	754	164	2	3	756	5	739	0.0	1188
Dm_00005452-RA	AT5G53770.1	N/A	58.811	471	181	5	2	465	9	473	0.0	540
Dm_00001693-RA	AT3G48330.2	N/A	70.870	230	67	0	104	333	1	230	3.59e-123	354
Dm_00002064-RA	AT1G19250.1	N/A	37.037	297	159	9	310	595	239	518	2.83e-54	193
Dm_00002065-RA	AT4G38380.2	N/A	50.446	561	207	9	18	568	37	536	2.29e-166	489
Dm_00002070-RA	AT5G20630.1	N/A	68.075	213	65	1	1	213	1	210	1.32e-98	285
Dm_00002068-RA	AT4G35240.3	N/A	46.241	878	313	28	1	810	1	787	0.0	572
Dm_00001654-RA	AT1G49760.1	N/A	71.474	631	171	6	27	654	44	668	0.0	880
Dm_00019610-RA	AT2G43780.2	N/A	84.000	50	8	0	5	54	7	56	4.81e-25	87.8
Dm_00019650-RA	AT2G04350.2	N/A	71.407	675	189	1	57	727	45	719	0.0	1036
Dm_00019694-RA	AT2G34260.1	N/A	64.138	290	71	3	1	279	1	268	6.70e-128	367
Dm_00019614-RA	AT4G33865.1	N/A	92.593	54	4	0	1	54	1	54	2.42e-32	107
Dm_00019119-RA	AT2G24200.1	N/A	76.046	526	115	2	52	577	5	519	0.0	827
Dm_00012947-RA	AT1G06570.1	N/A	73.942	449	111	3	1	449	1	443	0.0	656
Dm_00012815-RA	AT2G31240.1	N/A	62.585	588	206	5	46	631	41	616	0.0	740
Dm_00009555-RA	AT5G38630.1	N/A	71.239	226	64	1	1	225	1	226	6.29e-118	335
Dm_00012783-RA	AT5G14050.1	N/A	61.290	558	193	6	4	552	3	546	0.0	680
Dm_00011759-RA	AT3G25480.1	N/A	54.000	200	85	1	74	273	60	252	1.43e-65	208
Dm_00012995-RA	AT1G80410.1	N/A	73.392	902	229	5	80	977	1	895	0.0	1301
Dm_00014063-RA	AT2G39340.1	N/A	50.977	1024	452	20	2	993	1	1006	0.0	908
Dm_00007805-RA	AT5G53860.1	N/A	69.293	368	113	0	24	391	21	388	0.0	562
Dm_00008134-RA	AT3G12390.1	N/A	77.885	208	34	3	6	210	5	203	4.18e-82	243
Dm_00007976-RA	AT1G13980.2	N/A	77.307	1441	313	5	1	1437	1	1431	0.0	2287
Dm_00007880-RA	AT1G05590.2	N/A	63.419	585	197	9	10	589	4	576	0.0	772
Dm_00009292-RA	AT2G02090.1	N/A	67.391	782	200	7	1	746	1	763	0.0	1033
Dm_00009450-RA	AT3G60190.1	N/A	72.874	435	68	3	40	467	231	622	0.0	643
Dm_00008772-RA	AT3G58660.1	N/A	58.000	250	103	2	8	255	18	267	5.65e-102	310
Dm_00008770-RA	AT3G01720.1	N/A	63.992	511	164	5	35	540	300	795	0.0	681
Dm_00008592-RA	AT5G22640.1	N/A	52.020	792	310	15	10	776	73	819	0.0	718
Dm_00009367-RA	AT1G60170.1	N/A	69.679	498	102	3	1	496	1	451	0.0	625
Dm_00001560-RA	AT3G08650.2	N/A	71.701	576	161	1	20	595	46	619	0.0	796
Dm_00001572-RA	AT5G07400.1	N/A	46.992	1064	477	23	70	1103	15	1021	0.0	868
Dm_00001441-RA	AT5G63190.2	N/A	73.962	626	160	3	64	687	73	697	0.0	945
Dm_00001497-RA	AT4G17510.1	N/A	64.679	218	62	4	38	248	25	234	2.12e-95	280
Dm_00001487-RA	AT3G50790.1	N/A	69.516	351	104	2	83	431	40	389	1.06e-179	508
Dm_00001722-RA	AT4G33945.1	N/A	51.368	475	192	4	6	454	2	463	9.28e-156	449
Dm_00001725-RA	AT2G25970.1	N/A	39.616	573	249	19	30	547	63	593	1.78e-78	261
Dm_00016850-RA	AT1G01510.1	N/A	66.086	631	207	6	19	645	2	629	0.0	820
Dm_00017927-RA	AT2G32730.1	N/A	81.405	1011	167	10	1	997	1	1004	0.0	1598
Dm_00017605-RA	AT5G38640.1	N/A	63.220	677	183	14	1	665	1	623	0.0	747
Dm_00018060-RA	AT1G36320.1	N/A	55.030	338	151	1	63	399	77	414	4.68e-137	398
Dm_00011818-RA	AT2G25620.1	N/A	77.720	193	39	1	251	439	200	392	7.35e-104	314
Dm_00014002-RA	AT5G06750.1	N/A	65.625	384	126	3	1	378	8	391	0.0	508
Dm_00012763-RA	AT5G14500.1	N/A	71.711	304	86	0	33	336	1	304	8.57e-171	477
Dm_00013560-RA	AT5G25610.1	N/A	49.733	374	148	9	9	347	21	389	1.35e-104	313
Dm_00013781-RA	AT5G10920.1	N/A	77.459	488	109	1	57	543	30	517	0.0	789
Dm_00007333-RA	AT5G60580.3	N/A	58.313	415	160	6	28	436	38	445	2.41e-156	452
Dm_00006272-RA	AT1G22710.1	N/A	68.667	450	125	5	11	453	17	457	0.0	624
Dm_00018726-RA	AT2G27230.1	N/A	52.778	324	87	6	672	994	349	607	1.53e-87	295
Dm_00018741-RA	AT3G23940.1	N/A	84.919	557	84	0	68	624	52	608	0.0	990
Dm_00018742-RA	AT1G23450.1	N/A	49.853	339	170	0	30	368	32	370	7.59e-102	322
Dm_00018687-RA	AT1G30820.1	N/A	74.380	605	143	4	1	602	1	596	0.0	918
Dm_00017935-RA	AT3G09630.1	N/A	81.034	406	77	0	1	406	1	406	0.0	684
Dm_00017934-RA	AT5G02850.1	N/A	57.590	415	144	7	66	457	1	406	1.05e-120	360
Dm_00018435-RA	AT5G62440.1	N/A	70.270	111	33	0	77	187	59	169	1.12e-54	174
Dm_00018459-RA	AT4G11650.1	N/A	57.065	184	78	1	12	195	7	189	1.30e-71	217
Dm_00007546-RA	AT1G76460.1	N/A	53.737	281	87	4	22	267	9	281	9.19e-100	295
Dm_00006870-RA	AT3G49010.2	N/A	80.628	191	37	0	2	192	1	191	2.06e-115	327
Dm_00007153-RA	AT1G24110.1	N/A	59.215	331	123	3	182	511	3	322	7.66e-136	396
Dm_00006651-RA	AT3G07660.1	N/A	44.107	823	383	30	2	786	58	841	5.69e-167	504
Dm_00006553-RA	AT3G48160.2	N/A	44.866	448	163	12	18	461	29	396	6.13e-109	328
Dm_00006554-RA	AT1G74920.1	N/A	78.643	501	105	1	1	499	1	501	0.0	845
Dm_00010391-RA	AT2G25970.1	N/A	47.493	678	249	25	1	658	1	591	1.07e-128	394
Dm_00010336-RA	AT2G12550.1	N/A	49.912	567	202	7	3	498	2	557	0.0	523
Dm_00009740-RA	AT4G38040.1	N/A	75.291	429	78	5	1	405	1	425	0.0	666
Dm_00009483-RA	AT3G11940.2	N/A	77.033	209	45	1	1	209	1	206	2.54e-116	331
Dm_00005319-RA	AT3G51050.1	N/A	70.673	416	98	4	1	414	303	696	0.0	609
Dm_00013039-RA	AT3G09090.1	N/A	69.455	789	194	8	19	760	108	896	0.0	1062
Dm_00013800-RA	AT1G69200.1	N/A	56.000	575	229	10	1	552	1	574	0.0	606
Dm_00012164-RA	AT5G46580.1	N/A	55.509	717	299	9	1	712	1	702	0.0	832
Dm_00013550-RA	AT1G43850.1	N/A	58.209	871	249	30	1	832	1	795	0.0	698
Dm_00013645-RA	AT3G02320.1	N/A	76.744	559	123	2	20	578	3	554	0.0	916
Dm_00012503-RA	AT3G02080.1	N/A	88.182	110	13	0	10	119	29	138	1.15e-68	203
Dm_00001330-RA	AT2G30970.2	N/A	81.010	416	69	1	19	434	25	430	0.0	731
Dm_00001341-RA	AT1G04170.2	N/A	89.978	459	45	1	1	458	1	459	0.0	866
Dm_00002233-RA	AT4G15080.1	N/A	52.450	755	282	23	26	761	16	712	0.0	666
Dm_00002234-RA	AT3G06540.1	N/A	52.259	509	214	7	1	489	1	500	6.11e-163	474
Dm_00002003-RA	AT1G26880.1	N/A	90.833	120	11	0	1	120	1	120	5.72e-75	218
Dm_00001622-RA	AT1G15690.1	N/A	81.095	767	133	3	390	1146	6	770	0.0	1261
Dm_00015432-RA	AT4G10760.1	N/A	82.407	324	50	2	10	333	359	675	0.0	577
Dm_00019780-RA	AT3G11830.1	N/A	90.875	537	49	0	1	537	1	537	0.0	988
Dm_00018513-RA	AT3G18440.1	N/A	39.300	514	283	10	42	545	75	569	4.45e-109	338
Dm_00018333-RA	AT5G65500.2	N/A	45.700	814	390	15	7	802	20	799	0.0	657
Dm_00018804-RA	AT4G00570.1	N/A	80.847	590	108	3	23	610	21	607	0.0	1015
Dm_00018552-RA	AT4G17570.3	N/A	50.667	525	219	15	3	511	12	512	2.15e-130	391
Dm_00018716-RA	AT1G17840.1	N/A	55.993	534	218	5	49	568	129	659	0.0	557
Dm_00014752-RA	AT1G12950.1	N/A	68.000	275	84	1	41	311	34	308	1.20e-126	372
Dm_00018775-RA	AT4G27950.1	N/A	41.411	326	140	14	1	309	7	298	2.20e-56	187
Dm_00018505-RA	AT1G07510.1	N/A	76.963	777	166	6	20	791	45	813	0.0	1200
Dm_00016877-RA	AT2G47500.1	N/A	60.000	995	326	19	10	996	13	943	0.0	1109
Dm_00001153-RA	AT1G80950.1	N/A	55.804	448	139	6	1	439	1	398	8.07e-172	487
Dm_00001159-RA	AT1G45160.1	N/A	46.339	915	406	17	12	925	71	901	0.0	709
Dm_00000731-RA	AT4G20010.2	N/A	42.000	300	138	4	81	364	86	365	2.70e-69	225
Dm_00000741-RA	AT5G57360.1	N/A	74.277	622	134	7	1	609	1	609	0.0	929
Dm_00000757-RA	AT5G57580.1	N/A	66.041	639	198	10	11	637	6	637	0.0	830
Dm_00000756-RA	AT3G13080.1	N/A	66.779	1490	474	11	29	1505	31	1512	0.0	1971
Dm_00000177-RA	AT2G46680.1	N/A	61.682	107	41	0	44	150	19	125	4.10e-39	139
Dm_00000182-RA	AT4G00820.1	N/A	35.088	342	172	7	3	309	145	471	1.13e-41	151
Dm_00000191-RA	AT5G24460.1	N/A	61.084	203	66	5	41	236	101	297	4.13e-72	222
Dm_00001352-RA	AT3G03990.1	N/A	77.273	264	60	0	3	266	4	267	6.75e-152	424
Dm_00001369-RA	AT1G19990.1	N/A	60.000	85	31	2	96	179	115	197	2.75e-29	110
Dm_00001376-RA	AT5G42560.1	N/A	44.984	309	137	7	1	296	1	289	1.35e-79	244
Dm_00001877-RA	AT5G48060.1	N/A	73.101	803	199	9	5	804	248	1036	0.0	1236
Dm_00001880-RA	AT3G52140.1	N/A	63.746	1495	409	19	38	1499	1	1395	0.0	1786
Dm_00001676-RA	AT4G02220.1	N/A	44.279	402	184	4	42	443	52	413	2.33e-112	337
Dm_00001680-RA	AT5G63190.2	N/A	70.391	716	190	5	1	714	1	696	0.0	998
Dm_00001681-RA	AT3G48380.2	N/A	67.317	410	92	4	37	440	266	639	0.0	547
Dm_00001673-RA	AT5G63260.1	N/A	40.967	393	151	10	116	494	80	405	1.59e-87	276
Dm_00001685-RA	AT5G63180.1	N/A	76.675	403	80	3	11	409	35	427	0.0	635
Dm_00020476-RA	AT1G10270.1	N/A	62.615	543	198	1	39	576	86	628	0.0	673
Dm_00020382-RA	AT5G14520.1	N/A	64.430	596	183	6	1	581	1	582	0.0	740
Dm_00019348-RA	AT1G78310.1	N/A	46.099	282	121	10	1	258	1	275	9.54e-44	153
Dm_00020444-RA	AT3G06050.1	N/A	68.780	205	59	2	1	204	1	201	3.19e-99	286
Dm_00018920-RA	AT2G45440.1	N/A	75.238	315	78	0	5	319	51	365	0.0	520
Dm_00016847-RA	AT3G58660.1	N/A	51.343	335	146	5	8	335	15	339	6.94e-107	323
Dm_00016998-RA	AT5G43270.1	N/A	44.906	265	118	6	1	257	1	245	3.34e-61	199
Dm_00018846-RA	AT1G09640.1	N/A	72.512	422	104	3	3	423	4	414	0.0	625
Dm_00019167-RA	AT1G63770.6	N/A	72.555	951	181	6	8	883	30	975	0.0	1405
Dm_00016041-RA	AT3G26100.5	N/A	66.261	575	149	5	1	573	1	532	0.0	767
Dm_00006914-RA	AT3G07180.1	N/A	55.128	624	222	11	53	666	15	590	0.0	629
Dm_00006372-RA	AT2G28000.1	N/A	87.636	461	56	1	102	561	31	491	0.0	811
Dm_00005549-RA	AT1G63660.1	N/A	73.872	532	138	1	1	532	1	531	0.0	827
Dm_00006578-RA	AT1G28395.4	N/A	56.044	91	32	3	4	88	1	89	3.63e-22	82.8
Dm_00006580-RA	AT2G20580.1	N/A	77.067	641	139	2	1	634	252	891	0.0	1006
Dm_00006579-RA	AT4G28450.1	N/A	74.779	452	114	0	1	452	1	452	0.0	739
Dm_00003982-RA	AT3G60740.1	N/A	62.214	1310	409	13	27	1334	29	1254	0.0	1589
Dm_00004865-RA	AT4G29870.1	N/A	71.895	153	37	1	5	157	7	153	7.18e-74	220
Dm_00004564-RA	AT2G46810.1	N/A	37.000	400	168	11	20	406	22	350	2.67e-51	176
Dm_00008936-RA	AT3G59770.2	N/A	51.361	845	358	18	21	857	606	1405	0.0	785
Dm_00007679-RA	AT3G51390.2	N/A	54.799	323	122	6	46	349	12	329	1.83e-95	287
Dm_00007340-RA	AT2G39830.1	N/A	61.837	490	124	5	34	492	70	527	0.0	566
Dm_00007554-RA	AT1G01920.2	N/A	57.026	491	170	5	2	451	3	493	0.0	558
Dm_00008807-RA	AT5G58470.1	N/A	51.429	315	119	7	156	460	88	378	2.60e-61	206
Dm_00008818-RA	AT5G61520.1	N/A	64.909	493	163	3	23	510	17	504	0.0	647
Dm_00006752-RA	AT3G28720.1	N/A	62.330	661	236	5	117	773	36	687	0.0	816
Dm_00000505-RA	AT5G58730.1	N/A	57.567	337	125	5	2	336	18	338	1.69e-129	376
Dm_00000508-RA	AT3G22330.1	N/A	73.364	428	104	3	64	491	56	473	0.0	648
Dm_00000504-RA	AT2G16950.2	N/A	74.487	878	209	3	3	878	2	866	0.0	1366
Dm_00001065-RA	AT2G26695.1	N/A	67.424	132	42	1	5	136	6	136	1.52e-60	183
Dm_00000959-RA	AT3G48800.1	N/A	39.726	365	114	14	1	349	1	275	8.39e-53	176
Dm_00000968-RA	AT3G48730.1	N/A	84.185	411	65	0	1	411	62	472	0.0	731
Dm_00006532-RA	AT5G54390.1	N/A	65.974	385	117	3	1	383	1	373	0.0	518
Dm_00006173-RA	AT3G53110.1	N/A	55.762	269	99	5	28	287	35	292	3.33e-101	305
Dm_00010471-RA	AT5G61030.2	N/A	71.569	102	29	0	1	102	1	102	6.42e-47	160
Dm_00008436-RA	AT5G26600.1	N/A	66.435	432	140	2	27	453	43	474	0.0	597
Dm_00008584-RA	AT4G22260.1	N/A	69.281	306	80	5	4	304	54	350	3.21e-154	436
Dm_00010533-RA	AT2G25530.1	N/A	69.310	290	87	1	12	299	365	654	6.02e-150	436
Dm_00008715-RA	AT5G51660.3	N/A	57.627	177	56	5	1	173	1	162	3.30e-58	196
Dm_00010598-RA	AT2G35330.2	N/A	51.837	735	315	15	1	726	1	705	0.0	620
Dm_00010635-RA	AT3G13920.1	N/A	89.448	417	39	1	1	417	1	412	0.0	771
Dm_00010524-RA	AT1G18700.4	N/A	43.012	644	302	10	80	687	101	715	1.46e-164	490
Dm_00009122-RA	AT1G62740.1	N/A	72.727	583	147	3	1	583	1	571	0.0	869
Dm_00001401-RA	AT3G11580.2	N/A	75.000	120	24	1	48	161	24	143	1.07e-59	187
Dm_00001715-RA	AT1G68290.1	N/A	49.333	300	123	5	16	313	18	290	9.79e-104	305
Dm_00001850-RA	AT4G02480.1	N/A	53.764	1129	415	18	158	1228	186	1265	0.0	1092
Dm_00014978-RA	AT3G04620.1	N/A	79.121	91	19	0	36	126	35	125	1.30e-46	150
Dm_00015155-RA	AT1G49760.1	N/A	71.315	631	165	5	34	653	44	669	0.0	883
Dm_00014821-RA	AT3G18190.1	N/A	86.220	537	73	1	3	539	1	536	0.0	945
Dm_00014665-RA	AT5G52820.1	N/A	79.412	476	95	2	1	476	1	473	0.0	807
Dm_00019091-RA	AT1G29200.2	N/A	65.385	390	130	3	16	404	225	610	0.0	521
Dm_00019090-RA	AT1G11990.2	N/A	39.024	164	86	5	40	197	66	221	1.51e-28	112
Dm_00003482-RA	AT2G14960.1	N/A	76.705	601	127	4	1	600	1	589	0.0	957
Dm_00020677-RA	AT4G01870.2	N/A	60.629	668	240	11	3	666	53	701	0.0	825
Dm_00011892-RA	AT5G04250.2	N/A	41.690	355	122	11	23	339	3	310	1.63e-71	226
Dm_00010851-RA	AT1G19430.1	N/A	58.784	740	274	7	8	735	4	724	0.0	900
Dm_00011288-RA	AT2G03780.1	N/A	69.928	276	68	1	28	303	27	287	1.75e-144	408
Dm_00011570-RA	AT5G04710.1	N/A	81.264	443	82	1	17	459	84	525	0.0	762
Dm_00010680-RA	AT3G27530.1	N/A	66.109	897	294	5	19	907	9	903	0.0	1179
Dm_00000538-RA	AT5G27140.2	N/A	64.169	427	116	4	1	426	1	391	0.0	522
Dm_00020381-RA	AT1G24490.1	N/A	60.041	493	162	9	30	509	25	495	0.0	528
Dm_00005514-RA	AT1G61790.2	N/A	53.824	340	151	3	10	346	10	346	2.99e-135	389
Dm_00006853-RA	AT3G21540.1	N/A	65.253	967	286	9	1	952	1	932	0.0	1259
Dm_00006295-RA	AT1G16270.1	N/A	94.118	51	3	0	99	149	962	1012	2.03e-28	110
Dm_00004694-RA	AT3G54820.1	N/A	77.143	280	61	1	6	282	4	283	2.37e-155	435
Dm_00000929-RA	AT4G13220.1	N/A	51.969	127	44	2	139	260	62	176	2.66e-35	124
Dm_00000355-RA	AT4G18220.1	N/A	52.459	366	162	4	20	385	22	375	5.54e-135	391
Dm_00000375-RA	AT1G66150.1	N/A	50.987	861	388	10	31	867	28	878	0.0	828
Dm_00000386-RA	AT1G14810.1	N/A	81.199	367	63	3	27	388	10	375	0.0	592
Dm_00000392-RA	AT5G17190.1	N/A	86.154	130	18	0	1	130	1	130	5.61e-85	244
Dm_00011176-RA	AT4G17870.1	N/A	65.816	196	60	3	39	234	2	190	4.15e-90	264
Dm_00010204-RA	AT1G16780.3	N/A	83.434	827	105	2	66	885	1	802	0.0	1406
Dm_00010457-RA	AT1G72300.1	N/A	53.741	1096	461	14	48	1128	16	1080	0.0	1091
Dm_00019259-RA	AT3G55330.1	N/A	65.385	208	71	1	8	215	22	228	4.65e-96	280
Dm_00018927-RA	AT3G55730.1	N/A	45.610	410	159	11	25	404	14	389	2.14e-102	310
Dm_00018756-RA	AT3G24240.1	N/A	66.667	1110	349	10	70	1174	31	1124	0.0	1427
Dm_00015341-RA	AT3G61110.1	N/A	94.118	85	5	0	3	87	2	86	1.26e-57	171
Dm_00016305-RA	AT1G59900.1	N/A	77.171	403	78	3	1	403	1	389	0.0	658
Dm_00004248-RA	AT5G13750.1	N/A	61.522	473	174	3	4	476	14	478	0.0	593
Dm_00004247-RA	AT5G13750.3	N/A	49.675	461	160	6	36	494	14	404	6.82e-142	414
Dm_00003718-RA	AT5G61530.2	N/A	49.671	304	94	4	12	260	21	320	6.25e-95	283
Dm_00004202-RA	AT1G25360.1	N/A	58.625	800	311	7	23	820	9	790	0.0	981
Dm_00003825-RA	AT3G60800.1	N/A	78.502	307	64	1	1	305	1	307	1.43e-175	488
Dm_00019907-RA	AT3G02280.1	N/A	59.968	627	206	5	11	598	3	623	0.0	766
Dm_00019467-RA	AT1G23390.1	N/A	40.533	375	203	11	6	369	19	384	6.74e-83	258
Dm_00019150-RA	AT1G68530.1	N/A	74.645	493	124	1	2	493	5	497	0.0	793
Dm_00013770-RA	AT5G15180.1	N/A	57.831	332	136	2	1	331	1	329	8.09e-138	394
Dm_00004411-RA	AT2G01350.1	N/A	79.365	315	65	0	6	320	34	348	0.0	522
Dm_00004099-RA	AT1G36310.2	N/A	65.584	308	85	4	70	359	68	372	3.20e-129	376
Dm_00004100-RA	AT1G36990.1	N/A	35.394	647	256	26	2	573	5	564	3.58e-69	234
Dm_00004106-RA	AT4G08900.1	N/A	89.851	335	31	1	8	339	8	342	0.0	616
Dm_00004485-RA	AT1G23100.1	N/A	75.610	82	20	0	1	82	1	82	1.21e-40	129
Dm_00004137-RA	AT5G55390.1	N/A	68.889	135	42	0	12	146	770	904	3.96e-56	203
Dm_00011381-RA	AT3G20800.1	N/A	80.707	311	57	1	7	317	9	316	0.0	503
Dm_00011382-RA	AT3G21610.1	N/A	60.000	180	43	2	1	175	1	156	3.25e-73	218
Dm_00011201-RA	AT4G20760.1	N/A	76.515	132	31	0	27	158	167	298	8.61e-72	220
Dm_00011900-RA	AT5G01360.1	N/A	68.524	359	107	1	23	381	82	434	0.0	555
Dm_00011901-RA	AT3G58450.1	N/A	70.492	61	18	0	1	61	133	193	1.63e-27	98.2
Dm_00009117-RA	AT1G56070.1	N/A	90.438	251	24	0	1	251	589	839	5.71e-162	490
Dm_00012618-RA	AT2G28120.1	N/A	65.942	552	179	4	15	562	9	555	0.0	739
Dm_00012268-RA	AT2G19385.1	N/A	39.640	333	93	11	1	284	1	274	3.75e-46	158
Dm_00012654-RA	AT1G10510.1	N/A	61.376	567	177	8	17	567	43	583	0.0	672
Dm_00011811-RA	AT4G13460.1	N/A	60.369	651	233	8	30	661	6	650	0.0	810
Dm_00011620-RA	AT1G44910.2	N/A	45.326	706	246	14	89	783	214	790	5.26e-159	495
Dm_00002870-RA	AT5G63110.1	N/A	73.923	441	79	4	1	441	1	405	0.0	662
Dm_00004186-RA	AT2G42360.1	N/A	41.063	207	106	5	6	202	14	214	1.22e-44	149
Dm_00004436-RA	AT3G14910.1	N/A	69.365	457	135	5	1	455	1	454	0.0	642
Dm_00004721-RA	AT3G04500.1	N/A	81.026	195	37	0	52	246	51	245	3.57e-117	335
Dm_00004719-RA	AT3G04480.1	N/A	54.751	663	265	7	1	658	85	717	0.0	702
Dm_00004492-RA	AT1G65430.1	N/A	70.000	580	145	3	13	576	1	567	0.0	837
Dm_00005141-RA	AT4G13630.1	N/A	66.981	106	35	0	295	400	221	326	1.06e-29	125
Dm_00003464-RA	AT4G33520.2	N/A	65.900	739	189	7	10	743	250	930	0.0	927
Dm_00000273-RA	AT2G07690.1	N/A	77.975	731	156	1	1	731	1	726	0.0	1199
Dm_00000274-RA	AT3G42640.1	N/A	84.137	933	133	2	10	929	18	948	0.0	1592
Dm_00018856-RA	AT3G02090.2	N/A	75.000	504	126	0	1	504	1	504	0.0	799
Dm_00017483-RA	AT4G40060.1	N/A	45.531	358	106	15	1	333	1	294	2.56e-79	244
Dm_00010189-RA	AT3G20630.1	N/A	73.177	809	189	8	5	798	1	796	0.0	1229
Dm_00014877-RA	AT5G39840.1	N/A	71.214	667	184	4	82	743	103	766	0.0	1004
Dm_00007447-RA	AT3G52120.1	N/A	58.720	453	140	13	1	424	1	435	4.69e-166	474
Dm_00008115-RA	AT5G49820.1	N/A	66.953	233	58	3	32	264	21	234	1.97e-97	294
Dm_00007968-RA	AT5G36110.1	N/A	54.671	289	117	5	1	280	193	476	2.03e-107	320
Dm_00007203-RA	AT2G38470.1	N/A	47.570	391	147	12	316	698	178	518	4.31e-92	296
Dm_00008535-RA	AT5G24690.1	N/A	62.734	534	172	11	1	526	1	515	0.0	550
Dm_00008005-RA	AT2G39040.1	N/A	51.140	307	133	4	46	335	44	350	8.74e-103	306
Dm_00008010-RA	AT4G12080.1	N/A	56.190	210	62	8	11	194	20	225	1.21e-64	203
Dm_00007743-RA	AT1G67120.1	N/A	37.895	2470	1206	59	17	2403	3159	5383	0.0	1344
Dm_00000084-RA	AT4G12600.1	N/A	89.764	127	13	0	4	130	2	128	2.44e-72	212
Dm_00000103-RA	AT5G19990.3	N/A	91.429	420	32	3	1	417	1	419	0.0	778
Dm_00000122-RA	AT1G20300.1	N/A	62.795	551	189	7	1	549	1	537	0.0	701
Dm_00000147-RA	AT1G76280.5	N/A	44.574	857	356	7	19	874	66	804	0.0	711
Dm_00000140-RA	AT1G20510.1	N/A	68.103	232	57	2	6	220	312	543	2.84e-107	319
Dm_00000168-RA	AT1G76460.1	N/A	53.737	281	87	4	22	267	9	281	9.19e-100	295
Dm_00000824-RA	AT3G20680.1	N/A	58.519	270	103	5	79	346	76	338	7.48e-101	301
Dm_00007362-RA	AT2G01570.1	N/A	57.491	574	201	7	26	580	37	586	0.0	638
Dm_00008405-RA	AT3G26710.1	N/A	80.100	201	39	1	58	258	66	265	9.10e-116	333
Dm_00007849-RA	AT5G14590.1	N/A	81.010	416	56	1	26	441	87	479	0.0	715
Dm_00008431-RA	AT2G01900.1	N/A	57.107	401	133	5	1	371	1	392	7.52e-161	457
Dm_00007060-RA	AT1G62020.1	N/A	79.902	1219	228	5	1	1205	1	1216	0.0	2041
Dm_00013758-RA	AT1G06290.1	N/A	69.099	699	187	4	7	704	4	674	0.0	1018
Dm_00013835-RA	AT2G42490.1	N/A	81.741	471	58	1	44	486	72	542	0.0	803
Dm_00005765-RA	AT3G46220.1	N/A	61.951	820	286	4	1	811	1	803	0.0	994
Dm_00004464-RA	AT5G63910.1	N/A	62.179	468	172	3	33	499	36	499	0.0	598
Dm_00005577-RA	AT3G16785.1	N/A	69.765	807	207	13	1	790	1	787	0.0	1073
Dm_00005535-RA	AT1G36990.1	N/A	41.237	582	264	22	1	528	1	558	2.31e-89	286
Dm_00004800-RA	AT1G79550.2	N/A	89.027	401	44	0	1	401	1	401	0.0	717
Dm_00020335-RA	AT4G13040.8	N/A	65.741	108	37	0	1	108	87	194	1.81e-42	139
Dm_00000712-RA	AT2G33860.1	N/A	53.097	565	197	10	1	559	1	503	0.0	550
Dm_00000719-RA	AT2G20560.1	N/A	71.788	358	70	5	1	351	1	334	0.0	506
Dm_00000866-RA	AT4G17510.1	N/A	64.679	218	62	4	38	248	25	234	2.12e-95	280
Dm_00000883-RA	AT5G47430.1	N/A	46.900	1000	360	31	1	938	1	891	0.0	649
Dm_00000901-RA	AT2G35720.1	N/A	65.749	327	112	0	9	335	12	338	1.39e-159	457
Dm_00000902-RA	AT2G35720.1	N/A	60.833	120	46	1	1	119	403	522	3.86e-47	159
Dm_00000405-RA	AT5G17020.1	N/A	83.883	1092	159	2	1	1092	1	1075	0.0	1900
Dm_00013144-RA	AT3G28730.1	N/A	72.814	629	162	5	15	634	17	645	0.0	891
Dm_00013142-RA	AT5G22350.1	N/A	66.194	423	141	2	1	421	1	423	0.0	588
Dm_00010869-RA	AT3G47340.1	N/A	78.766	551	91	2	11	537	28	576	0.0	915
Dm_00013270-RA	AT4G39460.1	N/A	64.919	248	58	3	1	248	1	219	4.17e-106	310
Dm_00017895-RA	AT3G29970.1	N/A	65.060	83	29	0	1	83	1	83	4.96e-40	127
Dm_00017875-RA	AT5G58480.1	N/A	62.443	442	153	5	37	478	25	453	0.0	570
Dm_00018114-RA	AT2G33410.1	N/A	49.161	417	174	7	1	415	1	381	1.10e-103	314
Dm_00018076-RA	AT5G10030.5	N/A	65.714	350	113	3	31	375	12	359	2.16e-164	465
Dm_00017646-RA	AT4G20020.2	N/A	40.659	364	147	13	1	323	1	336	7.95e-58	197
Dm_00004174-RA	AT4G10630.1	N/A	48.864	352	131	11	1	321	1	334	3.14e-96	290
Dm_00004184-RA	AT3G60390.1	N/A	64.253	221	60	6	79	282	56	274	5.79e-85	259
Dm_00007763-RA	AT3G21090.1	N/A	60.949	653	205	5	7	648	76	689	0.0	810
Dm_00007764-RA	AT1G51500.1	N/A	79.661	59	12	0	29	87	19	77	2.90e-26	102
Dm_00010814-RA	AT2G18330.1	N/A	71.975	628	151	9	23	643	24	633	0.0	858
Dm_00007260-RA	AT5G13030.1	N/A	80.292	548	104	2	94	637	84	631	0.0	942
Dm_00005737-RA	AT1G77280.2	N/A	47.051	797	314	21	32	772	5	749	0.0	600
Dm_00006996-RA	AT1G19260.1	N/A	38.028	213	123	4	15	224	14	220	9.67e-39	149
Dm_00007352-RA	AT5G56590.1	N/A	68.565	439	112	3	25	437	19	457	0.0	624
Dm_00006435-RA	AT2G16760.1	N/A	57.738	336	130	6	1	333	1	327	6.98e-129	371
Dm_00014580-RA	AT1G66520.1	N/A	74.333	300	77	0	1	300	56	355	4.23e-165	463
Dm_00013628-RA	AT5G11520.1	N/A	79.839	248	48	1	5	252	137	382	1.26e-151	430
Dm_00013629-RA	AT5G19550.1	N/A	89.552	67	7	0	45	111	338	404	1.60e-38	133
Dm_00013627-RA	AT5G19550.1	N/A	86.111	72	10	0	4	75	19	90	1.13e-38	133
Dm_00014025-RA	AT5G49900.1	N/A	65.558	932	297	5	46	953	24	955	0.0	1279
Dm_00011564-RA	AT5G15550.3	N/A	64.505	293	79	2	77	369	165	432	7.31e-127	372
Dm_00013272-RA	AT2G18220.1	N/A	64.506	648	217	6	27	661	63	710	0.0	860
Dm_00014685-RA	AT3G57330.1	N/A	69.125	949	265	8	8	950	1	927	0.0	1304
Dm_00014749-RA	AT1G14610.1	N/A	72.985	918	214	1	96	1013	85	968	0.0	1457
Dm_00012712-RA	AT3G15110.1	N/A	64.286	112	39	1	247	357	119	230	3.93e-44	154
Dm_00006823-RA	AT5G47000.1	N/A	58.589	326	129	2	14	339	14	333	9.42e-142	405
Dm_00007189-RA	AT3G43660.1	N/A	65.464	194	59	1	55	248	13	198	9.24e-86	254
Dm_00007346-RA	AT3G47060.1	N/A	67.354	824	216	16	12	826	22	801	0.0	988
Dm_00007314-RA	AT1G18600.1	N/A	60.541	185	57	1	59	227	121	305	2.78e-74	228
Dm_00007140-RA	AT5G01660.1	N/A	46.995	183	90	4	9	185	330	511	3.53e-42	150
Dm_00016632-RA	AT5G47240.1	N/A	53.361	238	70	4	19	251	154	355	7.98e-78	240
Dm_00016299-RA	AT2G42710.1	N/A	47.143	280	112	7	60	332	59	309	1.01e-68	221
Dm_00014020-RA	AT1G08570.2	N/A	68.020	197	60	1	29	225	51	244	2.25e-95	279
Dm_00014318-RA	AT5G42240.1	N/A	75.278	449	111	0	33	481	24	472	0.0	729
Dm_00001013-RA	AT5G57870.2	N/A	61.520	816	265	14	2	812	3	774	0.0	929
Dm_00001020-RA	AT2G34357.1	N/A	52.050	1268	568	15	17	1272	25	1264	0.0	1214
Dm_00000781-RA	AT3G52780.1	N/A	59.207	429	154	7	8	429	7	421	9.45e-179	521
Dm_00000792-RA	AT5G03900.2	N/A	63.068	528	186	7	1	524	1	523	0.0	658
Dm_00000797-RA	AT3G52660.3	N/A	57.944	321	123	4	130	438	78	398	2.10e-134	397
Dm_00000814-RA	AT5G06200.1	N/A	40.102	197	77	2	10	165	6	202	3.05e-37	127
Dm_00000197-RA	AT5G24580.2	N/A	52.963	270	103	4	33	286	57	318	1.16e-77	239
Dm_00000230-RA	AT5G16930.1	N/A	75.189	661	140	8	1	658	1	640	0.0	981
Dm_00001111-RA	AT3G12270.1	N/A	52.146	629	248	12	16	629	11	601	0.0	599
Dm_00001120-RA	AT3G07420.1	N/A	43.551	659	301	12	13	641	21	638	0.0	534
Dm_00001116-RA	AT4G18100.1	N/A	86.466	133	18	0	1	133	1	133	1.57e-84	243
Dm_00001275-RA	AT1G80270.4	N/A	54.180	622	241	10	8	615	5	596	0.0	624
Dm_00001286-RA	AT4G32605.1	N/A	62.661	233	69	4	1	226	1	222	3.02e-91	268
Dm_00013803-RA	AT3G13920.1	N/A	91.990	412	33	0	1	412	1	412	0.0	794
Dm_00014387-RA	AT5G14580.1	N/A	62.500	1016	323	13	25	1032	22	987	0.0	1219
Dm_00013935-RA	AT1G72090.1	N/A	65.120	625	170	10	1	605	1	597	0.0	767
Dm_00012606-RA	AT5G49700.1	N/A	37.118	229	129	7	81	305	56	273	6.94e-37	133
Dm_00014920-RA	AT1G07210.1	N/A	42.105	247	121	7	34	271	16	249	2.49e-47	159
Dm_00013021-RA	AT2G39670.2	N/A	79.928	279	49	3	13	284	153	431	2.00e-164	467
Dm_00013022-RA	AT4G02750.1	N/A	39.932	586	346	4	56	638	98	680	9.17e-154	463
Dm_00012855-RA	AT2G47790.1	N/A	63.061	379	128	6	144	516	20	392	3.11e-171	489
Dm_00008754-RA	AT1G77550.1	N/A	60.194	927	279	7	54	962	1	855	0.0	1113
Dm_00008400-RA	AT2G20360.1	N/A	79.365	189	39	0	1	189	214	402	6.21e-102	300
Dm_00019648-RA	AT2G01710.1	N/A	33.667	300	160	10	15	297	13	290	4.62e-41	147
Dm_00020950-RA	AT3G03920.1	N/A	89.796	98	10	0	47	144	51	148	1.17e-60	186
Dm_00021078-RA	AT3G12130.1	N/A	48.585	212	83	5	80	271	38	243	3.46e-53	173
Dm_00013103-RA	AT5G24810.1	N/A	71.895	153	43	0	1	153	393	545	2.02e-73	239
Dm_00013069-RA	AT5G13930.1	N/A	69.048	294	90	1	1	293	102	395	3.19e-150	426
Dm_00010079-RA	AT5G46560.1	N/A	43.605	344	184	5	19	356	7	346	1.65e-88	273
Dm_00011932-RA	AT2G30720.1	N/A	58.726	361	132	8	53	405	50	401	1.82e-140	409
Dm_00011480-RA	AT1G24090.1	N/A	51.361	294	135	3	111	398	38	329	8.59e-95	290
Dm_00012156-RA	AT2G41900.1	N/A	61.261	666	207	19	1	641	34	673	0.0	717
Dm_00012053-RA	AT3G22430.1	N/A	65.158	221	77	0	18	238	290	510	2.52e-104	311
Dm_00012054-RA	AT3G22430.1	N/A	35.958	381	160	17	9	371	10	324	1.12e-39	148
Dm_00011180-RA	AT3G24000.1	N/A	37.079	445	273	4	35	478	83	521	1.10e-105	329
