Dm_00007790-RA	AT1G25510.1	N/A	62.845	471	163	5	27	494	22	483	0.0	567
Dm_00006601-RA	AT2G29670.2	N/A	52.095	549	205	22	1	512	1	528	1.05e-158	462
Dm_00007092-RA	AT1G63850.1	N/A	26.018	442	253	17	58	477	135	524	8.83e-22	99.0
Dm_00007079-RA	AT1G15240.2	N/A	48.360	1189	423	23	5	1174	2	1018	0.0	985
Dm_00006813-RA	AT5G07890.1	N/A	37.958	382	157	4	22	326	23	401	2.00e-53	181
Dm_00006594-RA	AT5G67530.1	N/A	74.210	601	144	4	1	596	1	595	0.0	885
Dm_00016942-RA	AT3G24300.1	N/A	77.778	486	101	4	5	489	6	485	0.0	761
Dm_00018447-RA	AT5G31412.1	N/A	34.874	238	102	5	27	217	14	245	4.95e-34	129
Dm_00006147-RA	AT5G54250.4	N/A	70.196	255	72	3	355	609	274	524	2.59e-118	367
Dm_00007274-RA	AT5G37830.1	N/A	82.859	1266	212	2	1	1263	1	1264	0.0	2174
Dm_00007782-RA	AT4G36360.1	N/A	68.033	854	262	6	1	854	4	846	0.0	1232
Dm_00008959-RA	AT5G46880.1	N/A	53.910	844	281	17	30	832	33	809	0.0	823
Dm_00008377-RA	AT3G42170.2	N/A	30.233	301	187	2	1	280	150	448	1.88e-39	146
Dm_00006810-RA	AT3G61320.3	N/A	65.942	414	132	4	8	412	58	471	0.0	516
Dm_00005821-RA	AT1G70230.1	N/A	50.000	442	177	8	75	515	13	411	3.59e-152	441
Dm_00008420-RA	AT3G57830.1	N/A	58.706	649	241	13	23	657	25	660	0.0	705
Dm_00007728-RA	AT3G10360.1	N/A	37.864	1030	454	25	43	936	11	990	1.13e-177	545
Dm_00007729-RA	AT2G39120.1	N/A	57.105	380	152	4	39	416	17	387	5.52e-151	434
Dm_00016409-RA	AT3G47620.1	N/A	39.837	492	197	16	20	452	37	488	4.37e-59	202
Dm_00016124-RA	AT5G41140.1	N/A	48.046	614	302	9	1	602	1	609	5.86e-158	498
Dm_00018138-RA	AT2G44160.1	N/A	80.282	568	112	0	1	568	1	568	0.0	986
Dm_00018490-RA	AT5G04460.2	N/A	59.174	823	278	16	1	794	1	794	0.0	786
Dm_00018291-RA	AT2G15980.1	N/A	46.482	469	221	8	53	518	45	486	5.44e-135	400
Dm_00019392-RA	AT1G12910.1	N/A	88.696	345	39	0	1	345	1	345	0.0	639
Dm_00010658-RA	AT1G69360.1	N/A	30.000	1110	526	41	1	1073	1	896	3.93e-92	315
Dm_00010895-RA	AT1G50620.1	N/A	36.636	434	218	10	53	481	38	419	2.95e-76	261
Dm_00009909-RA	AT1G03260.1	N/A	56.478	301	63	5	2	297	36	273	6.54e-108	315
Dm_00014377-RA	AT3G10230.1	N/A	77.645	501	107	1	1	496	1	501	0.0	803
Dm_00015952-RA	AT4G22910.1	N/A	74.096	498	92	9	18	509	17	483	0.0	717
Dm_00015376-RA	AT2G32090.1	N/A	70.000	130	39	0	8	137	4	133	2.48e-67	202
Dm_00003922-RA	AT1G48175.1	N/A	70.690	174	48	2	14	187	11	181	2.66e-89	259
Dm_00019064-RA	AT1G10720.1	N/A	43.457	405	165	14	64	456	56	408	2.84e-59	201
Dm_00018604-RA	AT4G35040.2	N/A	42.857	231	119	7	1	226	1	223	2.61e-48	161
Dm_00017419-RA	AT3G09550.2	N/A	67.208	616	169	7	61	674	15	599	0.0	778
Dm_00012507-RA	AT4G16390.1	N/A	50.548	730	316	9	1	723	1	692	0.0	720
Dm_00011791-RA	AT1G63850.1	N/A	58.932	543	193	6	130	651	10	543	0.0	628
Dm_00010583-RA	AT1G68490.1	N/A	50.521	192	82	6	1	188	1	183	6.13e-47	152
Dm_00012755-RA	AT1G80670.1	N/A	76.124	356	62	2	123	477	16	349	0.0	581
Dm_00002730-RA	AT5G42950.1	N/A	39.075	1103	513	36	83	1156	33	1005	1.55e-164	538
Dm_00002743-RA	AT1G47271.1	N/A	60.694	173	64	2	39	211	25	193	2.49e-72	218
Dm_00002783-RA	AT3G04740.1	N/A	58.650	1555	498	29	1	1528	1	1437	0.0	1649
Dm_00002799-RA	AT3G04880.1	N/A	67.763	304	87	2	17	312	9	309	5.33e-148	418
Dm_00002594-RA	AT1G27500.1	N/A	59.911	676	224	8	46	720	14	643	0.0	786
Dm_00019640-RA	AT4G13530.1	N/A	35.374	294	158	7	2	290	4	270	5.77e-39	138
Dm_00019695-RA	AT4G38540.1	N/A	50.372	403	188	5	11	405	7	405	2.70e-134	391
Dm_00017684-RA	AT5G44030.1	N/A	77.441	1055	198	9	115	1155	21	1049	0.0	1655
Dm_00019443-RA	AT4G15520.1	N/A	84.932	146	21	1	15	159	2	147	3.49e-88	257
Dm_00019229-RA	AT1G19260.1	N/A	40.408	245	122	3	214	434	373	617	7.31e-49	178
Dm_00010553-RA	AT5G53950.1	N/A	55.856	333	113	9	13	329	7	321	9.99e-109	324
Dm_00012413-RA	AT5G41110.2	N/A	38.400	625	272	17	112	728	102	621	2.52e-106	337
Dm_00020805-RA	AT1G80290.1	N/A	60.241	332	115	5	14	341	9	327	5.23e-129	372
Dm_00020853-RA	AT5G25620.2	N/A	64.399	441	127	4	1	439	1	413	0.0	568
Dm_00020806-RA	AT5G21222.4	N/A	57.837	453	187	4	18	466	307	759	0.0	553
Dm_00009190-RA	AT1G12060.1	N/A	48.485	198	73	4	44	217	23	215	1.03e-60	189
Dm_00008023-RA	AT4G22140.2	N/A	77.778	216	40	1	1	208	1	216	3.44e-130	365
Dm_00009287-RA	AT3G21060.1	N/A	64.188	511	164	6	41	549	39	532	0.0	626
Dm_00010063-RA	AT3G16857.2	N/A	44.054	740	284	25	25	709	26	690	3.47e-168	499
Dm_00010064-RA	AT3G06740.1	N/A	55.970	134	34	3	27	159	40	149	1.36e-42	139
Dm_00008360-RA	AT1G19210.1	N/A	49.510	204	67	6	15	209	9	185	2.42e-51	164
Dm_00008763-RA	AT5G22760.3	N/A	43.467	796	398	18	1	776	527	1290	0.0	627
Dm_00002192-RA	AT5G19400.1	N/A	46.789	654	312	7	32	652	6	656	0.0	606
Dm_00002211-RA	AT5G26960.1	N/A	52.064	436	170	10	1	421	1	412	1.85e-133	390
Dm_00015255-RA	AT3G42170.2	N/A	24.623	398	276	8	131	523	137	515	1.90e-31	129
Dm_00014070-RA	AT5G61430.1	N/A	56.150	374	110	10	4	362	1	335	3.85e-130	376
Dm_00020721-RA	AT1G09230.3	N/A	53.600	250	98	5	1	248	158	391	6.67e-77	238
Dm_00017944-RA	AT5G48300.1	N/A	85.249	522	71	3	1	521	4	520	0.0	880
Dm_00017822-RA	AT3G47500.1	N/A	38.739	333	138	14	1	299	118	418	3.57e-46	162
Dm_00017842-RA	AT5G67140.1	N/A	73.460	211	56	0	4	214	1	211	1.64e-117	334
Dm_00017669-RA	AT1G64300.2	N/A	62.437	591	206	8	1	579	1	587	0.0	741
Dm_00008506-RA	AT3G61670.1	N/A	33.714	964	443	33	1	945	1	787	1.85e-119	383
Dm_00008508-RA	AT4G01070.1	N/A	63.617	470	161	6	8	476	7	467	0.0	597
Dm_00010586-RA	AT5G49665.1	N/A	52.102	666	234	22	2	643	136	740	0.0	560
Dm_00015633-RA	AT2G26080.1	N/A	83.683	1048	162	4	1	1044	1	1043	0.0	1801
Dm_00003026-RA	AT3G12350.1	N/A	45.676	451	202	14	13	456	5	419	6.12e-122	362
Dm_00003040-RA	AT1G19850.1	N/A	59.335	932	264	26	109	997	32	891	0.0	981
Dm_00002813-RA	AT1G15130.1	N/A	69.419	860	241	5	15	873	8	846	0.0	1152
Dm_00002726-RA	AT1G19360.1	N/A	69.178	438	121	6	1	434	1	428	0.0	603
Dm_00018313-RA	AT4G02580.1	N/A	39.184	245	33	4	1	154	1	220	5.59e-45	149
Dm_00018152-RA	AT3G22590.1	N/A	60.373	429	149	6	1	422	1	415	8.59e-176	508
Dm_00018179-RA	AT3G03690.1	N/A	74.667	300	67	4	64	360	54	347	2.66e-161	459
Dm_00017969-RA	AT1G63930.1	N/A	51.852	432	171	5	1	415	1	412	3.67e-161	460
Dm_00018130-RA	AT1G80440.1	N/A	45.330	364	184	6	3	362	2	354	1.13e-106	317
Dm_00015562-RA	AT1G13960.1	N/A	48.589	496	200	14	98	570	5	468	3.88e-132	396
Dm_00015007-RA	AT4G13460.1	N/A	60.372	646	227	8	42	662	9	650	0.0	800
Dm_00006379-RA	AT3G11130.1	N/A	89.747	1658	129	3	1	1618	1	1657	0.0	3088
Dm_00019393-RA	AT2G23250.1	N/A	42.857	469	231	11	154	619	1	435	1.47e-119	362
Dm_00017301-RA	AT2G38300.1	N/A	37.815	357	160	13	37	379	32	340	1.63e-49	170
Dm_00018593-RA	AT1G64940.1	N/A	50.099	507	215	15	43	534	20	503	5.53e-166	481
Dm_00014507-RA	AT1G26220.1	N/A	64.975	197	60	1	1	188	1	197	3.33e-89	260
Dm_00014425-RA	AT2G03140.1	N/A	38.546	1912	908	53	15	1808	14	1776	0.0	1090
Dm_00015037-RA	AT4G08455.1	N/A	49.020	204	92	3	2	204	68	260	2.03e-57	182
Dm_00002945-RA	AT5G22090.1	N/A	39.726	292	128	12	40	301	19	292	3.52e-37	144
Dm_00003049-RA	AT1G76660.1	N/A	48.654	483	179	14	1	476	1	421	2.05e-128	380
Dm_00002482-RA	AT5G65290.1	N/A	65.652	690	202	10	43	721	67	732	0.0	883
Dm_00006776-RA	AT2G02040.1	N/A	74.823	564	142	0	44	607	22	585	0.0	899
Dm_00006659-RA	AT4G38180.1	N/A	32.377	244	140	8	60	280	72	313	1.15e-30	122
Dm_00008268-RA	AT1G48650.2	N/A	72.547	1111	273	10	103	1190	89	1190	0.0	1626
Dm_00009265-RA	AT1G61690.1	N/A	43.834	819	356	21	1	735	1	799	1.24e-170	528
Dm_00011805-RA	AT2G30100.1	N/A	56.950	518	202	6	1	512	1	503	0.0	536
Dm_00010805-RA	AT3G29360.1	N/A	90.208	480	47	0	41	520	1	480	0.0	918
Dm_00012064-RA	AT1G27430.1	N/A	34.274	1666	863	55	1	1609	1	1491	0.0	622
Dm_00021057-RA	AT2G21860.1	N/A	66.667	486	146	2	47	532	42	511	0.0	701
Dm_00009028-RA	AT1G65230.1	N/A	67.323	254	77	3	16	269	39	286	3.38e-124	355
Dm_00008943-RA	AT2G35920.3	N/A	69.324	577	161	4	61	622	71	646	0.0	825
Dm_00008187-RA	AT1G64570.1	N/A	29.487	468	261	19	5	439	658	1089	1.51e-28	120
Dm_00018393-RA	AT1G73880.1	N/A	53.579	489	197	10	1	484	1	464	6.39e-177	505
Dm_00019491-RA	AT4G13530.1	N/A	58.879	107	37	3	213	319	171	270	2.76e-35	129
Dm_00019465-RA	AT4G35140.2	N/A	61.247	449	163	2	14	460	19	458	0.0	549
Dm_00004393-RA	AT3G24150.1	N/A	54.918	244	95	6	1	239	1	234	2.41e-76	241
Dm_00005010-RA	AT4G36220.1	N/A	70.192	520	142	4	3	512	4	520	0.0	726
Dm_00005014-RA	AT3G51130.1	N/A	81.186	388	70	1	2	389	11	395	0.0	677
Dm_00004929-RA	AT1G80780.1	N/A	74.725	273	69	0	1	273	1	273	1.50e-158	442
Dm_00009197-RA	AT1G58030.1	N/A	71.111	630	164	5	22	647	11	626	0.0	899
Dm_00009568-RA	AT1G62820.1	N/A	55.882	136	59	1	63	197	12	147	3.04e-52	165
Dm_00010023-RA	AT3G07330.2	N/A	72.365	702	173	6	1	701	1	682	0.0	1032
Dm_00018962-RA	AT4G38180.1	N/A	30.982	326	195	8	3	307	414	730	3.70e-37	140
Dm_00017144-RA	AT1G07230.1	N/A	77.950	517	113	1	12	528	6	521	0.0	861
Dm_00017143-RA	AT4G13510.1	N/A	66.022	465	137	6	8	458	36	493	0.0	611
Dm_00019207-RA	AT3G10030.1	N/A	52.504	579	216	8	1	561	1	538	0.0	573
Dm_00017716-RA	AT4G29190.1	N/A	50.923	379	147	13	1	364	1	355	1.42e-108	322
Dm_00017714-RA	AT1G32190.1	N/A	64.962	391	99	6	1	371	1	373	5.60e-171	486
Dm_00019146-RA	AT4G02500.1	N/A	88.655	238	27	0	184	421	155	392	3.82e-160	460
Dm_00004609-RA	AT1G05200.6	N/A	62.316	881	323	6	47	924	58	932	0.0	1160
Dm_00005988-RA	AT1G13195.1	N/A	58.333	228	82	3	25	244	34	256	5.13e-92	271
Dm_00020793-RA	AT4G02570.1	N/A	64.596	322	75	5	1	301	435	738	1.44e-136	404
Dm_00020774-RA	AT4G02510.2	N/A	69.231	871	249	8	591	1443	627	1496	0.0	1206
Dm_00018796-RA	AT1G54385.2	N/A	59.534	472	168	10	1	467	1	454	1.27e-176	512
Dm_00012492-RA	AT4G09820.1	N/A	72.566	113	30	1	16	128	19	130	2.20e-56	183
Dm_00019986-RA	AT2G28320.1	N/A	60.317	756	238	10	194	912	7	737	0.0	891
Dm_00020026-RA	AT3G22380.3	N/A	37.925	1764	710	78	2	1597	1	1547	0.0	638
Dm_00019569-RA	AT1G32583.1	N/A	69.828	116	34	1	216	331	64	178	5.70e-54	175
Dm_00019951-RA	AT1G65780.1	N/A	41.622	370	166	7	5	329	263	627	1.97e-80	268
Dm_00018254-RA	AT1G17020.1	N/A	55.747	348	149	3	19	361	11	358	1.58e-144	413
Dm_00018220-RA	AT5G54470.1	N/A	70.130	77	23	0	2	78	4	80	1.29e-33	120
Dm_00007290-RA	AT3G49800.1	N/A	44.118	476	204	16	1	462	1	428	1.93e-99	306
Dm_00007112-RA	AT1G47480.1	N/A	42.813	327	163	8	9	333	7	311	1.51e-85	261
Dm_00013937-RA	AT4G33970.1	N/A	56.914	499	180	10	40	531	44	514	2.28e-178	530
Dm_00003845-RA	AT5G65590.1	N/A	70.833	72	21	0	16	87	27	98	1.41e-33	127
Dm_00003562-RA	AT3G61750.1	N/A	49.682	314	148	5	390	701	68	373	1.24e-100	315
Dm_00003568-RA	AT4G01000.1	N/A	44.361	266	125	5	8	272	9	252	1.03e-50	176
Dm_00009973-RA	AT2G23060.1	N/A	67.493	363	111	3	1	363	58	413	0.0	515
Dm_00002716-RA	AT1G72100.1	N/A	36.561	506	229	14	4	467	17	472	2.42e-79	255
Dm_00002719-RA	AT1G22620.1	N/A	72.241	897	243	6	20	913	18	911	0.0	1333
Dm_00009591-RA	AT1G08760.1	N/A	45.953	766	319	20	1	716	1	721	0.0	559
Dm_00009513-RA	AT3G24490.1	N/A	41.611	298	117	11	73	365	57	302	6.29e-62	202
Dm_00010832-RA	AT5G03650.1	N/A	73.665	824	192	7	4	825	3	803	0.0	1280
Dm_00016476-RA	AT3G18770.1	N/A	43.899	631	281	16	11	598	14	614	1.33e-105	332
Dm_00015185-RA	AT1G62420.1	N/A	35.613	351	141	12	3	346	7	279	1.30e-50	170
Dm_00013443-RA	AT3G16490.1	N/A	48.515	404	128	17	1	387	1	341	2.66e-73	234
Dm_00015074-RA	AT1G20960.2	N/A	78.427	2174	456	9	1	2174	1	2161	0.0	3516
Dm_00013658-RA	AT1G79840.1	N/A	61.315	654	209	15	1	636	119	746	0.0	791
Dm_00013957-RA	AT5G65730.1	N/A	65.517	290	86	1	11	300	15	290	9.26e-148	417
Dm_00015132-RA	AT5G13570.1	N/A	58.871	372	96	4	4	318	2	373	9.24e-155	438
Dm_00009130-RA	AT5G12080.1	N/A	49.440	714	333	9	46	749	35	730	0.0	684
Dm_00009877-RA	AT3G19380.1	N/A	31.455	426	233	12	1	404	12	400	6.72e-42	153
Dm_00010659-RA	AT1G11700.1	N/A	45.690	232	84	10	1	221	1	201	3.63e-37	129
Dm_00003332-RA	AT1G17100.1	N/A	42.188	128	64	3	3	123	102	226	2.72e-26	99.0
Dm_00002963-RA	AT3G49050.1	N/A	74.704	253	63	1	1	252	1	253	4.71e-139	422
Dm_00010394-RA	AT4G22240.1	N/A	68.459	279	80	2	42	319	37	308	2.79e-131	376
Dm_00010517-RA	AT5G17920.1	N/A	87.565	764	95	0	31	794	1	764	0.0	1413
Dm_00014854-RA	AT3G23610.4	N/A	30.055	183	120	2	158	340	19	193	3.88e-23	98.6
Dm_00006416-RA	AT2G15080.2	N/A	40.976	205	113	3	13	214	18	217	6.89e-37	137
Dm_00006367-RA	AT4G32190.1	N/A	43.596	773	399	7	28	778	12	769	5.02e-157	476
Dm_00006365-RA	AT4G33030.1	N/A	77.083	480	98	4	1	477	1	471	0.0	748
Dm_00006368-RA	AT4G32250.2	N/A	60.591	609	218	5	1	607	1	589	0.0	750
Dm_00005888-RA	AT5G19640.1	N/A	66.853	537	164	4	7	541	65	589	0.0	751
Dm_00011482-RA	AT2G36910.1	N/A	84.318	1269	193	4	67	1335	17	1279	0.0	2184
Dm_00012187-RA	AT3G21420.1	N/A	66.391	363	119	3	1	361	1	362	0.0	509
Dm_00012294-RA	AT1G43260.1	N/A	43.307	127	46	3	2	102	149	275	2.22e-26	101
Dm_00014216-RA	AT3G29230.1	N/A	60.342	585	229	2	44	625	6	590	0.0	766
Dm_00014039-RA	AT1G49890.1	N/A	47.336	657	247	20	26	635	29	633	1.07e-139	424
Dm_00002374-RA	AT5G55580.2	N/A	60.417	384	139	3	73	449	12	389	3.85e-161	460
Dm_00002687-RA	AT5G55600.3	N/A	51.948	539	197	7	1	489	11	537	0.0	550
Dm_00006507-RA	AT2G46200.4	N/A	49.223	386	162	6	1	386	1	352	1.49e-120	353
Dm_00005877-RA	AT5G16370.1	N/A	65.647	556	180	6	3	556	2	548	0.0	746
Dm_00005163-RA	AT5G53330.1	N/A	47.639	233	88	6	1	211	1	221	2.44e-59	186
Dm_00012725-RA	AT4G21350.1	N/A	60.372	376	139	3	1	375	1	367	5.69e-148	423
Dm_00005936-RA	AT4G13870.2	N/A	33.133	166	107	3	558	720	116	280	1.12e-21	96.3
Dm_00006185-RA	AT3G19860.1	N/A	54.545	231	91	5	26	249	3	226	2.31e-73	227
Dm_00005612-RA	AT2G20980.1	N/A	55.375	307	126	5	19	324	17	313	1.22e-110	329
Dm_00005897-RA	AT1G02460.1	N/A	70.635	126	37	0	2	127	348	473	3.03e-62	198
Dm_00004579-RA	AT1G63650.1	N/A	39.204	653	281	21	7	627	5	573	1.20e-133	404
Dm_00004878-RA	AT2G21710.1	N/A	57.565	575	219	6	68	621	35	605	0.0	687
Dm_00019339-RA	AT3G21295.1	N/A	38.129	695	316	27	4	641	2	639	3.32e-95	306
Dm_00017085-RA	AT3G55550.1	N/A	59.685	635	242	7	25	649	24	654	0.0	732
Dm_00017087-RA	AT2G29200.2	N/A	53.892	1015	357	27	11	989	22	961	0.0	931
Dm_00019299-RA	AT1G11950.3	N/A	52.849	509	209	6	523	1011	374	871	8.31e-175	533
Dm_00019300-RA	AT2G28660.1	N/A	64.286	70	24	1	69	138	178	246	6.74e-26	99.0
Dm_00017900-RA	AT4G38180.1	N/A	33.333	510	302	7	30	503	114	621	1.38e-90	295
Dm_00019014-RA	AT3G07130.1	N/A	74.710	518	128	1	22	539	16	530	0.0	817
Dm_00013860-RA	AT2G14750.1	N/A	81.679	131	23	1	25	155	111	240	5.38e-74	223
Dm_00015159-RA	AT3G42170.1	N/A	28.191	376	222	10	6	371	291	628	4.25e-38	145
Dm_00009448-RA	AT1G12240.1	N/A	57.030	633	239	10	36	652	38	653	0.0	729
Dm_00010130-RA	AT1G26830.1	N/A	83.356	733	121	1	1	733	1	732	0.0	1302
Dm_00011220-RA	AT4G04920.3	N/A	71.919	1136	274	15	25	1136	106	1220	0.0	1565
Dm_00011217-RA	AT4G21670.1	N/A	44.802	1087	403	23	5	1029	7	958	0.0	806
Dm_00012145-RA	AT3G62150.1	N/A	69.880	83	25	0	6	88	1145	1227	1.59e-31	116
Dm_00012103-RA	AT5G19900.1	N/A	53.067	375	131	12	35	383	3	358	5.68e-100	313
Dm_00018282-RA	AT3G53690.1	N/A	48.293	205	102	4	171	372	100	303	2.63e-65	211
Dm_00018419-RA	ATCG00780.1	N/A	81.373	102	19	0	27	128	21	122	1.35e-55	169
Dm_00018181-RA	AT4G19670.3	N/A	52.446	511	224	9	54	546	20	529	2.16e-172	498
Dm_00017353-RA	AT1G03520.1	N/A	67.963	437	127	7	3	434	18	446	0.0	623
Dm_00020502-RA	AT5G51380.1	N/A	55.198	404	181	0	90	493	75	478	6.41e-157	455
Dm_00020403-RA	AT1G54200.1	N/A	47.529	263	108	8	168	417	120	365	3.46e-45	160
Dm_00018995-RA	AT5G47860.1	N/A	69.466	393	113	3	45	432	41	431	0.0	561
Dm_00020562-RA	AT3G47430.1	N/A	67.686	229	59	4	3	221	4	227	6.35e-100	290
Dm_00007966-RA	AT5G07900.1	N/A	28.358	335	231	5	64	397	73	399	4.02e-41	152
Dm_00008566-RA	AT5G43130.1	N/A	47.712	612	242	17	362	958	275	823	6.40e-140	439
Dm_00007380-RA	AT2G41900.1	N/A	42.857	770	311	32	1	705	1	706	8.76e-159	476
Dm_00007379-RA	AT1G51350.1	N/A	54.914	641	286	3	13	651	24	663	0.0	713
Dm_00007426-RA	AT2G39700.1	N/A	80.078	256	50	1	5	260	1	255	1.08e-153	428
Dm_00007134-RA	AT1G74850.1	N/A	63.515	825	291	5	21	841	25	843	0.0	1110
Dm_00007133-RA	AT1G19000.1	N/A	63.226	155	39	3	14	154	21	171	5.06e-50	162
Dm_00007711-RA	AT3G29310.1	N/A	38.846	260	114	7	5	253	19	244	2.94e-36	140
Dm_00007709-RA	AT2G37035.1	N/A	47.778	450	177	5	42	480	31	433	5.69e-127	376
Dm_00017837-RA	AT1G04300.1	N/A	46.901	1194	475	32	1	1155	1	1074	0.0	832
Dm_00013680-RA	AT3G22970.1	N/A	57.860	299	108	11	1	289	1	291	2.52e-106	317
Dm_00012644-RA	AT1G27430.1	N/A	34.310	1638	847	48	53	1619	12	1491	0.0	629
Dm_00011816-RA	AT1G12430.1	N/A	58.316	986	273	11	8	993	70	917	0.0	1046
Dm_00005031-RA	AT5G15010.1	N/A	52.612	536	225	7	85	618	64	572	0.0	564
Dm_00016845-RA	AT3G01990.5	N/A	71.212	396	107	3	2	396	18	407	0.0	573
Dm_00015570-RA	AT4G14720.1	N/A	38.244	353	139	13	17	338	5	309	1.47e-50	172
Dm_00016266-RA	AT1G66840.2	N/A	34.191	544	330	5	2	524	41	577	8.46e-62	214
Dm_00005246-RA	AT1G80710.1	N/A	45.793	511	252	9	7	498	3	507	9.55e-140	412
Dm_00005497-RA	AT3G48890.1	N/A	77.586	174	32	2	1	172	1	169	2.09e-91	268
Dm_00007486-RA	AT4G27950.1	N/A	48.458	227	91	8	8	226	11	219	1.38e-46	161
Dm_00008629-RA	AT4G21050.1	N/A	43.548	124	70	0	40	163	18	141	7.14e-34	124
Dm_00003275-RA	AT1G14590.1	N/A	51.818	330	150	5	19	347	41	362	4.00e-119	349
Dm_00016870-RA	AT5G42700.1	N/A	46.190	210	92	5	8	198	9	216	2.24e-49	160
Dm_00016140-RA	AT1G53310.3	N/A	86.075	991	104	5	1	989	9	967	0.0	1726
Dm_00017338-RA	AT5G41410.1	N/A	41.970	660	258	18	121	744	39	609	4.09e-138	420
Dm_00014007-RA	AT3G60300.2	N/A	51.471	136	53	2	1	136	1	123	5.15e-25	100
Dm_00003107-RA	AT2G46500.2	N/A	58.404	589	215	5	1	587	1	561	0.0	704
Dm_00003212-RA	AT5G66810.1	N/A	56.239	553	208	10	53	588	215	750	0.0	533
Dm_00003617-RA	AT2G26660.1	N/A	63.176	296	71	9	1	289	1	265	1.19e-105	309
Dm_00003494-RA	AT3G04560.1	N/A	58.824	425	155	7	41	453	1	417	2.00e-154	444
Dm_00003498-RA	AT1G08650.2	N/A	58.527	258	102	4	9	264	15	269	9.74e-107	311
Dm_00003500-RA	AT5G18480.1	N/A	64.971	511	150	10	2	505	4	492	0.0	590
Dm_00012841-RA	AT2G35330.1	N/A	56.342	749	278	14	1	738	28	738	0.0	753
Dm_00012244-RA	AT5G25840.1	N/A	54.491	167	50	5	29	177	4	162	1.40e-47	154
Dm_00014483-RA	AT5G58440.1	N/A	63.972	569	159	10	14	546	11	569	0.0	667
Dm_00019970-RA	AT5G04460.2	N/A	59.174	823	278	16	1	794	1	794	0.0	786
Dm_00020212-RA	AT5G55630.2	N/A	60.690	290	107	2	70	359	73	355	3.39e-125	364
Dm_00020168-RA	AT4G36360.2	N/A	78.288	479	102	2	1	478	4	481	0.0	809
Dm_00004953-RA	AT2G16390.2	N/A	53.213	887	351	17	122	977	38	891	0.0	902
Dm_00004957-RA	AT4G22140.2	N/A	67.633	207	61	2	2	202	10	216	1.39e-108	310
Dm_00005413-RA	AT4G28230.1	N/A	38.612	461	211	20	1	456	1	394	7.45e-57	195
Dm_00005054-RA	AT4G01290.2	N/A	35.648	1080	525	37	32	1054	24	990	1.46e-140	447
Dm_00005262-RA	AT5G58490.1	N/A	68.966	319	99	0	175	493	2	320	3.96e-167	478
Dm_00007533-RA	AT4G21960.1	N/A	70.652	368	68	3	1	368	1	328	0.0	530
Dm_00014846-RA	AT3G14610.1	N/A	50.099	503	237	4	24	524	21	511	0.0	530
Dm_00015270-RA	AT3G27010.1	N/A	51.237	283	87	13	44	323	40	274	2.06e-69	220
Dm_00015269-RA	AT1G27340.1	N/A	59.062	320	115	11	101	418	160	465	8.98e-120	357
Dm_00004977-RA	AT1G08250.1	N/A	76.633	398	64	6	51	420	5	401	0.0	580
Dm_00016459-RA	AT1G11960.2	N/A	79.048	105	22	0	1	105	1	105	1.31e-55	182
Dm_00019605-RA	AT4G34980.1	N/A	71.206	771	212	6	1	768	1	764	0.0	1148
Dm_00008365-RA	AT2G30690.2	N/A	41.129	248	118	6	59	303	12	234	1.59e-49	186
Dm_00009837-RA	AT2G13600.1	N/A	37.481	667	409	3	143	801	2	668	1.09e-166	499
Dm_00009658-RA	AT5G55600.3	N/A	46.642	551	241	8	3	511	1	540	5.27e-167	490
Dm_00008738-RA	AT4G33140.1	N/A	76.119	201	40	1	134	326	147	347	4.17e-115	337
Dm_00009849-RA	AT5G62940.1	N/A	38.928	429	179	17	1	403	1	372	2.09e-49	171
Dm_00002252-RA	AT1G16840.1	N/A	47.706	109	51	3	36	139	33	140	1.44e-29	107
Dm_00014372-RA	AT5G01220.1	N/A	70.894	481	95	3	71	548	70	508	0.0	692
Dm_00012604-RA	AT5G02820.1	N/A	81.022	411	71	3	26	431	19	427	0.0	692
Dm_00013984-RA	AT4G04770.1	N/A	74.912	570	121	5	4	564	1	557	0.0	865
Dm_00015146-RA	AT1G08315.1	N/A	57.718	298	118	4	4	294	5	301	7.54e-106	313
Dm_00005080-RA	AT1G32330.2	N/A	49.326	519	202	12	66	572	4	473	1.20e-141	420
Dm_00004654-RA	AT1G47670.1	N/A	82.955	528	79	2	1	528	1	517	0.0	876
Dm_00005203-RA	AT5G40190.1	N/A	69.189	185	55	1	48	232	1	183	1.95e-89	262
Dm_00005758-RA	AT5G03080.1	N/A	71.362	213	60	1	6	217	8	220	4.36e-110	315
Dm_00012589-RA	AT5G47750.1	N/A	61.985	534	172	8	51	566	66	586	0.0	648
Dm_00013810-RA	AT2G24230.1	N/A	51.220	902	279	19	9	840	43	853	0.0	780
Dm_00014103-RA	AT5G58040.2	N/A	57.910	335	128	8	242	569	154	482	3.63e-107	368
Dm_00013634-RA	AT3G47950.2	N/A	78.897	526	93	4	226	734	435	959	0.0	862
Dm_00015401-RA	AT5G53670.1	N/A	37.500	144	74	3	1	128	86	229	1.55e-21	89.4
Dm_00019602-RA	AT5G17050.1	N/A	48.712	466	227	6	1	464	1	456	2.20e-155	449
Dm_00019957-RA	AT4G38770.1	N/A	43.243	148	72	6	2	148	55	191	5.83e-22	96.3
Dm_00020012-RA	AT5G47900.9	N/A	48.636	440	206	5	5	438	8	433	7.06e-134	393
Dm_00006453-RA	AT4G21790.1	N/A	58.800	250	68	5	19	268	22	236	3.79e-96	290
Dm_00006443-RA	AT4G04885.1	N/A	56.347	323	108	6	745	1067	504	793	5.05e-100	335
Dm_00014819-RA	AT3G13810.5	N/A	79.186	221	40	2	34	248	12	232	7.50e-121	370
Dm_00013697-RA	AT4G38640.1	N/A	58.960	346	123	4	35	378	27	355	1.38e-117	352
Dm_00014663-RA	AT3G07270.1	N/A	57.083	480	169	8	1	469	1	454	1.71e-171	491
Dm_00014326-RA	AT1G12020.1	N/A	40.909	242	104	9	1	220	1	225	4.09e-45	150
Dm_00010726-RA	AT2G45220.1	N/A	53.532	538	210	11	6	537	8	511	0.0	574
Dm_00018910-RA	AT5G43860.1	N/A	53.526	312	137	3	9	313	5	315	9.12e-116	337
Dm_00019263-RA	AT2G15220.1	N/A	61.951	205	77	1	23	226	19	223	1.79e-92	271
Dm_00019264-RA	AT2G23250.1	N/A	41.794	457	221	10	21	454	1	435	4.91e-118	353
Dm_00018375-RA	AT4G00730.1	N/A	66.184	828	223	12	1	805	9	802	0.0	1048
Dm_00018401-RA	AT5G10770.1	N/A	49.065	428	171	5	69	462	60	474	7.26e-132	389
Dm_00014329-RA	AT5G24870.1	N/A	37.383	535	272	20	1	503	1	504	2.26e-72	241
Dm_00013548-RA	AT5G20610.1	N/A	33.061	1222	615	40	77	1159	6	1163	2.32e-149	479
Dm_00014456-RA	AT3G07220.1	N/A	63.288	365	76	5	1	352	1	320	5.99e-149	423
Dm_00012083-RA	AT5G64360.2	N/A	38.964	521	231	16	9	519	17	460	2.64e-97	304
Dm_00013267-RA	AT1G21200.1	N/A	55.605	446	172	10	1	424	1	442	6.06e-149	431
Dm_00011533-RA	AT4G29950.1	N/A	47.912	814	342	18	9	776	16	793	0.0	657
Dm_00011522-RA	AT1G23380.1	N/A	58.416	202	62	8	1	197	1	185	2.65e-69	215
Dm_00010753-RA	AT2G20370.1	N/A	71.824	614	142	6	1	584	7	619	0.0	894
Dm_00010580-RA	AT5G03790.1	N/A	67.442	129	41	1	27	154	71	199	2.89e-56	178
Dm_00010092-RA	AT5G59980.1	N/A	48.843	432	198	5	1	431	1	410	2.13e-134	411
Dm_00011939-RA	AT4G32060.1	N/A	68.072	332	106	0	8	339	158	489	5.13e-168	478
Dm_00013329-RA	AT2G01070.2	N/A	60.982	387	121	3	18	402	12	370	3.46e-168	479
Dm_00013383-RA	AT5G48385.1	N/A	36.699	515	259	9	29	533	6	463	5.52e-84	275
Dm_00007961-RA	AT4G03510.1	N/A	39.485	233	101	7	24	244	45	249	2.37e-47	157
Dm_00008625-RA	AT3G12830.1	N/A	57.895	133	44	2	1	126	1	128	7.82e-46	145
Dm_00010050-RA	AT4G23840.1	N/A	48.551	552	278	4	9	556	2	551	4.72e-158	464
Dm_00002422-RA	AT4G37270.1	N/A	72.316	708	194	2	113	819	95	801	0.0	1025
Dm_00002586-RA	AT4G02715.1	N/A	40.444	225	89	8	1	204	5	205	1.43e-38	132
Dm_00002103-RA	AT5G27220.1	N/A	25.467	589	380	22	18	584	524	1075	1.17e-23	108
Dm_00007830-RA	AT3G02040.1	N/A	61.240	387	123	5	1	386	1	361	1.60e-168	475
Dm_00008152-RA	AT1G27850.1	N/A	55.094	481	171	8	21	493	1	444	5.21e-129	419
Dm_00007417-RA	AT4G17170.1	N/A	97.590	166	4	0	112	277	16	181	3.30e-119	340
Dm_00009809-RA	AT4G15550.1	N/A	46.998	483	215	11	8	471	12	472	1.72e-150	437
Dm_00007693-RA	AT5G10020.1	N/A	59.634	1038	398	8	31	1062	26	1048	0.0	1169
Dm_00009828-RA	ATCG00280.1	N/A	89.157	83	9	0	1	83	1	83	7.53e-45	155
Dm_00007815-RA	AT3G59910.2	N/A	72.034	590	149	6	31	611	24	606	0.0	847
Dm_00009109-RA	AT3G48700.1	N/A	48.171	328	150	6	304	617	5	326	8.11e-91	284
Dm_00007625-RA	AT5G40340.1	N/A	41.117	197	110	4	92	287	125	316	3.27e-41	161
Dm_00015040-RA	AT4G38180.1	N/A	42.193	301	168	3	5	300	196	495	2.99e-82	264
Dm_00014134-RA	AT1G77720.1	N/A	48.737	792	302	16	53	817	56	770	0.0	682
Dm_00015874-RA	AT2G45720.2	N/A	56.441	590	216	14	1	586	1	553	0.0	621
Dm_00000832-RA	AT3G20600.1	N/A	35.961	203	120	4	6	208	2	194	1.94e-37	130
Dm_00000853-RA	AT4G27030.1	N/A	70.667	225	66	0	88	312	92	316	9.64e-120	347
Dm_00000856-RA	AT4G27020.1	N/A	80.400	500	98	0	22	521	24	523	0.0	882
Dm_00000858-RA	AT2G13600.1	N/A	35.102	490	276	6	14	465	152	637	1.46e-99	313
Dm_00003554-RA	AT5G28646.1	N/A	50.000	130	63	1	123	250	61	190	4.84e-31	116
Dm_00003742-RA	AT2G39700.1	N/A	83.682	239	39	0	26	264	19	257	6.78e-157	437
Dm_00003813-RA	AT5G23570.1	N/A	49.045	628	271	13	1	595	8	619	0.0	550
Dm_00003803-RA	AT1G13980.2	N/A	67.950	1429	445	6	35	1457	15	1436	0.0	1991
Dm_00004157-RA	AT5G11260.1	N/A	72.593	135	35	2	1	134	34	167	1.72e-55	171
Dm_00003375-RA	AT1G29500.1	N/A	47.857	140	64	1	1	140	1	131	3.18e-40	132
Dm_00004420-RA	AT1G71090.1	N/A	64.254	456	147	5	10	461	4	447	0.0	580
Dm_00001234-RA	AT1G20190.1	N/A	76.050	238	56	1	227	464	16	252	3.51e-136	392
Dm_00001235-RA	AT1G20200.1	N/A	78.659	492	87	5	1	478	1	488	0.0	741
Dm_00001269-RA	AT4G37420.1	N/A	51.107	497	233	5	110	602	98	588	2.61e-169	494
Dm_00000633-RA	AT3G22550.1	N/A	44.444	126	59	3	316	441	151	265	3.22e-25	105
Dm_00000638-RA	AT1G16650.1	N/A	52.564	546	228	10	6	549	5	521	0.0	529
Dm_00015171-RA	AT5G43860.1	N/A	53.205	312	138	4	9	313	5	315	2.60e-113	331
Dm_00016556-RA	AT5G04110.2	N/A	35.583	163	101	4	17	176	362	523	3.38e-29	114
Dm_00016557-RA	AT3G09070.1	N/A	28.279	732	365	30	14	657	26	685	9.76e-38	149
Dm_00011878-RA	AT4G03200.1	N/A	69.946	742	194	3	35	747	77	818	0.0	1088
Dm_00009767-RA	AT5G04220.2	N/A	56.852	540	188	5	1	502	1	533	0.0	594
Dm_00012697-RA	AT1G75400.1	N/A	43.311	441	221	12	46	462	1	436	5.09e-81	258
Dm_00012539-RA	AT4G38430.1	N/A	60.755	609	176	15	1	607	1	548	0.0	646
Dm_00015070-RA	AT4G39110.1	N/A	64.839	839	272	12	38	864	51	878	0.0	1110
Dm_00012189-RA	AT1G51700.1	N/A	46.701	197	58	9	12	183	1	175	1.58e-42	143
Dm_00015351-RA	AT1G72820.1	N/A	75.358	349	77	4	1	346	1	343	0.0	522
Dm_00016796-RA	AT1G63120.1	N/A	66.261	329	99	4	1	329	1	317	1.09e-153	434
Dm_00002170-RA	AT1G14140.1	N/A	69.667	300	81	4	9	303	11	305	3.81e-150	423
Dm_00002168-RA	AT5G15280.1	N/A	40.620	1194	660	17	72	1257	72	1224	0.0	839
Dm_00002022-RA	AT2G40980.1	N/A	46.394	513	228	9	323	824	131	607	3.10e-148	450
Dm_00005072-RA	AT4G31160.1	N/A	52.830	1908	644	38	72	1906	47	1771	0.0	1670
Dm_00005286-RA	AT2G42610.1	N/A	73.846	130	31	1	28	157	22	148	6.93e-70	210
Dm_00005238-RA	AT1G05970.2	N/A	49.733	187	94	0	9	195	9	195	1.85e-63	195
Dm_00011427-RA	AT1G68740.1	N/A	70.640	797	217	9	1	793	1	784	0.0	1103
Dm_00018127-RA	AT5G19610.1	N/A	62.880	1382	479	13	3	1366	7	1372	0.0	1792
Dm_00004501-RA	AT5G03250.1	N/A	54.181	598	182	13	2	575	43	572	0.0	612
Dm_00002328-RA	AT1G80530.1	N/A	63.458	561	197	4	6	566	7	559	0.0	727
Dm_00020105-RA	AT5G59020.1	N/A	37.994	329	170	8	149	472	432	731	9.71e-56	199
Dm_00020043-RA	AT4G38180.1	N/A	37.188	441	264	6	1	433	214	649	3.16e-91	293
Dm_00020313-RA	AT5G45400.1	N/A	52.209	860	339	16	6	818	3	837	0.0	863
Dm_00020206-RA	AT3G23160.1	N/A	54.576	601	196	10	1	597	1	528	0.0	610
Dm_00020362-RA	AT3G51970.1	N/A	48.718	351	168	5	8	357	1	340	1.98e-106	316
Dm_00020314-RA	AT1G79480.2	N/A	59.028	144	53	3	208	350	250	388	4.98e-40	145
Dm_00020033-RA	AT5G24120.2	N/A	56.008	516	201	8	1	493	1	513	0.0	529
Dm_00020377-RA	AT1G75250.1	N/A	67.073	82	22	2	1	78	1	81	3.02e-33	111
Dm_00001457-RA	AT2G20780.1	N/A	72.566	452	119	2	1	452	76	522	0.0	659
Dm_00001465-RA	AT1G11120.2	N/A	60.630	127	43	4	12	132	14	139	2.13e-43	141
Dm_00001466-RA	AT2G20860.2	N/A	63.830	470	69	5	22	489	1	371	0.0	534
Dm_00006952-RA	AT2G03890.1	N/A	65.361	664	190	15	1	638	1	650	0.0	828
Dm_00009552-RA	AT4G35470.1	N/A	55.897	585	216	9	1	582	4	549	0.0	595
Dm_00008252-RA	AT5G58090.1	N/A	73.378	447	113	2	6	452	20	460	0.0	702
Dm_00016524-RA	AT4G25570.1	N/A	52.055	219	95	2	6	220	6	218	1.33e-76	231
Dm_00008277-RA	AT3G47710.1	N/A	81.132	53	10	0	11	63	39	91	3.92e-24	86.3
Dm_00000477-RA	AT2G42820.1	N/A	62.025	158	58	1	1	156	1	158	7.29e-74	218
Dm_00000493-RA	AT2G28000.1	N/A	88.720	461	51	1	60	519	31	491	0.0	808
Dm_00015545-RA	AT3G55220.1	N/A	86.881	1212	157	2	1	1211	1	1211	0.0	2214
Dm_00014316-RA	AT1G75540.1	N/A	42.737	358	155	12	1	335	1	331	1.44e-76	238
Dm_00014513-RA	AT1G64390.1	N/A	73.058	605	140	2	20	603	17	619	0.0	929
Dm_00013982-RA	AT1G21980.1	N/A	69.945	732	179	9	38	751	43	751	0.0	1032
Dm_00014213-RA	AT5G27030.1	N/A	73.214	1120	263	10	1	1095	1	1108	0.0	1675
Dm_00012113-RA	AT4G17790.1	N/A	76.923	195	45	0	33	227	69	263	1.00e-107	311
Dm_00014423-RA	AT3G05670.1	N/A	42.941	170	61	3	69	235	413	549	7.66e-37	147
Dm_00010366-RA	AT1G06780.1	N/A	52.129	587	232	3	2	539	3	589	0.0	611
Dm_00000066-RA	AT5G04820.1	N/A	39.320	206	107	6	40	240	25	217	1.80e-36	132
Dm_00001074-RA	AT3G50410.1	N/A	46.640	253	97	9	25	256	18	253	1.27e-49	164
Dm_00001096-RA	AT5G26742.2	N/A	69.985	663	163	7	7	662	13	646	0.0	889
Dm_00000702-RA	AT2G34060.1	N/A	64.577	319	108	3	17	335	29	342	2.72e-153	434
Dm_00001822-RA	AT1G09320.1	N/A	40.663	332	170	5	6	332	39	348	5.45e-77	245
Dm_00001917-RA	AT2G03200.1	N/A	51.945	437	185	10	39	471	44	459	8.62e-151	437
Dm_00001607-RA	AT1G15060.3	N/A	67.692	520	156	3	62	577	48	559	0.0	730
Dm_00012949-RA	AT4G32250.2	N/A	60.708	593	207	8	14	597	1	576	0.0	712
Dm_00010067-RA	AT1G16680.1	N/A	65.225	555	177	9	52	591	1	554	0.0	672
Dm_00009617-RA	AT4G11800.1	N/A	75.248	1010	246	3	1	1008	1	1008	0.0	1637
Dm_00010953-RA	AT3G22104.1	N/A	44.444	522	239	9	1	521	35	506	2.11e-132	394
Dm_00011643-RA	AT1G03100.1	N/A	67.455	719	230	2	66	780	74	792	0.0	1022
Dm_00011623-RA	AT2G21120.1	N/A	69.789	331	90	3	1	324	1	328	3.78e-169	473
Dm_00011545-RA	AT4G23490.1	N/A	62.934	259	84	3	345	596	273	526	1.49e-115	354
Dm_00000005-RA	AT5G01990.1	N/A	75.422	415	85	3	19	417	18	431	0.0	625
Dm_00017662-RA	AT4G04450.1	N/A	44.858	564	199	16	35	571	25	503	5.33e-127	384
Dm_00017458-RA	AT5G16560.1	N/A	37.342	316	135	10	1	295	1	274	2.84e-40	145
Dm_00017704-RA	AT2G28160.2	N/A	47.977	173	77	5	32	194	24	193	1.33e-33	124
Dm_00016300-RA	AT1G77280.2	N/A	39.875	800	358	21	4	733	7	753	2.77e-144	441
Dm_00004014-RA	AT4G39010.1	N/A	72.093	473	132	0	23	495	22	494	0.0	722
Dm_00003794-RA	AT5G20270.1	N/A	68.182	198	63	0	75	272	135	332	4.15e-99	295
Dm_00020342-RA	AT2G44730.1	N/A	50.909	110	54	0	20	129	57	166	3.58e-31	122
Dm_00001782-RA	AT2G36430.1	N/A	55.374	428	181	7	43	463	22	446	3.73e-164	471
Dm_00001793-RA	AT3G52780.1	N/A	62.042	382	139	5	1	379	47	425	1.10e-176	498
Dm_00001881-RA	AT5G47750.1	N/A	75.468	534	85	10	132	657	91	586	0.0	791
Dm_00001310-RA	AT3G19870.2	N/A	52.286	1159	494	16	2	1150	7	1116	0.0	1129
Dm_00005593-RA	AT2G42760.1	N/A	51.639	122	46	4	145	253	145	266	3.79e-29	111
Dm_00005376-RA	AT5G55970.2	N/A	64.671	167	45	1	60	212	175	341	1.04e-70	219
Dm_00005101-RA	AT5G12480.1	N/A	71.273	275	45	2	1	270	1	246	4.79e-135	397
Dm_00005009-RA	AT2G12400.1	N/A	62.340	470	171	2	479	942	51	520	0.0	594
Dm_00004999-RA	AT5G20300.2	N/A	49.682	787	380	11	1	783	1	775	0.0	763
Dm_00008104-RA	AT1G69360.1	N/A	30.170	1117	527	45	1	1087	1	894	8.40e-88	303
Dm_00009275-RA	AT3G13540.1	N/A	70.290	138	41	0	4	141	15	152	2.26e-68	213
Dm_00008729-RA	AT5G54730.1	N/A	42.680	806	316	24	26	815	23	698	2.45e-173	519
Dm_00008849-RA	AT3G26935.1	N/A	66.821	431	134	5	1	428	1	425	0.0	615
Dm_00003993-RA	AT3G16785.5	N/A	47.400	500	154	14	46	488	45	492	6.93e-112	360
Dm_00004678-RA	AT1G76500.1	N/A	58.079	229	81	3	3	216	4	232	2.39e-67	213
Dm_00004689-RA	AT3G55350.1	N/A	28.333	300	191	9	119	405	68	356	4.47e-31	124
Dm_00004687-RA	AT1G49770.1	N/A	34.034	238	116	7	12	244	103	304	1.70e-23	96.7
Dm_00003477-RA	AT4G34760.1	N/A	71.963	107	27	2	1	107	1	104	1.02e-52	161
Dm_00004643-RA	AT5G60210.1	N/A	43.631	628	276	15	3	622	7	564	6.13e-127	386
Dm_00005658-RA	AT5G42870.3	N/A	51.485	404	177	6	684	1084	431	818	1.89e-112	375
Dm_00005074-RA	AT5G38840.1	N/A	51.872	721	285	15	36	736	57	735	0.0	627
Dm_00004836-RA	AT1G13900.1	N/A	64.679	654	214	6	29	672	9	655	0.0	891
Dm_00005681-RA	AT3G04350.1	N/A	61.005	577	206	8	1	568	1	567	0.0	711
Dm_00005682-RA	AT3G04360.1	N/A	38.692	367	165	12	68	394	10	356	7.06e-57	192
Dm_00001773-RA	AT2G32480.1	N/A	68.182	462	129	5	1	459	1	447	0.0	609
Dm_00001640-RA	AT1G27480.1	N/A	55.782	441	167	6	1	436	1	418	2.66e-179	508
Dm_00019517-RA	AT1G79060.1	N/A	47.952	415	148	14	1	402	1	360	1.17e-77	248
Dm_00013244-RA	AT2G39950.1	N/A	46.205	606	254	19	74	664	50	598	1.99e-141	430
Dm_00008686-RA	AT5G26742.3	N/A	66.102	118	36	1	104	221	31	144	2.72e-39	145
Dm_00007965-RA	AT1G12680.1	N/A	55.136	477	192	10	5	468	3	470	1.29e-173	496
Dm_00007878-RA	AT3G52115.1	N/A	33.286	697	334	17	16	695	6	588	2.45e-94	304
Dm_00007810-RA	AT1G14290.1	N/A	72.868	258	70	0	1	258	2	259	2.92e-150	420
Dm_00009066-RA	AT1G60010.1	N/A	47.826	207	59	5	62	253	1	173	2.58e-52	168
Dm_00009020-RA	AT1G78995.1	N/A	65.306	98	24	2	40	137	72	159	1.26e-38	128
Dm_00009952-RA	AT3G07800.1	N/A	76.860	121	28	0	27	147	29	149	1.00e-65	200
Dm_00008938-RA	AT3G29240.2	N/A	47.988	323	129	7	1	297	1	310	7.45e-87	263
Dm_00001416-RA	AT3G11330.1	N/A	54.682	534	204	8	2	535	4	499	0.0	521
Dm_00001415-RA	AT3G48240.1	N/A	52.349	149	59	5	9	157	8	144	5.23e-39	132
Dm_00001426-RA	AT1G21150.3	N/A	26.210	248	171	3	2	238	108	354	8.22e-31	117
Dm_00001430-RA	AT3G48270.1	N/A	45.473	486	227	7	46	525	33	486	1.43e-152	445
Dm_00001480-RA	AT5G42090.1	N/A	76.923	416	93	2	30	442	24	439	0.0	661
Dm_00018122-RA	AT5G37510.1	N/A	77.937	766	148	3	1	766	1	745	0.0	1213
Dm_00016941-RA	AT3G03440.1	N/A	65.192	339	115	3	29	366	66	402	1.48e-129	378
Dm_00016655-RA	AT3G57990.1	N/A	33.415	410	196	15	1	376	1	367	3.46e-49	170
Dm_00017928-RA	AT2G32710.2	N/A	60.638	94	32	2	240	328	188	281	1.18e-28	112
Dm_00017467-RA	AT5G14880.1	N/A	63.368	778	254	10	39	797	16	781	0.0	969
Dm_00017730-RA	AT2G45610.1	N/A	52.012	323	146	3	4	325	9	323	8.83e-118	343
Dm_00017974-RA	AT1G63450.1	N/A	47.604	647	257	13	1	573	24	662	0.0	612
Dm_00018324-RA	AT1G55630.1	N/A	59.695	459	180	2	23	481	24	477	0.0	577
Dm_00011277-RA	AT3G06590.4	N/A	56.322	174	67	3	56	225	48	216	5.75e-52	169
Dm_00012311-RA	AT4G13250.1	N/A	75.116	430	100	2	85	507	49	478	0.0	664
Dm_00006275-RA	AT1G34260.1	N/A	44.459	1516	646	30	324	1827	125	1456	0.0	1138
Dm_00006244-RA	AT3G06130.1	N/A	62.393	117	30	3	278	384	361	473	7.54e-24	103
Dm_00018590-RA	AT3G11340.1	N/A	45.610	467	234	9	23	489	1	447	8.05e-135	397
Dm_00007304-RA	AT5G62030.1	N/A	70.872	436	108	5	35	455	15	446	0.0	627
Dm_00006740-RA	AT1G68560.1	N/A	70.333	900	245	5	37	930	31	914	0.0	1346
Dm_00006653-RA	AT4G12710.1	N/A	51.613	248	79	2	24	231	122	368	2.57e-74	231
Dm_00009954-RA	AT4G12570.1	N/A	43.387	620	311	12	30	626	184	786	1.21e-166	498
Dm_00009306-RA	AT2G26150.4	N/A	48.661	224	103	3	103	322	31	246	4.14e-62	206
Dm_00009351-RA	AT4G28640.2	N/A	41.502	253	71	6	138	390	73	248	2.14e-44	158
Dm_00009352-RA	AT4G28650.1	N/A	63.584	1038	337	14	7	1036	6	1010	0.0	1262
Dm_00021084-RA	AT2G21950.1	N/A	49.311	363	169	7	13	370	17	369	1.79e-116	343
Dm_00021060-RA	AT2G26660.1	N/A	61.832	131	34	4	6	129	144	265	3.85e-41	139
Dm_00005318-RA	AT3G51060.1	N/A	43.488	430	161	17	1	409	1	369	1.53e-80	252
Dm_00006046-RA	AT5G19900.1	N/A	48.918	462	173	16	44	483	13	433	1.40e-99	309
Dm_00013239-RA	AT4G39210.1	N/A	66.541	532	166	5	1	531	1	521	0.0	736
Dm_00013228-RA	AT3G06430.1	N/A	73.128	454	112	3	33	486	24	467	0.0	695
Dm_00012891-RA	AT2G34620.1	N/A	59.136	301	115	4	5	304	1	294	4.10e-123	355
Dm_00012500-RA	AT2G22590.1	N/A	46.269	469	235	9	2	464	9	466	1.33e-146	427
Dm_00002053-RA	AT1G01540.2	N/A	39.636	439	238	11	11	440	1	421	1.90e-91	285
Dm_00001993-RA	AT5G39660.1	N/A	39.921	506	208	17	7	467	3	457	2.38e-92	288
Dm_00001616-RA	AT5G26820.1	N/A	66.406	512	167	3	5	513	59	568	0.0	660
Dm_00015695-RA	AT3G10420.2	N/A	58.201	756	238	9	1	752	1	682	0.0	778
Dm_00014129-RA	AT1G51080.1	N/A	44.574	258	101	7	41	287	58	284	2.37e-51	170
Dm_00013427-RA	AT1G69760.1	N/A	37.736	212	75	10	4	201	9	177	3.19e-23	91.7
Dm_00013522-RA	AT5G53670.1	N/A	38.426	216	107	6	16	214	33	239	5.56e-28	109
Dm_00013576-RA	AT4G31850.1	N/A	57.610	1071	445	7	47	1111	45	1112	0.0	1249
Dm_00014621-RA	AT4G30790.1	N/A	50.741	1214	494	18	8	1187	1	1144	0.0	1103
Dm_00019933-RA	AT4G25360.2	N/A	57.640	517	188	6	28	515	13	527	0.0	618
Dm_00018681-RA	AT2G02970.1	N/A	52.098	572	233	8	1	549	1	554	0.0	553
Dm_00001147-RA	AT2G23790.1	N/A	46.863	271	121	5	87	349	72	327	8.20e-76	238
Dm_00001163-RA	AT5G42950.1	N/A	36.076	1203	610	34	490	1642	416	1509	2.79e-147	496
Dm_00000740-RA	AT2G18940.1	N/A	59.785	838	309	9	1	828	1	820	0.0	1014
Dm_00000743-RA	AT5G57390.2	N/A	72.072	222	50	4	189	405	60	274	1.72e-103	316
Dm_00000752-RA	AT5G57480.1	N/A	70.784	510	131	6	1	506	1	496	0.0	723
Dm_00000766-RA	AT5G57630.2	N/A	56.010	416	145	6	1	392	1	402	3.01e-156	446
Dm_00000189-RA	AT5G24470.1	N/A	45.031	322	123	10	24	342	76	346	5.19e-67	229
Dm_00001351-RA	AT1G27752.1	N/A	47.749	844	297	21	1	750	1	794	0.0	582
Dm_00001869-RA	AT3G05270.1	N/A	41.988	674	283	9	1	626	1	614	6.83e-133	403
Dm_00020454-RA	AT4G29380.1	N/A	65.528	1552	460	14	1	1537	1	1492	0.0	1966
Dm_00020459-RA	AT1G75420.1	N/A	76.160	474	96	3	8	481	2	458	0.0	689
Dm_00018264-RA	AT2G30540.1	N/A	66.667	99	33	0	1	99	1	99	9.88e-50	153
Dm_00017286-RA	AT3G52250.2	N/A	37.985	953	523	21	199	1126	283	1192	6.05e-149	499
Dm_00018678-RA	AT1G78560.1	N/A	60.550	109	21	1	246	354	228	314	7.97e-30	118
Dm_00018806-RA	AT1G30480.1	N/A	66.667	399	115	7	1	393	1	387	8.23e-166	470
Dm_00006918-RA	AT3G07210.1	N/A	54.790	595	210	16	1	584	1	547	2.34e-180	520
Dm_00006840-RA	AT1G78170.1	N/A	38.164	207	97	7	42	237	35	221	9.82e-27	103
Dm_00006688-RA	AT4G34340.1	N/A	39.726	365	166	11	36	396	37	351	2.61e-75	238
Dm_00006305-RA	AT3G27550.1	N/A	80.435	322	60	3	58	377	16	336	2.04e-156	456
Dm_00003985-RA	AT1G24260.3	N/A	100.000	61	0	0	1	61	1	61	5.53e-38	126
Dm_00004396-RA	AT2G39170.1	N/A	42.529	261	101	4	1	257	1	216	1.01e-51	169
Dm_00003439-RA	AT4G34760.1	N/A	71.429	105	28	2	1	104	1	104	2.23e-51	157
Dm_00008318-RA	AT1G79090.1	N/A	52.395	689	289	17	38	710	117	782	0.0	636
Dm_00008572-RA	AT2G14050.1	N/A	73.643	645	160	5	21	663	14	650	0.0	971
Dm_00008819-RA	AT3G48430.1	N/A	44.676	1202	416	28	7	1172	3	991	0.0	863
Dm_00001033-RA	AT3G24420.1	N/A	44.884	303	134	7	1	302	1	271	3.72e-85	257
Dm_00000977-RA	AT3G27010.1	N/A	48.276	232	83	9	23	236	62	274	8.57e-52	172
Dm_00006071-RA	AT1G69290.1	N/A	63.706	653	216	8	12	650	12	657	0.0	796
Dm_00006728-RA	AT4G16390.1	N/A	43.148	737	287	13	1	646	1	696	0.0	566
Dm_00006390-RA	AT1G06410.2	N/A	75.266	845	205	2	1	845	1	841	0.0	1346
Dm_00006393-RA	AT1G53400.1	N/A	79.630	108	21	1	46	152	6	113	2.25e-61	186
Dm_00006176-RA	AT1G11360.4	N/A	63.043	230	61	6	27	241	22	242	1.09e-91	270
Dm_00008664-RA	AT2G39000.3	N/A	72.398	221	60	1	73	292	6	226	1.10e-118	340
Dm_00009178-RA	AT2G16485.1	N/A	42.530	1091	464	41	140	1151	766	1772	0.0	626
Dm_00008585-RA	AT3G20300.1	N/A	64.961	254	85	3	1	251	199	451	1.53e-111	328
Dm_00002135-RA	AT5G55100.2	N/A	41.412	949	403	33	1	906	1	839	1.21e-164	502
Dm_00001380-RA	AT3G52740.1	N/A	51.515	132	50	7	61	184	4	129	1.63e-27	101
Dm_00001849-RA	AT5G14170.1	N/A	57.243	428	179	2	116	543	88	511	1.11e-179	516
Dm_00001859-RA	AT1G67570.1	N/A	56.803	294	124	2	11	301	160	453	1.08e-116	343
Dm_00015291-RA	AT3G25410.1	N/A	73.699	365	91	1	72	436	72	431	0.0	530
Dm_00014266-RA	AT2G43410.2	N/A	37.569	905	409	33	1	865	91	879	1.12e-139	438
Dm_00003489-RA	AT2G15020.1	N/A	44.000	550	251	16	1	533	1	510	5.28e-148	437
Dm_00004455-RA	AT5G01160.2	N/A	49.167	360	158	8	1	352	1	343	1.93e-96	293
Dm_00004451-RA	AT3G55010.1	N/A	81.481	324	59	1	92	414	66	389	1.21e-180	508
Dm_00019329-RA	AT1G77280.2	N/A	53.260	813	303	14	3	799	2	753	0.0	758
Dm_00020649-RA	AT5G18750.1	N/A	42.402	533	260	12	565	1086	382	878	7.60e-122	396
Dm_00010572-RA	AT1G17050.1	N/A	70.213	423	117	4	2	421	1	417	0.0	575
Dm_00010526-RA	AT2G26710.1	N/A	62.357	526	171	6	19	543	16	515	0.0	675
Dm_00009172-RA	AT1G55290.1	N/A	58.908	348	141	2	14	360	13	359	7.94e-156	442
Dm_00000537-RA	AT5G41070.1	N/A	68.478	184	34	3	59	241	1	161	1.59e-77	252
Dm_00000548-RA	AT3G05010.1	N/A	70.330	273	81	0	39	311	28	300	1.25e-148	419
Dm_00020429-RA	AT2G38090.1	N/A	59.330	209	70	4	1	194	5	213	3.56e-84	254
Dm_00018561-RA	AT3G63430.2	N/A	46.865	303	118	12	481	780	246	508	2.32e-62	218
Dm_00018660-RA	AT3G10400.1	N/A	58.687	259	89	5	6	252	9	261	3.68e-74	226
Dm_00018757-RA	AT1G53210.1	N/A	45.918	294	150	6	44	333	239	527	4.70e-66	218
Dm_00000378-RA	AT1G68070.1	N/A	63.536	362	98	5	8	367	13	342	2.64e-166	468
Dm_00000390-RA	AT2G01680.1	N/A	66.174	541	169	4	12	552	6	532	0.0	716
Dm_00000079-RA	AT2G26660.1	N/A	68.301	306	73	8	1	301	1	287	4.09e-125	359
Dm_00009132-RA	AT5G41410.1	N/A	45.407	577	204	16	161	698	105	609	3.44e-137	416
Dm_00018588-RA	AT5G06560.1	N/A	51.477	474	216	7	1	465	1	469	1.01e-147	434
Dm_00017728-RA	AT5G14770.1	N/A	40.308	975	489	7	35	1008	51	933	0.0	712
Dm_00016744-RA	AT5G64740.1	N/A	59.524	252	75	4	1	237	1	240	5.29e-78	254
Dm_00007301-RA	AT2G26430.1	N/A	66.121	428	120	6	1	427	1	404	0.0	546
Dm_00016642-RA	AT2G17570.1	N/A	58.065	279	111	2	11	283	16	294	1.15e-116	337
Dm_00003883-RA	AT1G13230.1	N/A	58.015	393	158	5	33	421	34	423	8.41e-157	452
Dm_00004336-RA	AT4G27650.1	N/A	48.158	380	183	3	1	368	1	378	4.46e-129	375
Dm_00019389-RA	AT1G03350.1	N/A	38.057	494	215	13	1	442	1	455	5.86e-72	234
Dm_00012329-RA	AT1G19260.1	N/A	49.296	142	65	1	2	136	516	657	6.28e-40	142
Dm_00004110-RA	AT3G60680.1	N/A	54.891	184	72	4	209	387	319	496	2.99e-57	197
Dm_00010555-RA	AT3G02870.1	N/A	71.678	286	60	1	4	289	3	267	1.45e-144	407
Dm_00008668-RA	AT3G54790.3	N/A	48.395	779	360	8	21	789	6	752	0.0	629
Dm_00009956-RA	AT1G48760.3	N/A	68.224	535	166	1	31	565	2	532	0.0	755
Dm_00012835-RA	AT5G04290.1	N/A	38.915	1051	453	31	1	995	1	918	2.58e-176	574
Dm_00007618-RA	AT1G70420.1	N/A	33.538	325	131	12	33	351	27	272	4.58e-34	127
Dm_00011025-RA	AT1G13190.1	N/A	46.737	659	236	25	7	640	3	571	7.86e-138	415
Dm_00003242-RA	AT1G60950.1	N/A	61.438	153	48	5	1	148	1	147	1.46e-56	174
Dm_00004512-RA	AT2G42620.1	N/A	55.337	712	283	11	9	706	3	693	0.0	744
Dm_00002880-RA	AT5G05850.1	N/A	56.121	531	199	8	4	530	6	506	0.0	521
Dm_00004440-RA	AT1G53320.1	N/A	69.118	340	96	4	67	401	44	379	5.50e-166	471
Dm_00003343-RA	AT4G00440.2	N/A	30.169	885	484	33	54	897	1	792	7.86e-64	231
Dm_00004084-RA	AT1G71692.1	N/A	87.097	62	8	0	1	62	1	62	8.10e-35	118
Dm_00000297-RA	AT3G48550.1	N/A	46.073	191	67	4	2	192	4	158	1.67e-43	143
Dm_00000301-RA	AT5G50380.1	N/A	56.934	685	233	10	9	657	24	682	0.0	740
Dm_00000320-RA	AT3G48470.1	N/A	46.243	173	81	2	6	173	98	263	8.85e-42	153
Dm_00000517-RA	AT3G04830.1	N/A	73.927	303	72	2	1	296	1	303	2.72e-165	461
Dm_00016199-RA	AT3G61870.2	N/A	50.588	170	70	4	1	166	1	160	1.47e-45	150
Dm_00015022-RA	AT4G08920.1	N/A	75.672	670	139	9	8	668	15	669	0.0	983
Dm_00007063-RA	AT4G39090.1	N/A	80.415	337	66	0	40	376	26	362	0.0	585
Dm_00000090-RA	AT2G02160.1	N/A	28.720	578	286	22	2	511	25	544	4.17e-44	166
Dm_00000126-RA	AT5G42210.2	N/A	48.196	388	149	5	8	347	9	392	6.68e-116	342
Dm_00000132-RA	AT1G76140.1	N/A	72.358	738	187	1	820	1557	75	795	0.0	1141
Dm_00007847-RA	AT1G55180.1	N/A	59.895	763	285	13	3	752	8	762	0.0	954
Dm_00007942-RA	AT1G22310.2	N/A	36.193	373	168	9	12	316	20	390	4.58e-47	177
Dm_00006323-RA	AT5G56040.2	N/A	51.254	1116	481	11	28	1132	26	1089	0.0	1084
Dm_00006324-RA	AT5G63080.1	N/A	60.000	70	28	0	10	79	3	72	6.87e-26	99.8
Dm_00013416-RA	AT1G14630.1	N/A	46.018	226	80	8	12	235	40	225	8.76e-44	147
Dm_00005772-RA	AT5G60050.1	N/A	56.727	550	165	13	1	543	1	484	0.0	557
Dm_00020138-RA	AT1G55840.1	N/A	65.653	329	72	3	12	337	29	319	4.29e-161	454
Dm_00000913-RA	AT4G00150.1	N/A	43.869	367	184	7	443	807	209	555	1.31e-82	275
Dm_00000417-RA	AT1G18010.1	N/A	72.260	447	118	1	60	500	2	448	0.0	664
Dm_00000421-RA	AT5G24460.1	N/A	53.287	289	110	5	23	306	30	298	8.50e-88	265
Dm_00013317-RA	AT1G53035.1	N/A	64.583	144	51	0	1	144	7	150	3.29e-66	198
Dm_00013096-RA	AT3G21670.1	N/A	69.151	577	165	4	1	567	2	575	0.0	776
Dm_00013339-RA	AT5G27280.1	N/A	61.212	165	49	5	22	183	26	178	5.19e-60	187
Dm_00013705-RA	AT1G72300.1	N/A	53.711	1078	462	15	5	1069	27	1080	0.0	1078
Dm_00017960-RA	AT1G19260.1	N/A	43.116	276	155	1	112	385	398	673	6.70e-70	234
Dm_00018665-RA	AT1G18670.2	N/A	55.420	572	222	11	1	556	1	555	0.0	608
Dm_00004177-RA	AT4G17550.1	N/A	69.680	531	125	7	4	511	9	526	0.0	721
Dm_00012851-RA	AT5G14285.1	N/A	60.396	101	40	0	1	101	59	159	8.92e-37	127
Dm_00012480-RA	AT5G62620.1	N/A	60.174	688	205	9	2	637	11	681	0.0	843
Dm_00007254-RA	AT5G19640.1	N/A	63.065	620	198	8	1	602	1	607	0.0	780
Dm_00006094-RA	AT3G53950.1	N/A	67.970	537	162	5	10	543	14	543	0.0	756
Dm_00006090-RA	AT3G02160.1	N/A	40.780	282	137	6	62	318	15	291	6.94e-54	184
Dm_00006779-RA	AT4G14930.2	N/A	64.634	246	80	3	4	242	13	258	5.76e-113	327
Dm_00017671-RA	AT3G51970.1	N/A	48.718	351	168	5	8	357	1	340	1.98e-106	316
Dm_00013299-RA	AT1G03055.1	N/A	42.714	199	97	5	60	253	67	253	5.31e-48	160
Dm_00007327-RA	AT5G28780.1	N/A	40.496	242	139	3	566	803	93	333	1.03e-45	167
Dm_00015855-RA	AT4G38180.1	N/A	37.086	453	269	7	118	555	42	493	1.76e-86	287
Dm_00016247-RA	AT5G35450.1	N/A	32.394	355	195	7	1	327	1	338	7.79e-48	176
Dm_00016545-RA	AT3G63090.1	N/A	67.945	365	114	2	23	384	26	390	0.0	513
Dm_00001005-RA	AT4G30790.1	N/A	56.059	1147	464	15	47	1168	13	1144	0.0	1207
Dm_00001009-RA	AT5G57830.1	N/A	44.554	303	149	6	1	297	1	290	6.02e-53	183
Dm_00000770-RA	AT3G52880.1	N/A	77.650	434	97	0	1	434	1	434	0.0	678
Dm_00000780-RA	AT3G52820.1	N/A	67.792	385	124	0	1	385	50	434	0.0	560
Dm_00000232-RA	AT3G03050.1	N/A	74.084	1146	256	8	4	1115	7	1145	0.0	1755
Dm_00000253-RA	AT1G65010.1	N/A	42.254	781	339	8	31	805	30	704	7.85e-149	475
Dm_00001277-RA	AT5G04130.1	N/A	81.138	668	121	2	69	736	70	732	0.0	1084
Dm_00001285-RA	AT5G04140.1	N/A	79.891	1651	299	7	1	1647	1	1622	0.0	2723
Dm_00001293-RA	AT3G57070.1	N/A	47.942	413	181	8	38	442	29	415	1.77e-108	327
Dm_00014967-RA	AT3G42170.2	N/A	27.208	283	172	5	39	294	138	413	8.52e-29	116
Dm_00013708-RA	AT3G47940.1	N/A	60.000	350	137	1	1	350	1	347	2.08e-143	410
Dm_00014932-RA	AT4G23650.1	N/A	81.776	214	39	0	67	280	62	275	1.01e-129	379
Dm_00013969-RA	AT2G45460.4	N/A	48.718	897	383	22	44	902	41	898	0.0	688
Dm_00013693-RA	AT1G76060.1	N/A	58.974	156	62	1	1	154	2	157	2.94e-58	179
Dm_00014834-RA	AT1G43620.8	N/A	72.086	326	82	3	1	317	113	438	3.26e-176	495
Dm_00014954-RA	AT5G25520.2	N/A	39.723	866	386	30	120	943	170	941	5.89e-149	470
Dm_00008995-RA	AT5G27110.1	N/A	52.822	691	326	0	1	691	1	691	0.0	775
Dm_00008997-RA	AT4G12570.1	N/A	48.443	578	281	9	124	693	219	787	6.84e-176	525
Dm_00018395-RA	AT5G64410.1	N/A	77.077	349	79	1	3	350	380	728	0.0	588
Dm_00020741-RA	AT4G09660.1	N/A	35.602	191	85	2	2	154	285	475	2.62e-29	112
Dm_00012504-RA	AT4G08455.1	N/A	56.098	205	87	2	2	205	68	270	1.29e-69	213
