Dm_00006673-RA	AT1G60470.1	N/A	76.676	343	69	3	1	341	1	334	0.0	541
Dm_00006595-RA	AT3G49900.1	N/A	42.157	408	200	10	5	400	86	469	1.54e-85	270
Dm_00016462-RA	AT3G01500.4	N/A	54.924	264	82	4	7	246	2	252	1.42e-95	281
Dm_00017098-RA	AT2G26280.3	N/A	56.810	558	216	9	55	601	15	558	0.0	592
Dm_00018455-RA	AT2G18460.1	N/A	81.013	158	22	1	22	179	98	247	4.22e-86	255
Dm_00018225-RA	AT5G25220.2	N/A	68.564	404	73	7	76	455	45	418	0.0	531
Dm_00005993-RA	AT4G17180.1	N/A	76.294	367	82	1	4	370	108	469	0.0	596
Dm_00007780-RA	AT1G19720.1	N/A	50.396	883	425	5	21	893	15	894	0.0	904
Dm_00004995-RA	AT5G14420.4	N/A	84.564	149	23	0	161	309	107	255	1.92e-87	271
Dm_00006401-RA	AT3G08820.1	N/A	56.175	664	288	1	20	683	25	685	0.0	802
Dm_00006992-RA	AT4G22290.1	N/A	58.734	458	154	8	1	436	1	445	1.64e-175	498
Dm_00020979-RA	AT3G60220.1	N/A	49.621	264	122	7	121	379	77	334	1.25e-75	238
Dm_00020865-RA	AT3G55420.1	N/A	67.337	199	57	4	22	216	19	213	5.13e-83	246
Dm_00007240-RA	AT5G35450.1	N/A	34.657	554	299	14	1	540	350	854	2.63e-76	259
Dm_00009561-RA	AT4G32700.2	N/A	29.490	529	320	16	1	497	13	520	3.60e-34	138
Dm_00006636-RA	AT2G22730.5	N/A	65.152	198	41	2	45	238	51	224	5.50e-81	253
Dm_00009938-RA	AT1G11390.1	N/A	63.489	619	197	8	41	648	24	624	0.0	792
Dm_00009571-RA	AT2G19520.1	N/A	76.596	470	92	5	1	470	51	502	0.0	746
Dm_00009083-RA	AT3G28050.1	N/A	51.902	368	157	7	11	364	4	365	5.87e-122	357
Dm_00009379-RA	AT1G04360.1	N/A	43.188	345	160	7	28	349	32	363	1.78e-79	248
Dm_00008074-RA	AT4G38180.1	N/A	38.980	490	262	8	1	457	148	633	1.26e-113	354
Dm_00008719-RA	AT1G26090.1	N/A	51.502	466	201	6	2	461	8	454	2.09e-162	466
Dm_00016056-RA	AT5G07900.1	N/A	28.383	303	214	3	69	370	101	401	1.14e-37	140
Dm_00016990-RA	AT3G63010.1	N/A	69.421	363	90	3	1	362	1	343	0.0	535
Dm_00016873-RA	AT5G63260.1	N/A	35.696	395	199	13	71	443	44	405	2.63e-61	209
Dm_00015263-RA	AT1G02910.1	N/A	74.211	380	89	2	65	435	74	453	0.0	565
Dm_00017929-RA	AT4G37750.1	N/A	44.815	540	163	16	2	480	1	466	5.30e-118	364
Dm_00020548-RA	AT5G26230.1	N/A	43.733	359	147	10	26	376	25	336	1.02e-55	186
Dm_00016908-RA	AT1G44575.3	N/A	85.714	161	23	0	257	417	103	263	1.69e-82	254
Dm_00010655-RA	AT2G03420.1	N/A	62.590	139	52	0	52	190	32	170	4.61e-55	172
Dm_00009090-RA	AT1G74910.2	N/A	82.436	427	62	4	1	426	1	415	0.0	726
Dm_00015461-RA	AT3G55580.1	N/A	63.011	465	148	9	23	474	30	483	0.0	568
Dm_00013445-RA	AT1G75500.2	N/A	61.500	400	93	6	18	375	9	389	4.07e-165	467
Dm_00014696-RA	AT5G57030.1	N/A	77.215	474	103	1	83	556	56	524	0.0	774
Dm_00003411-RA	AT4G35100.2	N/A	87.676	284	30	2	1	283	1	280	0.0	501
Dm_00003396-RA	AT5G67090.1	N/A	41.688	794	359	22	1	780	29	732	0.0	559
Dm_00003169-RA	AT2G03510.1	N/A	62.629	388	91	4	20	407	15	348	6.12e-173	487
Dm_00003166-RA	AT1G18650.1	N/A	46.809	188	89	5	1	182	1	183	8.27e-44	144
Dm_00003183-RA	AT1G69210.1	N/A	64.286	196	68	2	104	299	111	304	5.33e-78	240
Dm_00017600-RA	AT1G24310.1	N/A	65.885	384	113	8	28	402	2	376	2.99e-158	451
Dm_00019426-RA	AT2G36200.1	N/A	85.542	249	36	0	1	249	64	312	1.14e-150	445
Dm_00019159-RA	AT1G60560.1	N/A	69.859	710	171	4	59	732	1	703	0.0	1036
Dm_00015942-RA	AT1G70370.2	N/A	50.562	89	39	2	148	231	374	462	1.49e-22	96.7
Dm_00015943-RA	AT1G23760.1	N/A	66.667	225	71	1	112	332	382	606	1.16e-100	315
Dm_00011683-RA	AT3G22190.3	N/A	53.453	391	154	9	7	389	34	404	8.98e-103	311
Dm_00002786-RA	AT5G28840.2	N/A	76.651	424	40	2	1	412	1	377	0.0	669
Dm_00002561-RA	AT4G13850.3	N/A	56.250	80	34	1	1	80	42	120	1.43e-21	83.2
Dm_00002360-RA	AT3G01400.1	N/A	75.362	345	79	4	1	340	1	344	0.0	514
Dm_00002355-RA	AT1G27730.1	N/A	41.606	274	92	10	1	263	1	217	1.19e-49	164
Dm_00002998-RA	AT5G50340.1	N/A	58.509	523	168	7	114	599	101	611	0.0	581
Dm_00018478-RA	AT5G58060.1	N/A	81.967	183	33	0	1	183	1	183	4.42e-114	322
Dm_00014125-RA	AT4G24430.2	N/A	53.282	259	83	4	37	258	232	489	9.68e-89	273
Dm_00012024-RA	AT5G61380.1	N/A	60.851	235	58	2	27	261	5	205	5.61e-89	278
Dm_00012421-RA	AT3G27870.2	N/A	71.527	583	158	4	3	584	2	577	0.0	866
Dm_00012420-RA	AT3G27870.3	N/A	69.637	606	144	2	4	604	386	956	0.0	884
Dm_00012138-RA	AT5G06080.1	N/A	51.724	145	66	1	1	145	1	141	6.88e-47	152
Dm_00011445-RA	AT1G47980.1	N/A	61.321	318	106	4	13	328	7	309	8.56e-132	378
Dm_00018397-RA	AT3G03900.3	N/A	85.606	132	19	0	25	156	1	132	3.77e-82	240
Dm_00009215-RA	AT3G03380.1	N/A	70.903	842	233	7	14	855	267	1096	0.0	1228
Dm_00008693-RA	AT4G34131.1	N/A	47.233	506	215	10	8	505	7	468	1.01e-157	458
Dm_00008690-RA	AT2G23360.1	N/A	38.021	192	111	2	104	295	58	241	2.93e-23	106
Dm_00009675-RA	AT5G16150.2	N/A	74.464	560	119	9	1	553	1	543	0.0	776
Dm_00002498-RA	AT5G49660.1	N/A	62.814	917	333	7	24	937	27	938	0.0	1169
Dm_00002013-RA	AT1G10830.1	N/A	71.656	314	86	1	64	374	53	366	2.84e-170	480
Dm_00002548-RA	AT5G12010.1	N/A	74.521	365	91	2	164	527	139	502	0.0	588
Dm_00014897-RA	AT5G13180.1	N/A	42.121	330	62	8	1	310	1	221	9.23e-73	227
Dm_00017207-RA	AT3G07560.1	N/A	67.669	133	31	4	175	302	179	304	1.28e-54	180
Dm_00017474-RA	AT2G19870.1	N/A	63.496	389	125	4	154	537	212	588	2.76e-164	480
Dm_00017947-RA	AT5G05710.1	N/A	81.119	143	26	1	3	145	2	143	1.45e-83	243
Dm_00015225-RA	AT5G39670.1	N/A	46.491	114	58	2	28	141	91	201	2.29e-27	101
Dm_00003028-RA	AT5G64920.1	N/A	49.245	331	121	11	23	335	15	316	8.30e-78	242
Dm_00003022-RA	AT4G22340.3	N/A	76.540	422	97	1	1	420	25	446	0.0	675
Dm_00002825-RA	AT3G14470.1	N/A	30.866	554	298	23	255	777	492	991	5.93e-40	160
Dm_00002724-RA	AT1G75080.2	N/A	49.854	343	117	14	21	340	22	332	8.79e-64	206
Dm_00019212-RA	AT4G32400.1	N/A	66.500	400	126	2	1	400	1	392	0.0	511
Dm_00018116-RA	AT2G44810.2	N/A	60.825	388	129	8	78	463	81	447	1.36e-159	459
Dm_00018197-RA	AT1G42970.1	N/A	89.153	378	40	1	26	403	71	447	0.0	673
Dm_00016926-RA	AT3G14890.2	N/A	57.880	368	130	6	55	418	316	662	1.96e-133	399
Dm_00018204-RA	AT5G60700.2	N/A	70.404	990	234	12	1	989	1	932	0.0	1414
Dm_00015899-RA	AT4G28950.1	N/A	88.780	205	22	1	1	205	1	204	3.19e-133	377
Dm_00017335-RA	AT1G64380.1	N/A	47.278	349	112	11	18	325	18	335	4.80e-64	206
Dm_00006263-RA	AT5G62650.1	N/A	45.996	537	251	12	8	529	4	516	4.34e-142	420
Dm_00005712-RA	AT5G02410.1	N/A	53.321	542	209	5	1	531	1	509	0.0	566
Dm_00014805-RA	AT1G58100.1	N/A	46.135	414	135	16	85	483	57	397	5.60e-81	257
Dm_00014934-RA	AT5G52060.1	N/A	52.315	216	95	2	7	222	41	248	1.10e-74	231
Dm_00012717-RA	AT4G23980.1	N/A	60.383	626	193	13	24	610	6	615	0.0	693
Dm_00015683-RA	AT1G45616.1	N/A	34.779	1084	546	25	10	1044	8	979	1.85e-145	463
Dm_00015936-RA	AT4G29080.1	N/A	46.707	334	123	14	2	323	8	298	4.86e-77	238
Dm_00006614-RA	AT5G67360.1	N/A	69.452	766	217	4	4	767	6	756	0.0	1105
Dm_00007519-RA	AT2G22620.1	N/A	56.583	638	247	8	24	651	59	676	0.0	720
Dm_00006866-RA	AT4G25650.1	N/A	61.404	399	116	4	69	432	67	462	0.0	520
Dm_00006867-RA	AT4G25650.1	N/A	57.143	84	36	0	2	85	452	535	1.51e-31	115
Dm_00014321-RA	AT5G23280.1	N/A	60.577	208	62	8	1	200	55	250	9.97e-66	202
Dm_00015241-RA	AT4G15545.1	N/A	55.967	243	74	5	14	254	126	337	5.28e-81	247
Dm_00015240-RA	AT4G15545.1	N/A	59.184	98	40	0	12	109	11	108	3.73e-29	107
Dm_00014069-RA	AT4G28100.1	N/A	73.384	263	62	4	22	281	21	278	3.39e-137	390
Dm_00014506-RA	AT3G30530.1	N/A	39.205	176	80	5	17	189	2	153	4.94e-28	105
Dm_00015367-RA	AT3G11690.1	N/A	39.487	195	80	6	18	199	33	202	1.68e-26	102
Dm_00002938-RA	AT3G22190.3	N/A	48.905	411	145	12	11	393	1	374	2.84e-83	261
Dm_00002635-RA	AT1G80600.1	N/A	72.250	400	111	0	124	523	58	457	0.0	608
Dm_00002781-RA	AT1G68300.1	N/A	52.703	148	69	1	13	159	10	157	5.71e-50	158
Dm_00002780-RA	AT1G68260.1	N/A	60.109	183	71	1	35	215	8	190	8.33e-79	234
Dm_00007921-RA	AT4G33640.1	N/A	78.205	78	17	0	1	78	1	78	5.74e-41	130
Dm_00005949-RA	AT2G16400.1	N/A	64.338	272	73	5	254	523	109	358	2.03e-114	353
Dm_00005951-RA	AT5G57960.1	N/A	73.500	200	29	1	3	202	111	286	4.58e-90	275
Dm_00008176-RA	AT5G13770.1	N/A	47.586	580	273	10	53	629	39	590	6.36e-180	524
Dm_00012287-RA	AT4G19640.1	N/A	61.176	170	51	2	1	156	1	169	4.28e-67	205
Dm_00012405-RA	AT4G37930.1	N/A	84.749	518	72	3	1	512	1	517	0.0	915
Dm_00012185-RA	AT2G46690.1	N/A	52.713	129	48	3	32	156	2	121	7.34e-37	123
Dm_00011988-RA	AT3G01540.4	N/A	74.769	432	101	4	44	468	166	596	0.0	650
Dm_00010728-RA	AT3G46010.2	N/A	85.507	138	18	1	10	145	13	150	1.81e-86	249
Dm_00011820-RA	AT2G29900.1	N/A	63.570	409	111	6	2	407	24	397	8.03e-151	432
Dm_00012230-RA	AT3G62300.2	N/A	33.453	278	141	6	562	838	488	722	7.91e-36	145
Dm_00008156-RA	AT3G16990.1	N/A	61.395	215	83	0	19	233	5	219	1.82e-99	289
Dm_00005996-RA	AT4G32830.1	N/A	58.974	78	30	2	4	80	215	291	1.17e-21	88.6
Dm_00009946-RA	AT1G55090.1	N/A	75.192	782	137	4	1	782	1	725	0.0	1238
Dm_00008838-RA	AT4G00750.1	N/A	64.850	367	114	4	38	402	228	581	1.92e-178	512
Dm_00008188-RA	AT1G50700.1	N/A	63.941	538	172	4	1	533	1	521	0.0	717
Dm_00008184-RA	AT1G11720.1	N/A	70.126	954	252	5	416	1363	116	1042	0.0	1419
Dm_00009063-RA	AT3G06860.1	N/A	61.682	107	41	0	1	107	1	107	2.73e-38	136
Dm_00009068-RA	AT5G07910.1	N/A	65.900	261	59	2	1	231	1	261	4.89e-107	309
Dm_00018630-RA	AT1G23290.1	N/A	86.239	109	15	0	1	109	38	146	3.69e-67	199
Dm_00016354-RA	AT4G35780.1	N/A	71.111	180	52	0	1	180	369	548	5.16e-99	297
Dm_00004778-RA	AT2G39570.1	N/A	56.955	381	147	3	19	399	48	411	8.19e-148	425
Dm_00004545-RA	AT2G45910.1	N/A	37.671	730	382	14	4	676	117	830	2.37e-142	436
Dm_00005602-RA	AT1G75250.1	N/A	59.596	99	36	2	75	173	1	95	2.20e-34	119
Dm_00004868-RA	AT1G69780.1	N/A	53.295	349	92	13	26	364	7	294	6.00e-107	315
Dm_00004391-RA	AT3G15880.2	N/A	72.642	1166	268	10	1	1155	1	1126	0.0	1753
Dm_00016892-RA	AT4G14310.1	N/A	46.240	984	395	31	7	955	8	892	0.0	753
Dm_00009111-RA	AT5G61410.2	N/A	81.119	286	45	3	2	287	4	280	2.14e-167	465
Dm_00021021-RA	AT1G21280.1	N/A	38.854	157	94	2	12	166	13	169	5.13e-31	112
Dm_00019152-RA	AT1G53350.1	N/A	35.852	569	291	20	1	553	351	861	7.69e-66	231
Dm_00019151-RA	AT1G50180.1	N/A	34.930	355	203	10	1	351	1	331	2.16e-50	181
Dm_00004601-RA	AT5G35730.1	N/A	61.633	490	127	6	11	484	9	453	0.0	587
Dm_00004608-RA	AT3G21700.3	N/A	60.294	272	99	4	16	280	23	292	3.23e-106	310
Dm_00006163-RA	AT4G19860.1	N/A	69.149	94	28	1	7	99	21	114	9.67e-43	146
Dm_00005437-RA	AT2G13360.1	N/A	87.781	401	49	0	1	401	1	401	0.0	747
Dm_00005440-RA	AT3G56630.1	N/A	42.209	507	250	11	48	551	33	499	4.10e-134	399
Dm_00004235-RA	AT3G58930.5	N/A	30.627	271	141	8	1	225	1	270	1.62e-22	96.3
Dm_00005209-RA	AT4G09020.1	N/A	75.527	474	99	4	10	479	304	764	0.0	759
Dm_00005210-RA	AT4G09020.1	N/A	59.843	254	98	1	121	374	55	304	1.88e-102	320
Dm_00020678-RA	AT4G38810.1	N/A	52.918	257	115	3	1	257	1	251	1.91e-92	273
Dm_00012878-RA	AT1G19850.2	N/A	48.777	654	254	21	11	618	232	850	3.31e-170	513
Dm_00011392-RA	AT1G32640.1	N/A	45.528	738	267	23	1	728	10	622	3.50e-178	523
Dm_00013196-RA	AT2G33510.1	N/A	43.043	230	86	6	1	227	1	188	3.05e-47	154
Dm_00019954-RA	AT2G27090.1	N/A	50.636	472	203	12	1	469	1	445	1.41e-121	372
Dm_00019854-RA	AT1G12940.1	N/A	72.269	476	131	1	14	488	17	492	0.0	708
Dm_00018611-RA	AT5G05940.1	N/A	64.272	515	161	10	43	538	60	570	0.0	657
Dm_00019962-RA	AT4G30130.1	N/A	30.994	684	360	22	1	615	1	641	1.63e-59	215
Dm_00007753-RA	AT4G18220.1	N/A	53.959	341	153	3	21	360	42	379	3.34e-129	375
Dm_00008204-RA	AT1G08490.1	N/A	75.935	428	76	1	35	462	62	462	0.0	672
Dm_00011690-RA	AT5G64460.10	N/A	73.723	137	36	0	77	213	1	137	5.32e-73	223
Dm_00015020-RA	AT1G17950.1	N/A	64.516	124	31	1	19	142	4	114	1.63e-55	180
Dm_00015165-RA	AT4G38970.1	N/A	82.195	410	56	3	5	411	3	398	0.0	679
Dm_00014340-RA	AT5G27690.1	N/A	56.383	94	41	0	15	108	25	118	8.19e-30	117
Dm_00017142-RA	AT4G29080.1	N/A	53.495	329	98	10	6	321	8	294	4.26e-98	292
Dm_00014838-RA	AT4G38180.1	N/A	36.750	400	233	8	36	430	67	451	2.12e-81	266
Dm_00003299-RA	AT3G49070.2	N/A	46.779	357	171	5	15	364	23	367	2.20e-99	299
Dm_00003315-RA	AT2G28105.2	N/A	56.494	154	48	4	32	175	5	149	5.57e-53	167
Dm_00003096-RA	AT3G09640.1	N/A	82.787	244	41	1	26	269	4	246	8.05e-149	416
Dm_00003094-RA	AT2G28550.3	N/A	45.270	444	174	14	1	420	1	399	5.72e-87	275
Dm_00003123-RA	AT2G41190.1	N/A	50.968	465	157	8	13	456	1	415	3.20e-153	446
Dm_00003360-RA	AT2G23620.1	N/A	58.755	257	102	4	8	261	3	258	6.07e-104	303
Dm_00003364-RA	AT3G14470.1	N/A	30.655	336	212	8	1	319	4	335	6.16e-34	132
Dm_00009975-RA	AT2G14820.2	N/A	54.110	584	227	13	42	623	37	581	0.0	600
Dm_00011104-RA	AT3G19180.1	N/A	51.902	736	318	11	75	784	66	791	0.0	659
Dm_00010143-RA	AT2G20680.1	N/A	63.877	454	138	9	1	452	1	430	0.0	575
Dm_00002701-RA	AT2G41610.1	N/A	45.517	290	145	4	25	310	15	295	2.20e-75	234
Dm_00002697-RA	AT1G01060.4	N/A	42.323	749	299	22	41	772	12	644	9.36e-114	359
Dm_00002705-RA	AT5G47850.1	N/A	48.473	753	329	20	33	771	33	740	0.0	649
Dm_00002718-RA	AT1G22610.1	N/A	65.478	1066	310	17	3	1047	1	1029	0.0	1368
Dm_00002713-RA	AT1G22540.1	N/A	63.204	568	176	5	53	620	15	549	0.0	684
Dm_00002458-RA	AT5G10270.1	N/A	73.814	527	111	10	1	522	1	505	0.0	751
Dm_00011169-RA	AT5G61430.1	N/A	49.020	357	150	7	8	362	10	336	1.38e-111	329
Dm_00016461-RA	AT2G44060.2	N/A	71.975	314	74	1	13	312	3	316	7.75e-163	457
Dm_00016256-RA	AT4G19100.1	N/A	60.465	172	50	1	102	273	61	214	7.67e-60	189
Dm_00016261-RA	AT1G32990.1	N/A	82.123	179	27	1	61	239	45	218	1.42e-102	297
Dm_00014855-RA	AT2G22410.1	N/A	42.700	637	357	4	29	658	20	655	5.66e-180	528
Dm_00011872-RA	AT4G31330.1	N/A	66.026	156	53	0	1	156	74	229	8.70e-70	211
Dm_00014928-RA	AT2G34710.1	N/A	72.929	857	223	6	1	853	1	852	0.0	1289
Dm_00014434-RA	AT2G07170.1	N/A	41.924	811	410	21	2	785	1	777	1.46e-171	516
Dm_00015217-RA	AT2G46260.1	N/A	45.517	145	37	4	146	248	89	233	5.19e-23	97.8
Dm_00009747-RA	AT3G06290.4	N/A	37.344	1039	551	25	2	1013	288	1253	9.53e-176	546
Dm_00010660-RA	AT5G41270.1	N/A	37.931	261	131	11	36	287	19	257	7.50e-41	142
Dm_00010545-RA	AT2G04240.2	N/A	44.737	152	83	1	1	151	1	152	1.32e-44	144
Dm_00009375-RA	AT1G58170.1	N/A	65.563	151	52	0	60	210	35	185	6.61e-76	226
Dm_00003371-RA	AT2G23460.1	N/A	65.722	776	239	9	198	965	126	882	0.0	1021
Dm_00003672-RA	AT4G27800.1	N/A	64.205	352	120	3	54	404	41	387	7.54e-163	463
Dm_00010320-RA	AT1G12740.1	N/A	65.962	473	154	2	7	479	6	471	0.0	667
Dm_00010431-RA	AT1G29630.2	N/A	55.111	450	174	5	104	539	55	490	1.02e-159	479
Dm_00010254-RA	AT4G12290.1	N/A	61.757	808	227	10	1	794	1	740	0.0	1004
Dm_00010255-RA	AT4G12240.1	N/A	59.821	336	122	6	88	419	28	354	6.52e-139	402
Dm_00010959-RA	AT1G16080.1	N/A	83.268	257	43	0	64	320	56	312	1.25e-163	458
Dm_00014955-RA	AT1G69120.2	N/A	67.836	171	55	0	1	171	1	171	1.09e-79	238
Dm_00015470-RA	AT2G36330.1	N/A	44.693	179	90	3	173	345	105	280	1.71e-41	146
Dm_00015471-RA	AT3G27960.1	N/A	54.612	683	261	8	41	720	19	655	0.0	728
Dm_00015472-RA	AT3G18080.1	N/A	75.205	488	104	1	31	518	41	511	0.0	769
Dm_00006420-RA	AT2G42490.1	N/A	81.267	726	125	2	6	720	51	776	0.0	1258
Dm_00005795-RA	AT2G41720.1	N/A	60.706	822	288	2	56	877	16	802	0.0	1090
Dm_00004748-RA	AT5G57330.1	N/A	79.208	303	63	0	46	348	9	311	0.0	525
Dm_00006483-RA	AT1G52590.1	N/A	61.688	154	18	1	8	161	60	172	1.38e-59	182
Dm_00009757-RA	AT5G07480.1	N/A	58.571	280	110	3	1	275	78	356	2.03e-119	346
Dm_00011481-RA	AT5G03415.1	N/A	77.574	272	57	3	19	286	24	295	1.37e-150	427
Dm_00012292-RA	AT5G48960.1	N/A	75.831	451	99	3	8	449	42	491	0.0	708
Dm_00015209-RA	AT2G47460.1	N/A	68.452	168	46	3	1	167	1	162	2.11e-74	235
Dm_00014769-RA	AT4G00720.1	N/A	83.889	360	58	0	8	367	103	462	0.0	654
Dm_00013409-RA	AT1G66430.1	N/A	84.211	323	51	0	17	339	61	383	0.0	564
Dm_00014858-RA	AT5G51110.2	N/A	59.487	195	74	2	13	206	3	193	1.68e-80	238
Dm_00015408-RA	AT5G61670.2	N/A	87.649	251	31	0	114	364	57	307	6.79e-164	461
Dm_00002371-RA	AT3G16150.1	N/A	80.368	326	63	1	1	326	1	325	0.0	541
Dm_00002372-RA	AT4G34160.1	N/A	50.000	300	130	5	20	316	16	298	2.41e-93	284
Dm_00002373-RA	AT3G46630.1	N/A	57.447	188	68	4	19	195	19	205	2.61e-68	207
Dm_00002663-RA	AT1G55850.1	N/A	48.662	785	310	13	8	787	18	714	0.0	726
Dm_00002660-RA	AT1G55840.1	N/A	65.653	329	72	3	17	342	29	319	5.33e-161	454
Dm_00002661-RA	AT4G26620.1	N/A	59.101	467	153	12	3	456	1	442	1.17e-173	494
Dm_00002679-RA	AT5G55660.1	N/A	61.257	191	72	2	198	386	300	490	1.83e-69	240
Dm_00003195-RA	AT1G02140.1	N/A	81.560	141	26	0	1	141	1	141	9.52e-85	244
Dm_00005859-RA	AT5G43820.1	N/A	53.267	505	192	5	26	494	46	542	0.0	549
Dm_00005908-RA	AT1G05830.4	N/A	55.939	1044	369	17	116	1112	79	1078	0.0	1087
Dm_00006493-RA	AT2G46270.1	N/A	49.657	437	147	14	1	419	1	382	2.85e-118	350
Dm_00012170-RA	AT3G12040.1	N/A	81.818	198	35	1	2	198	56	253	5.77e-119	338
Dm_00010454-RA	AT3G54350.2	N/A	40.211	475	220	17	463	915	244	676	2.45e-75	261
Dm_00012218-RA	AT1G21390.1	N/A	36.765	204	107	10	23	220	5	192	1.92e-21	90.5
Dm_00005610-RA	AT4G38620.1	N/A	52.484	322	101	9	1	310	1	282	1.78e-98	291
Dm_00004576-RA	AT3G49050.1	N/A	58.281	477	178	2	1	456	1	477	0.0	594
Dm_00005842-RA	AT5G64940.1	N/A	71.353	761	152	9	19	772	23	724	0.0	1027
Dm_00005841-RA	AT5G64930.1	N/A	35.551	526	252	12	100	601	89	551	9.22e-91	292
Dm_00005621-RA	AT3G08010.1	N/A	69.010	384	107	3	1	382	1	374	0.0	548
Dm_00018933-RA	AT5G10460.1	N/A	68.874	302	93	1	14	315	6	306	1.14e-157	442
Dm_00013012-RA	AT5G21060.1	N/A	65.333	375	104	1	1	349	1	375	2.93e-174	489
Dm_00013659-RA	AT5G24850.1	N/A	67.297	529	150	7	64	580	46	563	0.0	744
Dm_00016295-RA	AT1G72830.1	N/A	40.068	292	143	10	24	305	41	310	1.47e-48	166
Dm_00011227-RA	AT1G06950.1	N/A	59.577	710	273	7	6	706	310	1014	0.0	815
Dm_00011079-RA	AT2G37500.1	N/A	75.682	440	106	1	13	451	29	468	0.0	670
Dm_00010712-RA	AT3G16060.1	N/A	62.092	736	209	15	1	718	1	684	0.0	836
Dm_00011800-RA	AT4G32295.1	N/A	78.571	112	23	1	1	112	1	111	4.48e-61	187
Dm_00018281-RA	AT3G43230.1	N/A	73.488	430	105	5	58	482	59	484	0.0	652
Dm_00019770-RA	AT2G46710.1	N/A	57.289	391	122	9	108	489	71	425	1.40e-139	409
Dm_00017750-RA	AT5G25460.1	N/A	65.301	366	124	1	7	369	4	369	0.0	518
Dm_00018329-RA	AT1G09910.1	N/A	50.476	105	52	0	30	134	297	401	4.52e-33	122
Dm_00003666-RA	AT5G57690.1	N/A	60.377	318	118	5	1	311	1	317	2.20e-133	388
Dm_00003663-RA	AT4G30400.1	N/A	46.101	436	172	17	82	497	80	472	3.48e-94	294
Dm_00003662-RA	AT2G18650.1	N/A	69.461	167	45	5	44	206	34	198	2.36e-59	203
Dm_00002844-RA	AT5G37020.2	N/A	81.283	187	27	2	1	182	1	184	1.26e-105	320
Dm_00018559-RA	AT1G68010.1	N/A	87.990	383	41	2	3	385	2	379	0.0	676
Dm_00020045-RA	AT1G57820.1	N/A	57.835	619	230	5	8	601	6	618	0.0	733
Dm_00020529-RA	AT3G18440.1	N/A	60.204	588	207	8	1	574	1	575	0.0	683
Dm_00007863-RA	AT3G12220.3	N/A	44.391	419	152	6	42	442	21	376	5.86e-116	345
Dm_00007864-RA	AT3G12203.2	N/A	42.298	383	129	3	154	485	38	379	5.10e-94	290
Dm_00008241-RA	AT3G05910.1	N/A	71.060	349	101	0	38	386	66	414	0.0	557
Dm_00017305-RA	AT4G27610.1	N/A	48.974	341	130	7	1	304	1	334	4.09e-96	287
Dm_00017827-RA	AT2G29050.1	N/A	56.533	398	163	2	1	398	1	388	1.32e-160	457
Dm_00017810-RA	AT3G01170.1	N/A	48.325	209	89	5	1	201	1	198	2.53e-63	197
Dm_00018165-RA	AT4G33700.1	N/A	66.885	459	116	4	3	461	2	424	0.0	592
Dm_00011691-RA	AT5G35160.2	N/A	82.094	659	114	3	1	656	1	658	0.0	1097
Dm_00020109-RA	AT5G53190.1	N/A	64.493	138	49	0	1	138	100	237	3.16e-56	176
Dm_00020147-RA	AT4G34950.1	N/A	65.699	551	170	3	17	552	14	560	0.0	739
Dm_00020067-RA	AT2G32020.1	N/A	43.931	173	84	3	10	181	20	180	7.39e-48	154
Dm_00005032-RA	AT5G28640.1	N/A	55.769	208	52	7	19	210	27	210	4.77e-40	136
Dm_00019364-RA	AT5G49920.1	N/A	42.051	195	86	7	3	186	48	226	7.76e-35	128
Dm_00016095-RA	AT1G72650.1	N/A	37.127	536	274	12	21	546	138	620	8.73e-85	276
Dm_00016253-RA	AT4G37530.1	N/A	54.062	320	123	4	26	334	23	329	6.08e-119	346
Dm_00014362-RA	AT2G34640.1	N/A	62.937	429	135	5	93	507	26	444	0.0	523
Dm_00004086-RA	AT2G41900.1	N/A	54.533	728	263	20	1	707	34	714	0.0	692
Dm_00004087-RA	AT3G08040.1	N/A	62.037	540	163	5	6	533	11	520	0.0	608
Dm_00004090-RA	AT3G63530.2	N/A	50.794	126	30	1	15	140	140	233	3.78e-37	127
Dm_00005498-RA	AT3G48900.2	N/A	59.145	421	132	6	1	382	1	420	8.82e-169	486
Dm_00005500-RA	AT5G18580.1	N/A	83.617	470	43	2	14	450	1	469	0.0	808
Dm_00007624-RA	AT1G14420.1	N/A	56.511	407	158	4	11	402	12	414	3.84e-167	476
Dm_00007488-RA	AT4G01100.1	N/A	83.944	355	53	2	1	354	1	352	0.0	624
Dm_00007574-RA	AT1G01180.1	N/A	59.060	298	106	3	33	330	22	303	4.96e-127	366
Dm_00003284-RA	AT3G48190.3	N/A	61.765	204	78	0	14	217	113	316	3.35e-80	261
Dm_00003493-RA	AT4G29230.2	N/A	43.182	132	52	3	57	180	374	490	8.43e-25	100
Dm_00002279-RA	AT1G02065.2	N/A	66.667	57	19	0	10	66	177	233	2.07e-21	86.3
Dm_00002297-RA	AT5G01320.1	N/A	77.537	601	116	2	13	611	20	603	0.0	968
Dm_00002299-RA	AT4G18570.1	N/A	76.027	292	56	3	371	648	351	642	1.11e-143	432
Dm_00002301-RA	AT2G34070.1	N/A	62.291	358	119	6	20	375	42	385	9.76e-168	474
Dm_00003252-RA	AT3G26744.2	N/A	49.206	504	181	17	56	536	37	488	2.04e-112	343
Dm_00015871-RA	AT4G28980.1	N/A	57.652	477	191	8	12	481	6	478	0.0	524
Dm_00017587-RA	AT3G57650.1	N/A	68.889	405	106	4	1	403	1	387	0.0	566
Dm_00015414-RA	AT1G64500.1	N/A	46.933	375	180	9	1	366	1	365	3.68e-106	316
Dm_00012753-RA	AT3G01270.1	N/A	50.667	150	65	2	18	162	330	475	3.29e-44	152
Dm_00012590-RA	AT4G34215.1	N/A	67.220	241	68	5	32	264	22	259	6.17e-108	313
Dm_00012601-RA	AT2G40550.1	N/A	63.175	315	114	2	6	318	275	589	4.64e-141	411
Dm_00010954-RA	AT3G02300.2	N/A	66.186	485	118	6	1	468	12	467	0.0	611
Dm_00003188-RA	AT1G26330.1	N/A	37.313	469	221	18	10	468	9	414	4.39e-63	229
Dm_00002909-RA	AT2G43970.1	N/A	61.000	200	69	5	81	272	225	423	1.17e-68	225
Dm_00002910-RA	AT2G43980.1	N/A	61.377	334	119	4	70	401	157	482	8.09e-145	421
Dm_00002912-RA	AT1G05610.1	N/A	48.413	504	216	7	1	488	1	476	4.95e-163	470
Dm_00003446-RA	AT5G66450.2	N/A	54.190	179	78	1	3	181	53	227	4.91e-64	197
Dm_00003451-RA	AT1G75310.2	N/A	53.405	279	108	7	1156	1418	1151	1423	3.36e-65	244
Dm_00003447-RA	AT5G66460.1	N/A	63.084	428	155	2	3	430	2	426	0.0	556
Dm_00013925-RA	AT1G29800.2	N/A	76.116	448	104	3	57	502	50	496	0.0	709
Dm_00011114-RA	AT2G02850.1	N/A	46.565	131	67	1	1	131	1	128	1.25e-41	134
Dm_00014071-RA	AT3G57680.1	N/A	69.488	449	121	4	3	436	71	518	0.0	649
Dm_00020177-RA	AT3G06250.2	N/A	46.957	115	61	0	65	179	362	476	1.01e-31	120
Dm_00004901-RA	AT5G63960.1	N/A	75.554	1129	218	7	5	1128	20	1095	0.0	1754
Dm_00004734-RA	AT4G26860.1	N/A	70.370	243	62	3	1	234	1	242	2.10e-118	338
Dm_00007915-RA	AT4G38970.1	N/A	85.464	399	56	2	1	398	1	398	0.0	702
Dm_00006803-RA	AT5G54540.1	N/A	30.037	273	133	8	70	333	74	297	2.18e-22	95.5
Dm_00007612-RA	AT1G74690.1	N/A	42.000	600	303	20	1	577	1	578	3.55e-101	318
Dm_00006748-RA	AT1G67280.1	N/A	75.385	130	28	2	49	177	41	167	4.36e-64	202
Dm_00015745-RA	AT4G22890.2	N/A	67.314	309	94	2	1	309	1	302	3.07e-148	418
Dm_00013838-RA	AT2G45470.1	N/A	65.449	356	107	4	1	342	1	354	1.66e-158	451
Dm_00014661-RA	AT1G64320.2	N/A	28.843	527	296	15	88	583	138	616	3.81e-26	113
Dm_00019508-RA	AT1G53120.1	N/A	66.535	254	81	1	9	262	51	300	1.25e-124	357
Dm_00016911-RA	AT2G17890.1	N/A	71.631	564	121	6	1	535	1	554	0.0	804
Dm_00019801-RA	AT1G65810.2	N/A	45.006	871	397	13	34	873	22	841	0.0	704
Dm_00009896-RA	AT5G59250.1	N/A	81.182	457	86	0	34	490	102	558	0.0	733
Dm_00008676-RA	AT2G32230.2	N/A	49.061	426	193	4	328	740	157	571	4.09e-120	375
Dm_00008740-RA	AT5G20740.1	N/A	45.665	173	83	5	37	203	33	200	3.26e-40	136
Dm_00002601-RA	AT3G01430.1	N/A	34.737	190	86	8	3	172	2	173	1.93e-22	89.4
Dm_00002605-RA	AT5G62890.1	N/A	80.593	371	70	1	44	412	162	532	0.0	614
Dm_00002894-RA	AT1G61260.1	N/A	37.912	364	173	13	1	335	5	344	3.54e-57	189
Dm_00002400-RA	AT5G36790.2	N/A	77.534	365	71	5	8	368	4	361	0.0	545
Dm_00016936-RA	AT4G30080.1	N/A	48.910	826	263	25	1	824	1	669	0.0	666
Dm_00020101-RA	AT1G02370.1	N/A	36.627	415	230	5	7	390	85	497	2.29e-85	276
Dm_00012912-RA	AT5G08100.1	N/A	79.683	315	59	1	1	315	2	311	0.0	506
Dm_00014512-RA	AT2G37650.2	N/A	52.890	692	265	16	71	748	58	702	0.0	647
Dm_00004147-RA	AT5G04000.1	N/A	62.687	67	25	0	113	179	47	113	6.20e-24	91.3
Dm_00004918-RA	AT5G62810.1	N/A	53.571	224	92	5	23	242	24	239	4.73e-56	194
Dm_00004920-RA	AT1G70420.1	N/A	33.459	266	116	9	84	325	39	267	1.80e-27	108
Dm_00004653-RA	AT3G50410.1	N/A	35.517	290	133	9	1	273	1	253	6.10e-36	129
Dm_00004421-RA	AT4G38180.1	N/A	30.581	327	177	9	33	324	67	378	9.31e-38	148
Dm_00005093-RA	AT5G13980.3	N/A	48.498	233	91	2	6	209	460	692	1.19e-66	220
Dm_00005492-RA	AT1G73720.1	N/A	85.098	510	75	1	4	513	3	511	0.0	932
Dm_00006077-RA	AT2G46240.1	N/A	30.419	549	293	19	161	656	261	773	1.73e-38	156
Dm_00010511-RA	AT1G58350.4	N/A	64.130	552	179	4	109	656	257	793	0.0	719
Dm_00013941-RA	AT2G24820.1	N/A	77.094	406	92	1	23	427	133	538	0.0	674
Dm_00016313-RA	AT2G39450.1	N/A	83.200	375	62	1	40	413	20	394	0.0	585
Dm_00018090-RA	AT1G66400.1	N/A	48.366	153	70	1	13	165	10	153	2.47e-45	146
Dm_00008110-RA	AT1G71980.1	N/A	53.333	405	166	4	22	423	41	425	6.10e-120	357
Dm_00008191-RA	AT3G27890.1	N/A	70.103	194	58	0	1	194	1	194	1.65e-97	281
Dm_00007036-RA	AT4G21210.1	N/A	64.187	363	120	4	51	404	42	403	7.91e-165	468
Dm_00005347-RA	AT5G66420.2	N/A	68.855	716	215	5	4	712	40	754	0.0	922
Dm_00008080-RA	AT3G56200.1	N/A	53.364	431	200	1	5	435	2	431	6.58e-165	471
Dm_00012629-RA	AT5G15790.5	N/A	57.407	216	83	6	116	324	13	226	1.35e-73	227
Dm_00012578-RA	AT1G68660.1	N/A	86.047	86	12	0	16	101	74	159	4.59e-52	160
Dm_00012363-RA	AT1G19600.1	N/A	63.802	384	105	4	12	395	2	351	7.93e-170	479
Dm_00012365-RA	AT5G42800.1	N/A	73.765	324	85	0	9	332	6	329	0.0	518
Dm_00012269-RA	AT1G50450.1	N/A	74.809	393	99	0	35	427	36	428	0.0	613
Dm_00018033-RA	AT2G46660.1	N/A	62.727	550	180	9	6	553	3	529	0.0	666
Dm_00018265-RA	AT3G04680.3	N/A	69.952	416	119	4	1	412	1	414	0.0	621
Dm_00019285-RA	AT1G74730.1	N/A	74.359	156	40	0	3	158	43	198	1.59e-62	191
Dm_00016930-RA	AT2G17550.2	N/A	37.089	639	286	20	358	968	150	700	4.89e-93	311
Dm_00017580-RA	AT1G78080.1	N/A	50.481	208	76	5	126	331	147	329	6.07e-56	185
Dm_00018141-RA	AT2G39710.1	N/A	62.413	431	152	7	7	432	16	441	0.0	536
Dm_00011152-RA	AT1G11910.2	N/A	66.543	538	149	2	2	539	11	517	0.0	752
Dm_00012088-RA	AT1G58215.1	N/A	46.354	960	443	27	1	911	1	937	0.0	715
Dm_00010413-RA	AT5G45790.2	N/A	55.107	421	167	7	14	427	32	437	9.38e-159	456
Dm_00011447-RA	AT5G38880.1	N/A	67.658	807	248	8	1	807	1	794	0.0	1078
Dm_00011573-RA	AT5G06580.1	N/A	65.691	615	158	6	1	610	1	567	0.0	806
Dm_00009220-RA	AT2G39730.1	N/A	80.652	460	87	2	9	467	16	474	0.0	779
Dm_00011537-RA	AT1G16860.1	N/A	72.385	478	128	4	14	491	1	474	0.0	711
Dm_00011375-RA	AT3G15030.2	N/A	45.140	463	196	17	150	597	1	420	5.57e-83	266
Dm_00011940-RA	AT2G12400.1	N/A	64.419	430	144	2	1	422	98	526	0.0	566
Dm_00012808-RA	AT1G22380.1	N/A	38.259	494	274	11	9	496	12	480	3.31e-109	333
Dm_00012140-RA	AT3G13960.1	N/A	40.959	271	123	10	3	245	5	266	1.14e-52	179
Dm_00013206-RA	AT4G13590.1	N/A	62.981	208	30	2	67	273	178	339	1.24e-81	250
Dm_00011001-RA	AT5G13140.1	N/A	48.538	171	76	2	37	195	37	207	5.62e-47	160
Dm_00011187-RA	AT2G37260.1	N/A	44.191	482	194	18	1	469	1	420	1.95e-103	315
Dm_00002420-RA	AT5G67270.1	N/A	60.756	344	102	7	1	327	1	328	9.09e-135	391
Dm_00002417-RA	AT3G50120.1	N/A	59.563	549	187	7	1000	1535	3	529	0.0	666
Dm_00002512-RA	AT1G52510.1	N/A	78.338	337	69	1	89	421	32	368	0.0	561
Dm_00002864-RA	AT1G10380.2	N/A	54.511	266	109	9	127	390	27	282	1.60e-90	276
Dm_00002270-RA	AT3G51480.1	N/A	53.398	927	401	8	11	935	3	900	0.0	1048
Dm_00002265-RA	AT4G35530.1	N/A	57.647	85	32	1	12	92	108	192	8.60e-30	105
Dm_00002273-RA	AT2G17500.1	N/A	56.848	387	151	3	1	385	1	373	1.03e-162	463
Dm_00002110-RA	AT5G27320.1	N/A	50.448	335	109	6	2	282	12	343	1.39e-97	290
Dm_00007433-RA	AT1G20020.1	N/A	78.108	370	73	4	1	363	1	369	0.0	586
Dm_00008087-RA	AT5G18120.2	N/A	39.932	293	110	7	1	288	8	239	5.28e-58	186
Dm_00007414-RA	AT5G48250.1	N/A	51.208	414	151	9	5	409	1	372	2.07e-130	380
Dm_00009736-RA	AT4G21380.1	N/A	50.992	857	361	15	377	1203	23	850	0.0	847
Dm_00009737-RA	AT1G11330.2	N/A	68.217	129	41	0	63	191	630	758	3.24e-53	191
Dm_00011296-RA	AT3G01510.1	N/A	68.998	529	154	4	66	592	70	590	0.0	747
Dm_00008709-RA	AT2G20880.1	N/A	64.706	136	36	3	172	307	147	270	1.16e-46	165
Dm_00009988-RA	AT1G35530.4	N/A	43.346	1578	575	44	3	1502	5	1341	0.0	1028
Dm_00009840-RA	AT1G60010.1	N/A	43.299	194	89	3	1	194	1	173	7.88e-45	147
Dm_00009838-RA	AT1G43760.1	N/A	29.895	475	266	10	40	502	173	592	3.86e-55	195
Dm_00009087-RA	AT2G03710.3	N/A	90.164	61	6	0	1	61	1	61	9.09e-37	121
Dm_00005975-RA	AT5G63980.1	N/A	74.096	332	79	4	98	422	22	353	2.83e-174	491
Dm_00007628-RA	AT3G27820.1	N/A	82.278	237	42	0	1	237	1	237	3.06e-135	389
Dm_00015928-RA	AT4G10490.1	N/A	40.514	311	172	6	52	354	39	344	8.97e-76	238
Dm_00000579-RA	AT3G05345.1	N/A	57.676	241	79	4	25	248	10	244	3.10e-95	280
Dm_00000591-RA	AT5G27620.3	N/A	62.214	262	83	2	2	249	22	281	1.55e-112	326
Dm_00000605-RA	AT3G05480.1	N/A	57.568	403	147	6	3	402	1	382	1.86e-162	464
Dm_00000612-RA	AT3G05520.1	N/A	69.178	292	90	0	15	306	17	308	1.62e-161	452
Dm_00001139-RA	AT1G74970.1	N/A	70.918	196	46	2	24	219	23	207	1.75e-93	272
Dm_00004166-RA	AT3G49500.5	N/A	64.730	1205	413	7	1	1202	1	1196	0.0	1611
Dm_00003376-RA	AT2G46210.1	N/A	44.660	103	54	1	25	127	136	235	4.61e-23	94.7
Dm_00000629-RA	AT5G25530.2	N/A	68.103	348	95	5	1	343	1	337	3.43e-165	464
Dm_00017367-RA	AT2G07050.1	N/A	48.966	145	63	4	1	144	1	135	2.05e-39	140
Dm_00013986-RA	AT5G25880.1	N/A	81.261	571	107	0	43	613	17	587	0.0	981
Dm_00012384-RA	AT3G61080.1	N/A	74.695	328	73	2	14	341	9	326	0.0	519
Dm_00012028-RA	AT4G34020.1	N/A	60.345	406	146	3	79	482	79	471	3.85e-172	493
Dm_00015350-RA	AT5G20510.1	N/A	72.308	260	64	3	1	252	1	260	2.89e-125	356
Dm_00016795-RA	AT5G07240.1	N/A	39.320	206	86	5	107	304	85	259	5.12e-27	113
Dm_00001974-RA	AT4G30390.1	N/A	58.333	84	35	0	1	84	1	84	2.24e-30	103
Dm_00001972-RA	AT5G16520.1	N/A	50.476	630	265	10	8	616	3	606	0.0	614
Dm_00002188-RA	AT1G69390.1	N/A	57.143	238	87	6	1	233	1	228	6.05e-79	237
Dm_00002018-RA	AT3G04470.1	N/A	68.095	630	169	11	1	626	1	602	0.0	812
Dm_00002028-RA	AT1G72160.1	N/A	61.364	352	126	3	152	500	144	488	1.91e-155	452
Dm_00001548-RA	AT2G31740.1	N/A	53.450	797	317	10	21	815	16	760	0.0	801
Dm_00005338-RA	AT5G47390.1	N/A	62.185	357	102	13	1	330	1	351	1.65e-127	369
Dm_00005288-RA	AT1G79740.4	N/A	29.381	388	260	6	105	491	1	375	1.06e-48	178
Dm_00005287-RA	AT4G02900.2	N/A	68.913	460	143	0	14	473	137	596	0.0	670
Dm_00005289-RA	AT4G02900.3	N/A	57.917	240	62	2	1	240	1	201	7.40e-81	258
Dm_00004623-RA	AT5G16000.1	N/A	75.039	633	150	5	1	627	8	638	0.0	982
Dm_00004890-RA	AT2G04842.2	N/A	82.305	616	105	2	54	669	39	650	0.0	1083
Dm_00006044-RA	AT3G20500.1	N/A	78.406	389	84	0	4	392	49	437	0.0	666
Dm_00005227-RA	AT3G03190.1	N/A	50.000	166	80	1	3	168	50	212	1.11e-56	177
Dm_00005233-RA	AT1G65900.1	N/A	54.242	389	128	7	24	367	14	397	7.47e-142	409
Dm_00016683-RA	AT4G38180.1	N/A	41.791	134	76	2	7	139	214	346	2.50e-27	106
Dm_00016619-RA	AT5G51970.1	N/A	82.418	364	60	1	134	493	1	364	0.0	629
Dm_00010885-RA	AT1G14430.1	N/A	54.386	570	227	10	42	607	24	564	0.0	584
Dm_00010588-RA	AT5G26749.1	N/A	44.218	147	56	3	1	121	1	147	4.53e-37	123
Dm_00018536-RA	AT3G54200.1	N/A	47.407	135	68	3	31	164	75	207	8.64e-33	117
Dm_00004798-RA	AT1G02850.2	N/A	58.039	255	107	0	25	279	106	360	5.58e-107	320
Dm_00004701-RA	AT3G51440.1	N/A	47.658	363	180	4	12	370	10	366	1.43e-118	348
Dm_00004042-RA	AT3G04730.1	N/A	64.143	251	46	8	14	248	2	224	2.32e-96	282
Dm_00004045-RA	AT4G02590.2	N/A	56.908	304	104	9	16	305	17	307	4.01e-87	264
Dm_00004822-RA	AT4G35670.1	N/A	41.360	353	162	4	1	353	5	312	8.20e-92	280
Dm_00004504-RA	AT4G30080.1	N/A	50.202	743	261	26	15	746	16	660	0.0	610
Dm_00001219-RA	AT3G02830.1	N/A	54.137	423	122	10	69	467	16	390	1.83e-148	429
Dm_00001210-RA	AT3G02750.2	N/A	63.353	513	149	11	48	542	1	492	0.0	596
Dm_00001933-RA	AT2G01830.6	N/A	61.848	920	313	9	29	936	88	981	0.0	1106
Dm_00001932-RA	AT1G27320.1	N/A	54.737	95	41	1	11	105	944	1036	4.68e-28	106
Dm_00001948-RA	AT2G01660.3	N/A	52.766	235	99	4	1	230	1	228	1.14e-75	230
Dm_00001947-RA	AT1G24620.1	N/A	68.310	142	44	1	1	141	35	176	3.53e-63	192
Dm_00004291-RA	AT5G53020.8	N/A	36.784	821	381	22	22	822	5	707	2.85e-112	359
Dm_00003584-RA	AT3G13120.2	N/A	61.616	198	64	4	1	193	1	191	6.41e-68	206
Dm_00001831-RA	AT1G08720.1	N/A	51.833	1009	380	20	1	981	1	931	0.0	932
Dm_00001455-RA	AT2G18390.1	N/A	77.523	218	16	1	1	218	1	185	4.84e-108	308
Dm_00001459-RA	AT1G51700.1	N/A	37.356	174	89	4	40	213	33	186	8.54e-29	108
Dm_00002094-RA	AT4G16535.1	N/A	52.632	190	68	4	1	169	1	189	3.84e-45	153
Dm_00002152-RA	AT5G07660.1	N/A	67.376	282	85	1	13	287	5	286	9.33e-134	405
Dm_00007990-RA	AT5G49740.1	N/A	55.334	703	304	5	32	726	32	732	0.0	791
Dm_00006954-RA	AT5G03490.1	N/A	47.579	475	223	11	3	472	12	465	1.77e-148	432
Dm_00008476-RA	AT1G05850.1	N/A	71.523	302	86	0	7	308	12	313	2.57e-174	485
Dm_00009762-RA	AT4G34460.1	N/A	79.019	367	75	2	10	375	1	366	0.0	574
Dm_00017084-RA	AT5G40270.1	N/A	56.723	476	143	5	1	418	1	471	0.0	526
Dm_00016110-RA	AT5G14970.1	N/A	49.719	356	141	9	17	363	25	351	5.40e-101	303
Dm_00009045-RA	AT3G13690.1	N/A	61.394	746	216	15	1	721	1	699	0.0	857
Dm_00013294-RA	AT4G08150.1	N/A	72.170	212	49	7	8	215	192	397	5.24e-95	283
Dm_00012922-RA	AT3G27890.1	N/A	64.865	185	63	1	43	225	10	194	6.76e-87	256
Dm_00012472-RA	AT1G01650.1	N/A	72.472	534	135	5	20	546	12	540	0.0	783
Dm_00014996-RA	AT3G47950.2	N/A	88.491	530	58	2	219	746	432	960	0.0	982
Dm_00011652-RA	AT5G38660.1	N/A	77.835	194	42	1	1	193	83	276	3.42e-108	311
Dm_00015677-RA	AT3G24120.1	N/A	45.690	232	97	7	16	238	10	221	1.29e-53	176
Dm_00012775-RA	AT3G66658.2	N/A	79.160	595	121	1	1	592	1	595	0.0	1020
Dm_00012774-RA	AT3G62760.1	N/A	55.251	219	98	0	1	219	1	219	9.01e-88	259
Dm_00014119-RA	AT1G20696.1	N/A	67.692	130	35	3	1	128	1	125	4.90e-50	156
Dm_00009584-RA	AT5G64170.1	N/A	58.261	115	38	2	367	478	407	514	1.98e-31	128
Dm_00010529-RA	AT5G18440.2	N/A	40.840	262	115	9	331	579	204	438	2.26e-44	165
Dm_00017749-RA	AT3G53540.1	N/A	32.422	512	297	17	4	489	51	539	5.36e-49	184
Dm_00001070-RA	AT5G66880.2	N/A	75.661	378	74	4	1	377	1	361	0.0	578
Dm_00001076-RA	AT2G23530.1	N/A	54.392	296	102	8	14	307	15	279	1.98e-99	308
Dm_00001086-RA	AT4G36860.1	N/A	60.647	587	136	10	1	526	1	553	0.0	667
Dm_00000671-RA	AT5G45840.2	N/A	49.150	706	274	9	109	771	1	664	0.0	645
Dm_00000677-RA	AT1G29120.5	N/A	58.691	443	123	5	20	456	64	452	1.32e-163	469
Dm_00000696-RA	AT4G18480.1	N/A	80.879	387	72	1	24	408	35	421	0.0	615
Dm_00001824-RA	AT1G09340.1	N/A	83.481	339	56	0	37	375	34	372	0.0	607
Dm_00001816-RA	AT1G56500.1	N/A	67.554	601	168	5	1	583	1	592	0.0	827
Dm_00002061-RA	AT4G33200.4	N/A	78.648	651	131	2	1	643	9	659	0.0	1065
Dm_00002060-RA	AT4G33200.2	N/A	65.312	369	78	5	35	353	1073	1441	1.89e-147	454
Dm_00001593-RA	AT1G15110.2	N/A	64.777	494	80	4	56	549	29	428	0.0	626
Dm_00001590-RA	AT2G01110.1	N/A	70.845	343	90	4	2	343	7	340	4.20e-153	434
Dm_00002127-RA	AT2G05630.1	N/A	92.381	105	8	0	3	107	13	117	3.16e-69	203
Dm_00002138-RA	AT5G55470.1	N/A	59.878	491	163	8	3	486	63	526	0.0	563
Dm_00015742-RA	AT4G09320.1	N/A	80.870	115	22	0	2	116	34	148	3.85e-67	199
Dm_00007358-RA	AT5G64790.1	N/A	55.394	482	186	5	414	891	3	459	0.0	538
Dm_00010674-RA	AT1G59540.1	N/A	55.751	852	335	14	1	843	1	819	0.0	889
Dm_00008491-RA	AT2G26440.1	N/A	61.583	518	183	7	548	1049	29	546	0.0	652
Dm_00008493-RA	AT3G53690.1	N/A	50.725	207	100	2	3	208	109	314	3.99e-74	227
Dm_00010150-RA	AT3G44890.1	N/A	61.224	196	75	1	2	197	3	197	1.74e-81	241
Dm_00011562-RA	AT2G18050.1	N/A	66.279	86	29	0	55	140	11	96	4.10e-34	119
Dm_00010375-RA	AT4G00590.1	N/A	59.538	346	117	5	1	325	2	345	1.25e-140	404
Dm_00012358-RA	AT1G63840.1	N/A	39.041	146	81	5	1	144	1	140	2.94e-27	100
Dm_00010949-RA	AT4G03210.1	N/A	67.577	293	81	2	8	300	11	289	8.04e-156	437
Dm_00011945-RA	AT1G70580.1	N/A	83.576	481	70	1	2	473	1	481	0.0	838
Dm_00010279-RA	AT2G20210.1	N/A	44.344	442	192	7	2	441	215	604	1.05e-86	276
Dm_00011580-RA	AT3G01980.4	N/A	56.226	265	116	0	8	272	2	266	2.09e-112	325
Dm_00001173-RA	AT3G57190.1	N/A	41.429	210	107	4	79	274	44	251	4.87e-43	151
Dm_00001184-RA	AT1G10330.1	N/A	48.283	466	228	4	6	471	14	466	7.34e-151	438
Dm_00000017-RA	AT3G56370.1	N/A	59.568	972	375	6	1	969	5	961	0.0	1113
Dm_00000026-RA	AT5G01850.1	N/A	76.364	330	74	2	29	357	6	332	0.0	513
Dm_00000051-RA	AT5G01720.1	N/A	62.634	653	242	2	29	680	12	663	0.0	745
Dm_00017690-RA	AT1G06820.1	N/A	84.600	500	77	0	103	602	73	572	0.0	886
Dm_00017965-RA	AT5G14260.2	N/A	77.586	464	98	2	60	520	42	502	0.0	743
Dm_00017332-RA	AT1G48420.1	N/A	63.187	182	45	1	25	184	31	212	3.99e-69	215
Dm_00017438-RA	AT5G17670.1	N/A	72.932	266	65	3	48	312	33	292	5.63e-139	395
Dm_00015696-RA	AT5G51910.2	N/A	50.400	250	90	10	77	312	50	279	1.89e-62	201
Dm_00003788-RA	AT5G20410.1	N/A	79.524	420	86	0	43	462	49	468	0.0	686
Dm_00004067-RA	AT5G46240.1	N/A	52.180	757	272	11	1	750	1	674	0.0	762
Dm_00004049-RA	AT4G18170.1	N/A	82.022	89	16	0	123	211	148	236	2.21e-48	164
Dm_00004053-RA	AT1G29930.1	N/A	85.502	269	36	3	1	268	1	267	4.09e-166	461
Dm_00004066-RA	AT2G34510.1	N/A	72.527	364	94	3	53	412	39	400	0.0	549
Dm_00001882-RA	AT5G55930.1	N/A	67.680	724	234	0	27	750	32	755	0.0	1039
Dm_00001903-RA	AT5G56110.1	N/A	81.675	191	15	1	1	191	1	171	5.50e-112	328
Dm_00005944-RA	AT2G23390.2	N/A	55.263	228	86	1	114	325	39	266	2.42e-84	258
Dm_00005191-RA	AT2G32640.1	N/A	62.712	590	169	4	1	590	47	585	0.0	702
Dm_00005584-RA	AT1G12250.2	N/A	80.583	206	30	1	12	207	1	206	1.45e-119	338
Dm_00005004-RA	AT4G37380.1	N/A	41.026	156	83	2	219	371	1	150	8.61e-29	118
Dm_00009320-RA	AT5G43990.2	N/A	33.006	815	427	19	1	805	24	729	4.72e-123	388
Dm_00008856-RA	AT1G68830.1	N/A	77.636	550	118	3	28	575	16	562	0.0	872
Dm_00003763-RA	AT3G52170.4	N/A	67.816	87	28	0	1	87	1	87	3.63e-32	129
Dm_00004684-RA	AT1G49730.1	N/A	56.006	641	265	10	8	640	54	685	0.0	689
Dm_00004683-RA	AT1G79460.1	N/A	46.164	756	366	9	74	799	35	779	0.0	638
Dm_00004680-RA	AT4G38160.1	N/A	56.966	323	137	2	64	384	5	327	3.42e-139	400
Dm_00003472-RA	AT2G21240.2	N/A	48.693	306	123	8	9	313	24	296	4.40e-89	270
Dm_00003476-RA	AT3G54010.1	N/A	71.854	437	92	4	1	437	1	406	0.0	642
Dm_00005229-RA	AT5G17230.1	N/A	75.434	403	91	4	27	424	22	421	0.0	607
Dm_00004645-RA	AT2G28260.1	N/A	52.288	612	265	9	129	730	43	637	0.0	649
Dm_00004640-RA	AT2G38660.3	N/A	66.667	330	104	2	39	368	28	351	2.51e-157	446
Dm_00004385-RA	AT3G57400.1	N/A	41.810	464	213	13	79	532	58	474	2.54e-87	278
Dm_00005449-RA	AT5G53760.2	N/A	54.653	591	157	13	20	527	9	571	0.0	583
Dm_00005448-RA	AT5G17690.2	N/A	52.222	90	42	1	117	206	100	188	3.71e-23	100
Dm_00005677-RA	AT5G47180.1	N/A	58.442	231	76	2	7	236	9	220	7.50e-93	272
Dm_00003961-RA	AT1G12480.1	N/A	61.760	591	173	9	13	595	8	553	0.0	668
Dm_00002078-RA	AT3G45310.1	N/A	73.626	364	90	3	1	364	1	358	0.0	573
Dm_00001761-RA	AT1G62910.1	N/A	29.815	540	373	2	202	741	83	616	2.42e-82	275
Dm_00001775-RA	AT2G05630.1	N/A	93.333	105	7	0	3	107	13	117	4.89e-70	205
Dm_00001663-RA	AT1G47128.1	N/A	67.489	446	135	5	9	451	13	451	0.0	588
Dm_00001665-RA	AT4G00340.1	N/A	29.588	801	475	21	47	828	30	760	3.49e-104	340
Dm_00001657-RA	AT2G39725.1	N/A	67.045	88	29	0	6	93	3	90	5.22e-36	117
Dm_00001830-RA	AT1G54570.1	N/A	59.767	686	264	6	22	703	25	702	0.0	825
Dm_00018940-RA	AT1G66200.1	N/A	84.270	356	56	0	1	356	1	356	0.0	644
Dm_00017541-RA	AT5G48800.1	N/A	69.231	624	147	9	33	653	22	603	0.0	831
Dm_00011069-RA	AT4G02940.1	N/A	54.722	360	142	10	22	364	194	549	4.35e-116	349
Dm_00012674-RA	AT1G43670.1	N/A	85.813	289	41	0	61	349	53	341	0.0	523
Dm_00012675-RA	AT1G43670.1	N/A	96.226	53	2	0	1	53	1	53	1.17e-31	112
Dm_00013121-RA	AT5G17910.1	N/A	39.797	691	307	21	1	640	1	633	4.10e-95	337
Dm_00012784-RA	AT1G36320.1	N/A	47.714	350	156	4	93	439	77	402	2.64e-109	329
Dm_00013656-RA	AT5G14680.1	N/A	73.188	138	37	0	54	191	4	141	6.19e-77	228
Dm_00007196-RA	AT1G32470.1	N/A	64.737	190	43	1	16	205	1	166	3.81e-79	234
Dm_00007251-RA	AT4G39670.1	N/A	62.209	172	59	2	21	186	26	197	7.37e-73	219
Dm_00007438-RA	AT4G33630.3	N/A	47.539	711	326	11	11	702	1	683	0.0	554
Dm_00006466-RA	AT4G21450.2	N/A	66.990	103	28	1	52	154	74	170	1.30e-41	140
Dm_00021055-RA	AT4G13700.1	N/A	69.048	462	113	2	28	488	15	447	0.0	682
Dm_00021068-RA	AT1G63800.1	N/A	76.596	188	37	2	1	184	1	185	1.60e-103	295
Dm_00010098-RA	AT1G43260.1	N/A	34.722	144	92	2	71	213	39	181	6.39e-27	109
Dm_00009536-RA	AT1G75500.2	N/A	62.183	394	96	6	1	346	1	389	9.85e-169	475
Dm_00009535-RA	AT1G75510.1	N/A	67.200	250	73	3	19	259	7	256	1.45e-120	345
Dm_00009534-RA	AT4G39090.1	N/A	67.895	380	107	4	1	378	1	367	0.0	536
Dm_00009695-RA	AT3G26720.1	N/A	79.961	509	96	2	3	505	1	509	0.0	857
Dm_00001557-RA	AT5G41770.1	N/A	79.429	700	143	1	3	702	7	705	0.0	1138
Dm_00001585-RA	AT3G51730.1	N/A	52.000	175	81	2	2	175	31	203	4.66e-60	186
Dm_00001420-RA	AT5G50180.1	N/A	74.706	340	80	1	18	351	7	346	0.0	545
Dm_00001419-RA	AT5G03415.1	N/A	55.380	316	89	4	18	328	23	291	4.82e-105	314
Dm_00001423-RA	AT4G24730.2	N/A	69.903	309	92	1	9	317	2	309	2.76e-160	450
Dm_00001433-RA	AT3G55740.1	N/A	42.105	228	130	2	34	259	24	251	1.30e-56	191
Dm_00001437-RA	AT5G61640.1	N/A	60.894	179	69	1	12	190	25	202	3.05e-75	224
Dm_00001475-RA	AT1G32900.1	N/A	65.008	603	192	3	24	625	26	610	0.0	811
Dm_00001486-RA	AT1G64660.1	N/A	72.082	437	116	2	10	446	11	441	0.0	644
Dm_00017887-RA	AT2G28100.1	N/A	51.599	469	205	6	37	499	29	481	1.24e-167	483
Dm_00013090-RA	AT3G63520.1	N/A	72.212	565	123	5	18	577	3	538	0.0	847
Dm_00014151-RA	AT3G09060.1	N/A	54.307	685	312	1	1	684	1	685	0.0	791
Dm_00011166-RA	AT2G31040.1	N/A	50.716	349	126	7	97	415	1	333	2.68e-108	323
Dm_00010907-RA	AT4G29070.2	N/A	59.641	223	80	6	18	233	35	254	1.21e-89	265
Dm_00007168-RA	AT1G75380.1	N/A	55.159	252	96	1	90	341	72	306	1.09e-96	291
Dm_00007334-RA	AT5G60600.1	N/A	83.401	741	122	1	10	750	1	740	0.0	1303
Dm_00006620-RA	AT1G34110.1	N/A	69.216	1072	306	9	16	1078	12	1068	0.0	1330
Dm_00017180-RA	AT4G37480.1	N/A	52.670	412	184	6	270	675	109	515	1.49e-144	433
Dm_00007308-RA	AT3G02720.1	N/A	74.870	386	96	1	1	385	1	386	0.0	609
Dm_00007305-RA	AT5G37020.2	N/A	64.554	773	226	16	90	832	14	768	0.0	913
Dm_00007545-RA	AT1G76700.1	N/A	70.055	364	86	4	1	342	1	363	6.13e-172	484
Dm_00005884-RA	AT5G65670.2	N/A	50.654	306	95	4	10	262	5	307	1.81e-96	290
Dm_00006985-RA	AT4G38670.3	N/A	65.637	259	79	4	1	258	2	251	1.60e-119	343
Dm_00006645-RA	AT3G07700.2	N/A	75.802	686	145	8	1	680	1	671	0.0	1057
Dm_00004079-RA	AT1G21880.1	N/A	70.130	231	66	1	15	242	5	235	2.09e-110	325
Dm_00008774-RA	AT3G29200.1	N/A	69.173	266	76	1	12	271	73	338	1.83e-131	381
Dm_00008773-RA	AT3G58760.5	N/A	68.718	390	121	1	79	467	112	501	0.0	555
Dm_00010337-RA	AT1G15740.1	N/A	64.390	615	184	5	8	621	5	585	0.0	674
Dm_00008876-RA	AT1G78070.1	N/A	72.543	346	94	1	29	373	104	449	0.0	533
Dm_00018880-RA	AT4G36020.2	N/A	35.971	278	112	6	7	241	10	264	1.89e-29	111
Dm_00007120-RA	AT5G43745.1	N/A	62.544	283	94	4	132	414	90	360	9.36e-123	375
Dm_00013236-RA	AT4G34530.1	N/A	64.901	151	38	4	257	393	154	303	5.84e-56	189
Dm_00013238-RA	AT3G48530.1	N/A	27.483	433	229	13	37	438	38	416	4.89e-38	144
Dm_00012897-RA	AT5G65760.1	N/A	53.788	396	177	3	48	443	58	447	5.92e-155	449
Dm_00001329-RA	AT1G06390.1	N/A	87.760	384	42	3	1	384	1	379	0.0	699
Dm_00001337-RA	AT5G51340.1	N/A	55.907	728	275	5	1	684	1	726	0.0	776
Dm_00002212-RA	AT2G01390.1	N/A	46.809	564	293	4	28	588	18	577	0.0	525
Dm_00002224-RA	AT3G21790.1	N/A	42.942	503	254	11	422	913	2	482	1.18e-124	386
Dm_00015542-RA	AT3G16730.1	N/A	46.207	725	306	18	36	743	6	663	0.0	561
Dm_00011425-RA	AT1G54350.1	N/A	65.217	552	159	9	1	548	160	682	0.0	698
Dm_00015239-RA	AT3G22440.1	N/A	67.636	516	149	8	1	513	1	501	0.0	675
Dm_00013494-RA	AT3G42170.2	N/A	29.882	676	411	16	32	684	14	649	1.08e-86	286
Dm_00015583-RA	AT1G19660.1	N/A	52.786	341	120	4	1	318	1	323	1.13e-124	360
Dm_00019896-RA	AT4G02290.1	N/A	74.148	499	123	1	19	511	18	516	0.0	766
Dm_00019803-RA	AT4G11860.1	N/A	46.387	692	286	13	11	685	28	651	0.0	541
Dm_00018732-RA	AT5G54980.1	N/A	56.250	160	70	0	12	171	26	185	1.37e-58	182
Dm_00018731-RA	AT4G21970.1	N/A	43.195	169	64	5	177	345	12	148	5.11e-27	105
Dm_00018485-RA	AT2G45750.1	N/A	63.750	640	206	6	32	665	7	626	0.0	860
Dm_00018649-RA	AT5G19780.1	N/A	86.897	435	37	2	1	415	1	435	0.0	751
Dm_00017127-RA	AT1G73380.1	N/A	45.320	406	180	7	2	402	63	431	6.80e-113	337
Dm_00017157-RA	AT2G38090.1	N/A	65.741	216	56	6	1	204	1	210	1.86e-94	281
Dm_00001151-RA	AT1G75080.2	N/A	61.398	329	94	9	14	324	22	335	7.62e-101	300
Dm_00000206-RA	AT4G27870.1	N/A	40.343	233	106	3	362	576	543	760	9.52e-41	158
Dm_00000204-RA	AT3G49550.1	N/A	70.213	141	37	3	74	211	1	139	1.34e-66	209
Dm_00001353-RA	AT3G01400.1	N/A	75.843	356	80	4	1	355	3	353	0.0	528
Dm_00001371-RA	AT2G18420.1	N/A	70.492	61	18	0	49	109	34	94	2.19e-24	89.0
Dm_00001866-RA	AT5G08750.9	N/A	53.782	357	108	7	34	368	31	352	2.69e-121	355
Dm_00001679-RA	AT5G61520.1	N/A	55.601	491	210	3	12	497	17	504	0.0	561
Dm_00020468-RA	AT1G21780.1	N/A	67.077	325	107	0	1	325	1	325	7.32e-167	467
Dm_00020530-RA	AT3G15090.1	N/A	66.213	367	119	2	5	370	4	366	2.67e-176	494
Dm_00020345-RA	AT1G50320.1	N/A	71.552	116	32	1	80	194	66	181	1.10e-57	179
Dm_00020497-RA	AT5G58070.1	N/A	74.866	187	45	2	1	186	1	186	8.23e-102	291
Dm_00020460-RA	AT1G16720.1	N/A	77.976	504	102	3	166	664	99	598	0.0	803
Dm_00018587-RA	AT3G21260.3	N/A	51.366	183	75	3	1	177	1	175	2.85e-59	185
Dm_00017724-RA	AT5G13640.1	N/A	73.585	689	163	4	1	688	1	671	0.0	1040
Dm_00019117-RA	AT3G11260.1	N/A	47.938	194	68	8	15	190	2	180	1.23e-46	151
Dm_00018540-RA	AT3G14830.3	N/A	52.228	404	146	9	1	368	1	393	2.08e-122	362
Dm_00005781-RA	AT1G80380.2	N/A	68.074	379	117	3	131	508	81	456	0.0	550
Dm_00006917-RA	AT1G67180.5	N/A	36.306	314	141	8	65	356	89	365	4.08e-53	180
Dm_00006371-RA	AT1G06520.1	N/A	49.246	597	253	18	2	569	5	580	1.52e-178	517
Dm_00006304-RA	AT1G27450.4	N/A	76.552	145	34	0	1	145	1	145	1.05e-78	232
Dm_00004357-RA	AT4G18360.1	N/A	47.727	396	107	5	14	345	2	361	7.08e-117	343
Dm_00004866-RA	AT2G19330.1	N/A	62.829	304	92	4	16	317	96	380	7.47e-129	373
Dm_00003438-RA	AT4G38900.1	N/A	50.247	607	197	28	1	591	1	518	8.30e-145	432
Dm_00007678-RA	AT4G35730.1	N/A	53.132	431	163	12	1	397	37	462	8.60e-130	381
Dm_00000512-RA	AT5G37020.1	N/A	56.150	878	279	20	47	899	1	797	0.0	840
Dm_00000502-RA	AT2G42975.1	N/A	55.155	194	73	4	1	187	1	187	1.32e-53	169
Dm_00001029-RA	AT3G24460.1	N/A	66.332	398	120	2	11	407	18	402	0.0	559
Dm_00001032-RA	AT3G24430.1	N/A	82.713	457	71	2	85	541	76	524	0.0	783
Dm_00001048-RA	AT2G26900.1	N/A	74.157	445	78	5	1	444	1	409	0.0	605
Dm_00000951-RA	AT5G62000.3	N/A	60.186	859	302	12	1	832	1	846	0.0	1009
Dm_00000954-RA	AT1G28110.2	N/A	78.009	432	95	0	482	913	30	461	0.0	734
Dm_00000965-RA	AT5G50860.1	N/A	58.900	618	193	15	1	599	1	576	0.0	657
Dm_00006798-RA	AT3G03710.1	N/A	77.318	604	135	1	70	673	74	675	0.0	927
Dm_00006066-RA	AT2G03480.1	N/A	61.563	627	176	5	27	609	1	606	0.0	775
Dm_00006070-RA	AT1G13820.1	N/A	63.804	326	97	2	27	352	23	327	1.48e-152	433
Dm_00004802-RA	AT1G64430.2	N/A	59.055	381	148	4	89	466	71	446	1.09e-162	471
Dm_00006226-RA	AT2G30080.1	N/A	61.394	373	104	5	1	365	1	341	2.44e-150	427
Dm_00005025-RA	AT2G39220.1	N/A	70.149	469	110	7	12	474	37	481	0.0	644
Dm_00008954-RA	AT1G10310.1	N/A	64.758	227	61	3	2	223	6	218	6.70e-101	293
Dm_00009180-RA	AT1G75560.2	N/A	50.000	184	78	3	119	299	84	256	2.03e-49	165
Dm_00010233-RA	AT3G26900.1	N/A	58.049	205	83	1	55	256	76	280	4.13e-78	241
Dm_00010636-RA	AT1G72710.1	N/A	75.054	465	104	7	1	455	1	463	0.0	677
Dm_00010274-RA	AT5G23050.1	N/A	68.194	720	224	3	8	724	4	721	0.0	988
Dm_00001377-RA	AT2G36290.1	N/A	62.865	342	127	0	1	342	17	358	1.07e-165	466
Dm_00001396-RA	AT3G11540.1	N/A	79.640	889	165	5	131	1004	11	898	0.0	1475
Dm_00001854-RA	AT4G24830.1	N/A	80.088	452	68	3	39	485	57	491	0.0	764
Dm_00020737-RA	AT3G63200.1	N/A	66.062	386	120	6	5	384	4	384	0.0	513
Dm_00014823-RA	AT1G53210.1	N/A	55.889	433	170	4	1	414	153	583	9.28e-156	452
Dm_00013762-RA	AT4G31980.1	N/A	40.654	428	228	11	1	417	267	679	1.25e-92	293
Dm_00013168-RA	AT2G46210.1	N/A	62.640	447	167	0	2	448	3	449	0.0	616
Dm_00003481-RA	AT2G14910.1	N/A	66.456	316	87	5	77	387	77	378	5.62e-136	394
Dm_00003862-RA	AT5G12010.1	N/A	70.509	373	98	5	138	509	141	502	0.0	555
Dm_00003863-RA	AT4G33080.1	N/A	72.340	470	97	5	23	475	16	469	0.0	690
Dm_00003973-RA	AT5G56750.1	N/A	72.581	372	74	2	61	431	1	345	0.0	550
Dm_00020691-RA	AT4G27190.1	N/A	27.459	925	591	29	104	993	72	951	1.51e-63	234
Dm_00020009-RA	AT1G44760.1	N/A	61.883	223	68	5	7	229	8	213	1.66e-89	263
Dm_00019168-RA	AT4G02780.1	N/A	53.096	646	265	11	1	646	195	802	0.0	642
Dm_00020739-RA	AT1G17520.4	N/A	42.705	281	150	5	1	272	1	279	7.69e-49	164
Dm_00020687-RA	AT3G51510.1	N/A	64.493	138	46	1	48	185	47	181	4.97e-56	175
Dm_00020723-RA	AT4G18710.2	N/A	87.850	107	13	0	1	107	35	141	4.70e-67	203
Dm_00010849-RA	AT5G42760.1	N/A	62.611	337	115	3	9	337	11	344	9.24e-151	428
Dm_00000523-RA	AT3G04870.1	N/A	83.254	418	67	2	35	452	16	430	0.0	736
Dm_00000544-RA	AT3G05030.2	N/A	74.147	557	121	4	6	561	9	543	0.0	820
Dm_00020216-RA	AT4G08455.1	N/A	53.043	230	92	3	51	278	43	258	5.49e-72	227
Dm_00018765-RA	AT1G55270.1	N/A	69.340	424	114	6	9	432	11	418	0.0	601
Dm_00017027-RA	AT3G44110.1	N/A	71.508	179	43	1	28	198	190	368	2.65e-85	258
Dm_00006855-RA	AT3G53180.1	N/A	57.189	932	282	13	4	919	2	832	0.0	1017
Dm_00006780-RA	AT1G06390.1	N/A	78.818	406	43	4	1	372	1	397	0.0	634
Dm_00006155-RA	AT1G06840.1	N/A	57.073	410	136	5	204	584	555	953	9.44e-142	434
Dm_00006156-RA	AT5G01950.7	N/A	64.000	100	35	1	9	108	33	131	1.34e-39	139
Dm_00005564-RA	AT1G19260.1	N/A	38.312	462	182	7	26	387	83	541	1.76e-92	294
Dm_00018777-RA	AT1G06150.1	N/A	51.754	342	149	4	382	710	394	732	3.24e-93	306
Dm_00017620-RA	AT4G32810.1	N/A	65.422	509	168	5	71	573	64	570	0.0	728
Dm_00018648-RA	AT4G27310.1	N/A	68.889	90	28	0	1	90	1	90	3.75e-38	132
Dm_00011199-RA	AT5G12470.1	N/A	73.519	287	76	0	106	392	98	384	1.33e-157	449
Dm_00014645-RA	AT1G60230.1	N/A	80.057	351	70	0	18	368	106	456	0.0	597
Dm_00003520-RA	AT3G53990.1	N/A	53.947	152	70	0	1	152	1	152	7.25e-58	177
Dm_00004201-RA	AT1G01230.1	N/A	81.757	148	27	0	1	148	1	148	8.29e-91	261
Dm_00013933-RA	AT2G47890.1	N/A	41.854	356	149	11	14	338	4	332	3.49e-76	239
Dm_00013384-RA	AT5G07020.1	N/A	74.359	78	19	1	50	126	103	180	5.10e-30	109
Dm_00004353-RA	AT1G64810.1	N/A	55.990	384	126	4	180	521	52	434	1.56e-147	432
Dm_00004310-RA	AT3G46130.1	N/A	60.408	245	86	6	1	236	3	245	2.45e-86	257
Dm_00011942-RA	AT1G78060.1	N/A	63.263	754	243	7	28	757	22	765	0.0	985
Dm_00009380-RA	AT3G23200.1	N/A	61.644	146	56	0	6	151	6	151	1.40e-56	174
Dm_00011567-RA	AT2G03220.1	N/A	55.611	606	217	7	1	602	1	558	0.0	675
Dm_00011833-RA	AT1G77690.1	N/A	85.021	474	65	2	1	472	1	470	0.0	803
Dm_00011931-RA	AT5G40740.1	N/A	67.940	733	219	8	109	830	1	728	0.0	949
Dm_00011466-RA	AT1G10760.1	N/A	64.669	1418	410	12	90	1501	67	1399	0.0	1773
Dm_00010554-RA	AT4G16490.1	N/A	65.066	458	142	7	1	446	1	452	0.0	547
Dm_00012845-RA	AT1G22540.1	N/A	59.489	548	207	6	25	570	19	553	0.0	624
Dm_00013005-RA	AT1G08730.2	N/A	82.919	884	151	0	10	893	4	887	0.0	1580
Dm_00012266-RA	AT4G29820.1	N/A	67.179	195	64	0	81	275	28	222	1.98e-99	290
Dm_00011100-RA	AT1G78600.1	N/A	46.957	345	131	11	1	341	1	297	1.95e-81	251
Dm_00002869-RA	AT5G63100.1	N/A	67.206	247	79	2	64	309	49	294	5.86e-101	306
Dm_00004434-RA	AT3G14870.1	N/A	49.222	514	214	16	27	539	1	468	1.06e-152	446
Dm_00004491-RA	AT2G31600.3	N/A	44.351	239	120	3	8	244	61	288	1.02e-62	199
Dm_00003463-RA	AT4G33520.1	N/A	63.551	107	32	2	183	288	136	236	4.62e-38	136
Dm_00000665-RA	AT2G25940.1	N/A	69.325	489	137	5	5	493	3	478	0.0	699
Dm_00000261-RA	AT3G09850.1	N/A	39.853	818	352	26	61	825	50	780	6.26e-134	417
Dm_00000298-RA	AT3G48540.1	N/A	65.217	230	58	1	1	230	1	208	1.68e-105	306
Dm_00000520-RA	AT5G65310.2	N/A	47.656	128	65	1	53	180	17	142	1.90e-33	120
Dm_00017117-RA	AT1G22850.2	N/A	70.698	215	51	2	103	315	65	269	8.50e-96	288
Dm_00012741-RA	AT3G24550.1	N/A	71.582	373	92	3	191	553	252	620	0.0	560
Dm_00015001-RA	AT1G06780.1	N/A	45.512	635	246	9	43	664	40	587	0.0	539
Dm_00008085-RA	AT3G03530.1	N/A	61.610	534	190	3	1	519	1	534	0.0	681
Dm_00000076-RA	AT5G25360.3	N/A	41.558	154	79	5	3	151	67	214	5.61e-24	93.6
Dm_00000127-RA	AT4G35790.2	N/A	60.115	870	263	14	5	809	7	857	0.0	1060
Dm_00000150-RA	AT1G20560.1	N/A	69.134	554	169	1	1	552	3	556	0.0	806
Dm_00008260-RA	AT4G37260.1	N/A	49.104	279	108	7	13	264	10	281	1.29e-75	234
Dm_00008426-RA	AT1G14740.1	N/A	49.193	805	309	25	18	812	16	730	0.0	660
Dm_00005644-RA	AT1G51405.1	N/A	38.795	531	256	19	2	513	7	487	8.85e-89	281
Dm_00013154-RA	AT2G22400.1	N/A	59.950	794	279	14	9	783	11	784	0.0	946
Dm_00011841-RA	AT3G08900.1	N/A	81.783	258	45	1	49	304	94	351	2.29e-161	454
Dm_00012303-RA	AT2G19160.1	N/A	56.218	386	160	4	19	403	15	392	4.90e-165	468
Dm_00005367-RA	AT2G44410.1	N/A	41.102	236	97	6	8	234	10	212	5.95e-44	159
Dm_00000718-RA	AT5G46110.2	N/A	90.950	221	20	0	1	221	71	291	1.02e-149	418
Dm_00000720-RA	AT2G33855.1	N/A	58.219	146	59	2	796	941	1	144	4.53e-41	148
Dm_00000872-RA	AT5G55930.1	N/A	68.138	725	229	2	22	745	32	755	0.0	1033
Dm_00000869-RA	AT5G47230.1	N/A	55.224	201	72	5	178	378	118	300	8.48e-58	190
Dm_00000878-RA	AT5G47390.1	N/A	61.538	377	111	11	1	355	1	365	6.58e-134	386
Dm_00000893-RA	AT4G16650.1	N/A	75.941	478	108	3	45	518	33	507	0.0	746
Dm_00000416-RA	AT5G54090.1	N/A	48.965	821	334	6	93	904	50	794	0.0	744
Dm_00000428-RA	AT5G42090.1	N/A	71.531	418	115	4	27	442	24	439	0.0	600
Dm_00013684-RA	AT1G68360.1	N/A	40.000	195	68	8	1	167	1	174	2.94e-30	112
Dm_00017769-RA	AT3G60160.3	N/A	66.690	1429	464	5	14	1437	41	1462	0.0	1964
Dm_00017763-RA	AT4G23010.1	N/A	75.802	343	79	2	5	343	3	345	0.0	516
Dm_00017964-RA	AT4G23640.1	N/A	56.088	772	298	4	9	744	9	775	0.0	859
Dm_00017738-RA	AT5G59340.1	N/A	54.762	126	41	1	15	140	8	117	1.84e-38	135
Dm_00018073-RA	AT3G22380.3	N/A	38.462	1742	746	76	1	1607	1	1551	0.0	657
Dm_00003460-RA	AT1G59870.1	N/A	63.706	1441	466	7	8	1419	31	1443	0.0	1934
Dm_00004182-RA	AT5G47230.1	N/A	43.629	259	104	7	177	418	59	292	3.87e-51	174
Dm_00004179-RA	AT4G16835.1	N/A	61.755	604	223	4	52	655	61	656	0.0	764
Dm_00010813-RA	AT1G75250.2	N/A	71.014	69	18	2	1	67	1	69	3.82e-28	97.1
Dm_00010799-RA	AT4G38180.1	N/A	33.198	247	142	2	5	249	329	554	1.21e-39	148
Dm_00012743-RA	AT3G55800.1	N/A	78.788	396	80	4	1	395	1	393	0.0	615
Dm_00007232-RA	AT5G61480.1	N/A	60.526	988	349	15	44	1021	49	1005	0.0	1157
Dm_00006564-RA	AT3G01910.1	N/A	77.717	368	82	0	91	458	26	393	0.0	613
Dm_00006434-RA	AT4G02020.1	N/A	49.767	430	150	8	201	609	471	855	3.31e-126	392
Dm_00006020-RA	AT5G20420.1	N/A	61.499	787	282	12	514	1289	483	1259	0.0	962
Dm_00017577-RA	AT3G55320.1	N/A	81.184	1419	240	8	1	1409	1	1402	0.0	2312
Dm_00015108-RA	AT1G74350.1	N/A	56.124	743	316	5	116	848	9	751	0.0	831
Dm_00017614-RA	AT4G11610.2	N/A	59.494	1027	381	7	1	1013	2	1007	0.0	1266
Dm_00014879-RA	AT1G48310.1	N/A	67.915	614	150	6	105	672	47	659	0.0	849
Dm_00014629-RA	AT4G27430.2	N/A	36.118	1221	562	47	1	1167	1	1057	3.33e-174	541
Dm_00014754-RA	AT4G14760.2	N/A	34.855	1796	1012	27	1	1759	35	1709	0.0	793
Dm_00013063-RA	AT3G18520.2	N/A	59.920	499	148	6	73	546	47	518	0.0	526
Dm_00007705-RA	AT3G22960.1	N/A	84.411	263	41	0	6	268	334	596	6.82e-160	457
Dm_00007702-RA	AT3G22960.1	N/A	84.466	206	32	0	99	304	91	296	4.54e-128	381
Dm_00007846-RA	AT5G20280.1	N/A	69.188	1084	286	14	1	1079	1	1041	0.0	1492
Dm_00008518-RA	AT1G19660.1	N/A	52.581	310	123	3	1	287	1	309	3.56e-109	319
Dm_00016525-RA	AT1G10750.1	N/A	73.107	383	98	2	90	472	90	467	0.0	609
Dm_00016581-RA	AT5G09660.2	N/A	68.627	306	36	2	4	249	5	310	9.10e-138	404
Dm_00001015-RA	AT4G28088.1	N/A	75.806	62	15	0	1	62	1	62	2.19e-27	94.7
Dm_00000918-RA	AT4G01800.1	N/A	86.056	710	99	0	3	712	268	977	0.0	1283
Dm_00000917-RA	AT4G01800.3	N/A	77.232	224	47	1	70	293	61	280	1.85e-112	348
Dm_00000200-RA	AT4G35580.3	N/A	53.008	266	114	6	1	263	1	258	4.10e-84	271
Dm_00000215-RA	AT5G17170.1	N/A	57.609	276	92	8	1	256	1	271	5.55e-89	265
Dm_00000222-RA	AT1G54130.1	N/A	45.274	201	98	3	129	329	207	395	5.79e-39	155
Dm_00000221-RA	AT1G50240.2	N/A	48.988	1482	559	21	1	1450	1	1317	0.0	1258
Dm_00000241-RA	AT3G13960.1	N/A	64.286	112	36	2	22	129	16	127	1.52e-46	166
Dm_00000240-RA	AT5G16690.2	N/A	51.587	252	107	3	79	323	171	414	4.21e-75	249
Dm_00001128-RA	AT5G48460.1	N/A	72.688	692	149	4	1	690	1	654	0.0	1036
Dm_00001125-RA	AT5G48500.1	N/A	44.218	147	66	6	2	143	9	144	8.29e-30	106
Dm_00001271-RA	AT2G41140.1	N/A	79.758	578	114	3	10	586	1	576	0.0	953
Dm_00001282-RA	AT3G12600.1	N/A	66.082	171	58	0	1	171	1	171	2.84e-70	211
Dm_00011240-RA	AT2G32180.1	N/A	69.343	137	33	3	13	147	10	139	1.49e-61	186
Dm_00013692-RA	AT3G10850.1	N/A	57.471	87	36	1	43	128	103	189	2.82e-27	102
Dm_00008459-RA	AT2G25290.1	N/A	54.188	764	311	14	1	749	1	740	0.0	783
Dm_00018979-RA	AT3G62410.1	N/A	66.197	71	20	3	60	126	43	113	2.66e-21	84.0
Dm_00012772-RA	AT2G47160.1	N/A	77.637	711	147	4	3	708	1	704	0.0	1113
Dm_00010433-RA	AT1G62960.1	N/A	61.142	543	187	9	21	548	24	557	0.0	657
